3295.00001500543 2.100501e-17
3297.979901531563 1.24844e-17
3300.9597880576957 2.3755806e-18
3303.9396745838285 1.27024295e-17
3306.9195611099613 1.7212864e-17
3309.899447636094 1.1543618e-17
3312.8793341622268 5.494366e-18
3315.8592206883595 5.771196e-18
3318.8391072144923 1.8258737e-17
3321.818993740625 1.7475428e-17
3324.798880266758 8.671279e-18
3327.7787667928906 9.487635e-18
3330.7586533190233 1.0709434e-17
3333.738539845156 3.3698635e-18
3336.718426371289 5.5759175e-19
3339.6983128974216 1.2643004e-17
3342.6781994235544 1.7689904e-17
3345.658085949687 1.9409499e-17
3348.63797247582 1.7882134e-17
3351.6178590019526 1.6509622e-17
3354.5977455280854 9.427167e-18
3357.577632054218 4.4478585e-18
3360.557518580351 1.5543948e-18
3363.5374051064837 1.0604496e-17
3366.5172916326164 2.073265e-17
3369.497178158749 1.4427269e-17
3372.477064684882 1.12265275e-17
3375.4569512110147 2.0533174e-17
3378.4368377371475 1.8455743e-17
3381.4167242632802 1.3507842e-17
3384.396610789413 8.947963e-18
3387.3764973155457 3.1087352e-18
3390.3563838416785 1.1259834e-18
3393.3362703678113 3.9686587e-18
3396.316156893944 8.358037e-18
3399.296043420077 1.2331365e-17
3402.2759299462095 1.2232702e-17
3405.2558164723423 8.173478e-18
3408.235702998475 4.422641e-18
3411.215589524608 9.10686e-18
3414.1954760507406 1.5393485e-17
3417.1753625768733 1.173638e-17
3420.155249103006 7.924599e-18
3423.135135629139 1.33164755e-17
3426.1150221552716 1.4359521e-17
3429.0949086814044 6.6309817e-18
3432.074795207537 3.1722625e-18
3435.05468173367 7.406137e-18
3438.0345682598027 1.1085051e-17
3441.0144547859354 1.1568391e-17
3443.994341312068 1.108954e-17
3446.974227838201 1.0683932e-17
3449.9541143643337 1.07171026e-17
3452.9340008904665 8.141254e-18
3455.913887416599 8.1485165e-18
3458.893773942732 1.030876e-17
3461.8736604688647 7.9599756e-18
3464.8535469949975 6.8346323e-18
3467.8334335211302 1.075414e-17
3470.813320047263 1.0781113e-17
3473.7932065733958 7.648148e-18
3476.7730930995285 1.0707013e-17
3479.7529796256613 1.5886368e-17
3482.732866151794 1.5761538e-17
3485.712752677927 1.1341175e-17
3488.6926392040596 8.506957e-18
3491.6725257301923 1.2531311e-17
3494.652412256325 1.2856492e-17
3497.632298782458 7.043902e-18
3500.6121853085906 7.904877e-18
3503.5920718347234 9.971143e-18
3506.571958360856 1.1185756e-17
3509.551844886989 1.4608458e-17
3512.5317314131216 1.6263565e-17
3515.5116179392544 1.0491986e-17
3518.491504465387 3.2996992e-18
3521.47139099152 3.6176835e-18
3524.4512775176527 8.787361e-18
3527.4311640437854 1.0945145e-17
3530.411050569918 1.3094856e-17
3533.390937096051 1.5161666e-17
3536.3708236221837 1.3396687e-17
3539.3507101483165 1.1139965e-17
3542.330596674449 8.204423e-18
3545.310483200582 3.588388e-18
3548.2903697267147 2.9151811e-18
3551.2702562528475 9.163866e-18
3554.2501427789803 1.1762045e-17
3557.230029305113 8.1437495e-18
3560.209915831246 8.922774e-18
3563.1898023573785 1.15432815e-17
3566.1696888835113 1.1126045e-17
3569.149575409644 7.023893e-18
3572.129461935777 2.847996e-18
3575.1093484619096 2.4222512e-18
3578.0892349880423 5.6606376e-18
3581.069121514175 8.728565e-18
3584.049008040308 8.4805815e-18
3587.0288945664406 9.4347964e-18
3590.0087810925734 1.5551742e-17
3592.988667618706 1.5389647e-17
3595.968554144839 7.61317e-18
3598.9484406709716 5.1731995e-18
3601.9283271971044 1.1801663e-17
3604.908213723237 1.3995405e-17
3607.88810024937 8.8666904e-18
3610.8679867755027 1.09147e-17
3613.8478733016354 1.3213826e-17
3616.827759827768 1.073204e-17
3619.807646353901 8.100918e-18
3622.7875328800337 1.0145051e-17
3625.7674194061665 1.3237653e-17
3628.7473059322992 1.5244848e-17
3631.727192458432 1.27364366e-17
3634.7070789845648 1.05152515e-17
3637.6869655106975 1.346789e-17
3640.6668520368303 1.4873118e-17
3643.646738562963 1.29725925e-17
3646.626625089096 1.1920998e-17
3649.6065116152286 1.2053587e-17
3652.5863981413613 1.2404324e-17
3655.566284667494 1.3255055e-17
3658.546171193627 1.23507686e-17
3661.5260577197596 1.2877363e-17
3664.5059442458924 1.4492272e-17
3667.485830772025 1.3154899e-17
3670.465717298158 8.90587e-18
3673.4456038242906 7.775882e-18
3676.4254903504234 1.1963618e-17
3679.405376876556 1.3123183e-17
3682.385263402689 1.0319222e-17
3685.3651499288217 1.1361979e-17
3688.3450364549544 1.0320816e-17
3691.324922981087 6.931172e-18
3694.30480950722 6.487213e-18
3697.2846960333527 7.541651e-18
3700.2645825594855 1.1610527e-17
3703.244469085618 1.2652471e-17
3706.224355611751 7.765873e-18
3709.2042421378837 4.4722616e-18
3712.1841286640165 5.6877597e-18
3715.1640151901493 9.297959e-18
3718.143901716282 9.914523e-18
3721.123788242415 9.6505905e-18
3724.1036747685475 9.8637665e-18
3727.0835612946803 1.19089135e-17
3730.063447820813 1.563598e-17
3733.043334346946 1.57762e-17
3736.0232208730786 1.2653131e-17
3739.0031073992113 1.1086827e-17
3741.982993925344 1.1726963e-17
3744.962880451477 1.4050917e-17
3747.9427669776096 1.5951429e-17
3750.9226535037424 1.5106818e-17
3753.902540029875 1.1861564e-17
3756.882426556008 9.514917e-18
3759.8623130821406 9.954871e-18
3762.8421996082734 9.072345e-18
3765.822086134406 1.0123281e-17
3768.801972660539 1.4253596e-17
3771.7818591866717 1.4019775e-17
3774.7617457128044 1.0122767e-17
3777.741632238937 1.01764466e-17
3780.72151876507 1.4175507e-17
3783.7014052912027 1.6617342e-17
3786.6812918173355 1.7727399e-17
3789.6611783434682 1.6137663e-17
3792.641064869601 1.2006194e-17
3795.6209513957338 1.0276891e-17
3798.6008379218665 1.2573644e-17
3801.5807244479993 1.4579938e-17
3804.560610974132 1.5717543e-17
3807.540497500265 1.7197566e-17
3810.5203840263976 1.757668e-17
3813.5002705525303 1.5904399e-17
3816.480157078663 1.3053228e-17
3819.460043604796 1.3283323e-17
3822.4399301309286 1.419035e-17
3825.4198166570613 1.3650532e-17
3828.399703183194 1.3523288e-17
3831.379589709327 1.3643409e-17
3834.3594762354596 1.2775893e-17
3837.3393627615924 1.27518105e-17
3840.319249287725 1.392259e-17
3843.299135813858 1.3657421e-17
3846.2790223399907 1.1888631e-17
3849.2589088661234 1.2091199e-17
3852.238795392256 1.2972499e-17
3855.218681918389 1.1329607e-17
3858.1985684445217 9.804164e-18
3861.1784549706545 9.240878e-18
3864.158341496787 9.258241e-18
3867.13822802292 1.0397332e-17
3870.1181145490527 1.1277187e-17
3873.0980010751855 9.144867e-18
3876.0778876013183 6.6399525e-18
3879.057774127451 7.307143e-18
3882.0376606535838 8.745204e-18
3885.0175471797165 9.216969e-18
3887.9974337058493 8.141641e-18
3890.977320231982 6.997337e-18
3893.957206758115 6.3792173e-18
3896.9370932842476 6.771908e-18
3899.9169798103803 8.682131e-18
3902.896866336513 1.0496679e-17
3905.876752862646 1.1435649e-17
3908.8566393887786 1.08745754e-17
3911.8365259149114 1.0436341e-17
3914.816412441044 1.0792714e-17
3917.796298967177 1.2486365e-17
3920.7761854933096 1.25100116e-17
3923.7560720194424 1.12056e-17
3926.735958545575 1.1797516e-17
3929.715845071708 1.3842037e-17
3932.6957315978407 1.5582695e-17
3935.6756181239734 1.5182751e-17
3938.655504650106 1.4961548e-17
3941.635391176239 1.5261065e-17
3944.6152777023717 1.4354861e-17
3947.5951642285045 1.453686e-17
3950.5750507546372 1.6431124e-17
3953.55493728077 1.7868871e-17
3956.5348238069028 1.8337893e-17
3959.5147103330355 1.792269e-17
3962.4945968591683 1.7910163e-17
3965.474483385301 1.7951647e-17
3968.454369911434 1.8470003e-17
3971.4342564375665 1.9230768e-17
3974.4141429636993 1.9334842e-17
3977.394029489832 1.9403384e-17
3980.373916015965 1.9508532e-17
3983.3538025420976 1.904545e-17
3986.3336890682303 1.8329748e-17
3989.313575594363 1.7957651e-17
3992.293462120496 2.0731618e-17
3995.2733486466286 2.2799922e-17
3998.2532351727614 2.203663e-17
4001.233121698894 1.982071e-17
4004.213008225027 1.8096088e-17
4007.1928947511597 1.955572e-17
4010.1727812772924 2.202695e-17
4013.152667803425 2.3874975e-17
4016.132554329558 2.6188364e-17
4019.1124408556907 2.6077011e-17
4022.0923273818235 2.4893885e-17
4025.072213907956 2.5543938e-17
4028.052100434089 2.6265526e-17
4031.0319869602217 2.5830293e-17
4034.0118734863545 2.6158095e-17
4036.9917600124872 2.6975773e-17
4039.97164653862 2.786813e-17
4042.9515330647528 2.8589867e-17
4045.9314195908855 2.9169922e-17
4048.9113061170183 3.00674e-17
4051.891192643151 3.0639898e-17
4054.871079169284 3.214398e-17
4057.8509656954166 3.4214245e-17
4060.8308522215493 3.3400924e-17
4063.810738747682 3.1575932e-17
4066.790625273815 3.115896e-17
4069.7705117999476 3.193831e-17
4072.7503983260804 3.2809907e-17
4075.730284852213 3.2611344e-17
4078.710171378346 3.2043207e-17
4081.6900579044786 3.4069634e-17
4084.6699444306114 3.545204e-17
4087.649830956744 3.467899e-17
4090.629717482877 3.2935457e-17
4093.6096040090097 3.1041527e-17
4096.589490535142 3.1712914e-17
4099.569377061275 3.2081882e-17
4102.549263587408 3.05738e-17
4105.529150113541 3.0113818e-17
4108.5090366396735 3.02473e-17
4111.488923165806 2.904199e-17
4114.468809691939 2.7628402e-17
4117.448696218072 2.6902663e-17
4120.4285827442045 2.6340218e-17
4123.408469270337 2.6278484e-17
4126.38835579647 2.6164376e-17
4129.368242322603 2.5335963e-17
4132.3481288487355 2.4374642e-17
4135.328015374868 2.4272601e-17
4138.307901901001 2.3604168e-17
4141.287788427134 2.2591236e-17
4144.267674953267 2.356547e-17
4147.247561479399 2.5303015e-17
4150.227448005532 2.4671239e-17
4153.207334531665 2.2921332e-17
4156.187221057798 2.2342574e-17
4159.16710758393 2.2550507e-17
4162.146994110063 2.3018703e-17
4165.126880636196 2.2476977e-17
4168.106767162329 2.1899549e-17
4171.086653688461 2.2806815e-17
4174.066540214594 2.3241252e-17
4177.046426740727 2.1607167e-17
4180.02631326686 1.953097e-17
4183.006199792992 1.8427255e-17
4185.986086319125 1.9478009e-17
4188.965972845258 2.1048248e-17
4191.945859371391 2.0697459e-17
4194.9257458975235 1.989016e-17
4197.905632423656 1.9557182e-17
4200.885518949789 1.9601606e-17
4203.865405475922 1.9583832e-17
4206.8452920020545 1.9182492e-17
4209.825178528187 1.8532634e-17
4212.80506505432 1.8328977e-17
4215.784951580453 1.8494802e-17
4218.764838106586 1.7482679e-17
4221.744724632718 1.6982647e-17
4224.724611158851 1.6765684e-17
4227.704497684984 1.49381e-17
4230.684384211117 1.37062e-17
4233.664270737249 1.3989255e-17
4236.644157263382 1.4013821e-17
4239.624043789515 1.4115945e-17
4242.603930315648 1.4493561e-17
4245.58381684178 1.4417952e-17
4248.563703367913 1.3732652e-17
4251.543589894046 1.3664307e-17
4254.523476420179 1.4705822e-17
4257.503362946311 1.4872894e-17
4260.483249472444 1.4241112e-17
4263.463135998577 1.3973425e-17
4266.44302252471 1.4480617e-17
4269.4229090508425 1.3269066e-17
4272.402795576975 1.1641837e-17
4275.382682103108 1.2594061e-17
4278.362568629241 1.3464381e-17
4281.3424551553735 1.35469635e-17
4284.322341681506 1.3875369e-17
4287.302228207639 1.3366892e-17
4290.282114733772 1.2851009e-17
4293.2620012599045 1.4274115e-17
4296.241887786037 1.6179954e-17
4299.22177431217 1.6201293e-17
4302.201660838303 1.4786255e-17
4305.181547364436 1.4196019e-17
4308.161433890568 1.4695676e-17
4311.141320416701 1.5351751e-17
4314.121206942834 1.6015353e-17
4317.101093468967 1.5931055e-17
4320.080979995099 1.5379655e-17
4323.060866521232 1.4815428e-17
4326.040753047365 1.4397912e-17
4329.020639573498 1.4871553e-17
4332.00052609963 1.4755132e-17
4334.980412625763 1.4257841e-17
4337.960299151896 1.468774e-17
4340.940185678029 1.4034735e-17
4343.920072204161 1.3257404e-17
4346.899958730294 1.3193955e-17
4349.879845256427 1.36360335e-17
4352.85973178256 1.3741814e-17
4355.8396183086925 1.3797681e-17
4358.819504834825 1.3676423e-17
4361.799391360958 1.4032168e-17
4364.779277887091 1.4748111e-17
4367.7591644132235 1.560975e-17
4370.739050939356 1.6428947e-17
4373.718937465489 1.6185661e-17
4376.698823991622 1.6127544e-17
4379.678710517755 1.6459031e-17
4382.658597043887 1.4986149e-17
4385.63848357002 1.3848001e-17
4388.618370096153 1.4279794e-17
4391.598256622286 1.4000533e-17
4394.578143148418 1.3805052e-17
4397.558029674551 1.4644895e-17
4400.537916200684 1.5168573e-17
4403.517802726817 1.515324e-17
4406.497689252949 1.58632e-17
4409.477575779082 1.6428889e-17
4412.457462305215 1.5204228e-17
4415.437348831348 1.4658142e-17
4418.41723535748 1.6052e-17
4421.397121883613 1.7129564e-17
4424.377008409746 1.6176687e-17
4427.356894935879 1.5602747e-17
4430.3367814620115 1.5535891e-17
4433.316667988144 1.4846362e-17
4436.296554514277 1.4915833e-17
4439.27644104041 1.5536675e-17
4442.2563275665425 1.5847093e-17
4445.236214092675 1.558792e-17
4448.216100618808 1.6132217e-17
4451.195987144941 1.6720822e-17
4454.1758736710735 1.625445e-17
4457.155760197206 1.5694265e-17
4460.135646723339 1.5246403e-17
4463.115533249472 1.4979842e-17
4466.095419775605 1.5395643e-17
4469.075306301737 1.5564082e-17
4472.05519282787 1.4833959e-17
4475.035079354003 1.4495573e-17
4478.014965880136 1.5221232e-17
4480.994852406268 1.5527504e-17
4483.974738932401 1.5568452e-17
4486.954625458534 1.5778776e-17
4489.934511984667 1.5999901e-17
4492.914398510799 1.6499295e-17
4495.894285036932 1.6425926e-17
4498.874171563065 1.5020462e-17
4501.854058089198 1.4013124e-17
4504.83394461533 1.435357e-17
4507.813831141463 1.4170461e-17
4510.793717667596 1.359448e-17
4513.773604193729 1.385207e-17
4516.7534907198615 1.4739515e-17
4519.733377245994 1.5556028e-17
4522.713263772127 1.5506561e-17
4525.69315029826 1.5818512e-17
4528.6730368243925 1.6510634e-17
4531.652923350525 1.6720766e-17
4534.632809876658 1.7154536e-17
4537.612696402791 1.757377e-17
4540.592582928924 1.8175348e-17
4543.572469455056 1.8239553e-17
4546.552355981189 1.803111e-17
4549.532242507322 1.9613829e-17
4552.512129033455 2.1933117e-17
4555.492015559587 2.252954e-17
4558.47190208572 2.2530253e-17
4561.451788611853 2.2831991e-17
4564.431675137986 2.276621e-17
4567.411561664118 2.354201e-17
4570.391448190251 2.5221407e-17
4573.371334716384 2.7197143e-17
4576.351221242517 2.8028866e-17
4579.331107768649 2.7048733e-17
4582.310994294782 2.5585689e-17
4585.290880820915 2.5225182e-17
4588.270767347048 2.6377198e-17
4591.25065387318 2.74318e-17
4594.230540399313 2.8067658e-17
4597.210426925446 2.9178697e-17
4600.190313451579 2.970896e-17
4603.1701999777115 2.905335e-17
4606.150086503844 2.893748e-17
4609.129973029977 3.0014033e-17
4612.10985955611 3.077591e-17
4615.0897460822425 3.0458977e-17
4618.069632608375 3.0346712e-17
4621.049519134508 3.186289e-17
4624.029405660641 3.3544278e-17
4627.009292186774 3.367629e-17
4629.989178712906 3.35009e-17
4632.969065239039 3.5083413e-17
4635.948951765172 3.6709075e-17
4638.928838291305 3.651312e-17
4641.908724817437 3.6633364e-17
4644.88861134357 3.758863e-17
4647.868497869703 3.859125e-17
4650.848384395836 3.94807e-17
4653.828270921968 4.030344e-17
4656.808157448101 4.1652647e-17
4659.788043974234 4.432235e-17
4662.767930500367 4.5850628e-17
4665.747817026499 4.538642e-17
4668.727703552632 4.5933058e-17
4671.707590078765 4.770134e-17
4674.687476604898 4.8433466e-17
4677.6673631310305 4.9603034e-17
4680.647249657163 5.136918e-17
4683.627136183296 5.2605378e-17
4686.607022709429 5.310561e-17
4689.5869092355615 5.2600217e-17
4692.566795761694 5.3158825e-17
4695.546682287827 5.4501435e-17
4698.52656881396 5.4665693e-17
4701.5064553400925 5.38728e-17
4704.486341866225 5.3150305e-17
4707.466228392358 5.3763825e-17
4710.446114918491 5.4686677e-17
4713.426001444624 5.4884314e-17
4716.405887970756 5.5336662e-17
4719.385774496889 5.51665e-17
4722.365661023022 5.3260856e-17
4725.345547549155 5.105673e-17
4728.325434075287 4.9804882e-17
4731.30532060142 4.916942e-17
4734.285207127553 4.829296e-17
4737.265093653686 4.7317583e-17
4740.244980179818 4.6943334e-17
4743.224866705951 4.6764696e-17
4746.204753232084 4.573971e-17
4749.184639758217 4.465094e-17
4752.164526284349 4.4602833e-17
4755.144412810482 4.349663e-17
4758.124299336615 4.2216145e-17
4761.104185862748 4.2457963e-17
4764.0840723888805 4.2185334e-17
4767.063958915013 4.0502075e-17
4770.043845441146 3.8885638e-17
4773.023731967279 3.7746938e-17
4776.0036184934115 3.7591845e-17
4778.983505019544 3.82257e-17
4781.963391545677 3.773016e-17
4784.94327807181 3.6209252e-17
4787.923164597943 3.515124e-17
4790.903051124075 3.5316625e-17
4793.882937650208 3.5572727e-17
4796.862824176341 3.4387953e-17
4799.842710702474 3.2655046e-17
4802.822597228606 3.154495e-17
4805.802483754739 3.095174e-17
4808.782370280872 3.0691696e-17
4811.762256807005 3.0005414e-17
4814.742143333137 3.005014e-17
4817.72202985927 2.9989556e-17
4820.701916385403 2.956294e-17
4823.681802911536 2.9301282e-17
4826.661689437668 2.8942983e-17
4829.641575963801 2.843596e-17
4832.621462489934 2.8194947e-17
4835.601349016067 2.8849052e-17
4838.5812355421995 2.8601543e-17
4841.561122068332 2.8202382e-17
4844.541008594465 2.841624e-17
4847.520895120598 2.8931297e-17
4850.5007816467305 2.927289e-17
4853.480668172863 2.8421853e-17
4856.460554698996 2.8128697e-17
4859.440441225129 2.8872557e-17
4862.4203277512615 2.9051e-17
4865.400214277394 2.9506383e-17
4868.380100803527 3.0110718e-17
4871.35998732966 3.0339135e-17
4874.339873855793 3.0665008e-17
4877.319760381925 3.0988598e-17
4880.299646908058 3.135678e-17
4883.279533434191 3.2045258e-17
4886.259419960324 3.2699197e-17
4889.239306486456 3.3037835e-17
4892.219193012589 3.410405e-17
4895.199079538722 3.513324e-17
4898.178966064855 3.539456e-17
4901.158852590987 3.5740664e-17
4904.13873911712 3.644627e-17
4907.118625643253 3.684062e-17
4910.098512169386 3.7777557e-17
4913.078398695518 3.946788e-17
4916.058285221651 4.0564987e-17
4919.038171747784 4.0915632e-17
4922.018058273917 4.1125097e-17
4924.9979448000495 4.1245697e-17
4927.977831326182 4.2406198e-17
4930.957717852315 4.483287e-17
4933.937604378448 4.67882e-17
4936.9174909045805 4.801674e-17
4939.897377430713 4.8845558e-17
4942.877263956846 4.846107e-17
4945.857150482979 4.7408626e-17
4948.837037009112 4.761518e-17
4951.816923535244 4.8575096e-17
4954.796810061377 4.896799e-17
4957.77669658751 4.8667916e-17
4960.756583113643 4.898584e-17
4963.736469639775 5.0176726e-17
4966.716356165908 4.938525e-17
4969.696242692041 4.6967084e-17
4972.676129218174 4.6104424e-17
4975.656015744306 4.5532302e-17
4978.635902270439 4.487384e-17
4981.615788796572 4.600087e-17
4984.595675322705 4.697371e-17
4987.575561848837 4.5975215e-17
4990.55544837497 4.400179e-17
4993.535334901103 4.259337e-17
4996.515221427236 4.2353454e-17
4999.4951079533685 4.3186878e-17
5002.474994479501 4.3578942e-17
5005.454881005634 4.4730215e-17
5008.434767531767 4.590706e-17
5011.4146540578995 4.5491105e-17
5014.394540584032 4.663861e-17
5017.374427110165 4.8572618e-17
5020.354313636298 4.8778728e-17
5023.3342001624305 4.9003043e-17
5026.314086688563 5.088796e-17
5029.293973214696 5.2572255e-17
5032.273859740829 5.2203054e-17
5035.253746266962 5.2397845e-17
5038.233632793094 5.5469044e-17
5041.213519319227 5.8134915e-17
5044.19340584536 5.695441e-17
5047.173292371493 5.505722e-17
5050.153178897625 5.5155662e-17
5053.133065423758 5.6782746e-17
5056.112951949891 5.811715e-17
5059.092838476024 5.8672205e-17
5062.072725002156 5.964324e-17
5065.052611528289 5.9194117e-17
5068.032498054422 5.712856e-17
5071.012384580555 5.5735754e-17
5073.992271106687 5.382945e-17
5076.97215763282 5.0655647e-17
5079.952044158953 4.8767912e-17
5082.931930685086 4.860696e-17
5085.9118172112185 4.8712167e-17
5088.891703737351 4.7938524e-17
5091.871590263484 4.6211735e-17
5094.851476789617 4.5010183e-17
5097.8313633157495 4.434249e-17
5100.811249841882 4.238138e-17
5103.791136368015 4.027505e-17
5106.771022894148 3.96132e-17
5109.750909420281 3.8824308e-17
5112.730795946413 3.699095e-17
5115.710682472546 3.4917947e-17
5118.690568998679 3.339576e-17
5121.670455524812 3.2769822e-17
5124.650342050944 3.287396e-17
5127.630228577077 3.2508132e-17
5130.61011510321 3.0890636e-17
5133.590001629343 2.9033328e-17
5136.569888155475 2.8785548e-17
5139.549774681608 2.8941e-17
5142.529661207741 2.846344e-17
5145.509547733874 2.8458418e-17
5148.489434260006 2.8114595e-17
5151.469320786139 2.6524038e-17
5154.449207312272 2.5578084e-17
5157.429093838405 2.6433207e-17
5160.4089803645375 2.7274555e-17
5163.38886689067 2.730383e-17
5166.368753416803 2.7335049e-17
5169.348639942936 2.730503e-17
5172.3285264690685 2.7470173e-17
5175.308412995201 2.7506373e-17
5178.288299521334 2.6861967e-17
5181.268186047467 2.620958e-17
5184.2480725735995 2.6674672e-17
5187.227959099732 2.8340922e-17
5190.207845625865 2.882069e-17
5193.187732151998 2.881019e-17
5196.167618678131 3.0440885e-17
5199.147505204263 3.1374355e-17
5202.127391730396 3.0849833e-17
5205.107278256529 3.062392e-17
5208.087164782662 3.079754e-17
5211.067051308794 3.118795e-17
5214.046937834927 3.213597e-17
5217.02682436106 3.2042072e-17
5220.006710887193 3.092306e-17
5222.986597413325 3.0839953e-17
5225.966483939458 3.2377954e-17
5228.946370465591 3.4019847e-17
5231.926256991724 3.499973e-17
5234.906143517856 3.589176e-17
5237.886030043989 3.5860407e-17
5240.865916570122 3.5633346e-17
5243.845803096255 3.616197e-17
5246.8256896223875 3.6142773e-17
5249.80557614852 3.603696e-17
5252.785462674653 3.6611752e-17
5255.765349200786 3.6804753e-17
5258.7452357269185 3.6578258e-17
5261.725122253051 3.672504e-17
5264.705008779184 3.746856e-17
5267.684895305317 3.7996293e-17
5270.66478183145 3.7697267e-17
5273.644668357582 3.6701597e-17
5276.624554883715 3.583843e-17
5279.604441409848 3.6002424e-17
5282.584327935981 3.637751e-17
5285.564214462113 3.698791e-17
5288.544100988246 3.766047e-17
5291.523987514379 3.8185006e-17
5294.503874040512 3.8886148e-17
5297.483760566644 3.940597e-17
5300.463647092777 3.9954948e-17
5303.44353361891 4.0107285e-17
5306.423420145043 3.9466815e-17
5309.403306671175 3.9615513e-17
5312.383193197308 4.0411267e-17
5315.363079723441 3.9977067e-17
5318.342966249574 3.9209056e-17
5321.322852775706 3.93687e-17
5324.302739301839 3.962612e-17
5327.282625827972 3.9801777e-17
5330.262512354105 4.036536e-17
5333.2423988802375 4.1572453e-17
5336.22228540637 4.2852108e-17
5339.202171932503 4.3415643e-17
5342.182058458636 4.413701e-17
5345.1619449847685 4.4616322e-17
5348.141831510901 4.474452e-17
5351.121718037034 4.5257927e-17
5354.101604563167 4.5216713e-17
5357.0814910893 4.494411e-17
5360.061377615432 4.5278606e-17
5363.041264141565 4.7448906e-17
5366.021150667698 5.0515185e-17
5369.001037193831 5.1730228e-17
5371.980923719963 5.183689e-17
5374.960810246096 5.1732038e-17
5377.940696772229 5.1223427e-17
5380.920583298362 5.08396e-17
5383.900469824494 5.126291e-17
5386.880356350627 5.2179145e-17
5389.86024287676 5.302066e-17
5392.840129402893 5.374929e-17
5395.820015929025 5.364492e-17
5398.799902455158 5.3285e-17
5401.779788981291 5.399407e-17
5404.759675507424 5.515911e-17
5407.7395620335565 5.621643e-17
5410.719448559689 5.657085e-17
5413.699335085822 5.576387e-17
5416.679221611955 5.571151e-17
5419.6591081380875 5.6914466e-17
5422.63899466422 5.780252e-17
5425.618881190353 5.832153e-17
5428.598767716486 5.839452e-17
5431.5786542426185 5.7714026e-17
5434.558540768751 5.751567e-17
5437.538427294884 5.899582e-17
5440.518313821017 6.1110807e-17
5443.49820034715 6.152676e-17
5446.478086873282 6.0169674e-17
5449.457973399415 5.9258895e-17
5452.437859925548 5.890434e-17
5455.417746451681 5.8684646e-17
5458.397632977813 5.944354e-17
5461.377519503946 5.976545e-17
5464.357406030079 5.884483e-17
5467.337292556212 5.7658115e-17
5470.317179082344 5.5833805e-17
5473.297065608477 5.3790758e-17
5476.27695213461 5.2508502e-17
5479.256838660743 5.197677e-17
5482.236725186875 5.165905e-17
5485.216611713008 5.1669754e-17
5488.196498239141 5.2634948e-17
5491.176384765274 5.39323e-17
5494.1562712914065 5.437841e-17
5497.136157817539 5.3547487e-17
5500.116044343672 5.3123514e-17
5503.095930869805 5.4461426e-17
5506.0758173959375 5.553206e-17
5509.05570392207 5.565475e-17
5512.035590448203 5.6368143e-17
5515.015476974336 5.689201e-17
5517.995363500469 5.664593e-17
5520.975250026601 5.719213e-17
5523.955136552734 5.814063e-17
5526.935023078867 5.8612066e-17
5529.914909605 5.970459e-17
5532.894796131132 6.111595e-17
5535.874682657265 6.212702e-17
5538.854569183398 6.282804e-17
5541.834455709531 6.3258326e-17
5544.814342235663 6.4182816e-17
5547.794228761796 6.5676744e-17
5550.774115287929 6.697973e-17
5553.754001814062 6.6832355e-17
5556.733888340194 6.5737837e-17
5559.713774866327 6.5454716e-17
5562.69366139246 6.457554e-17
5565.673547918593 6.407905e-17
5568.6534344447255 6.7313186e-17
5571.633320970858 7.358725e-17
5574.613207496991 8.178164e-17
5577.593094023124 9.329634e-17
5580.5729805492565 1.0521967e-16
5583.552867075389 1.1215035e-16
5586.532753601522 1.1271764e-16
5589.512640127655 1.088726e-16
5592.4925266537875 1.0447387e-16
5595.47241317992 1.0279914e-16
5598.452299706053 1.02814097e-16
5601.432186232186 1.03612114e-16
5604.412072758319 1.0496484e-16
5607.391959284451 1.05842153e-16
5610.371845810584 1.0639812e-16
5613.351732336717 1.0601605e-16
5616.33161886285 1.043035e-16
5619.311505388982 1.0182811e-16
5622.291391915115 1.0074144e-16
5625.271278441248 1.01210604e-16
5628.251164967381 1.01507634e-16
5631.231051493513 1.0271384e-16
5634.210938019646 1.0401138e-16
5637.190824545779 1.045037e-16
5640.170711071912 1.0503942e-16
5643.150597598044 1.0520151e-16
5646.130484124177 1.0594824e-16
5649.11037065031 1.0660535e-16
5652.090257176443 1.0606676e-16
5655.0701437025755 1.0544072e-16
5658.050030228708 1.0484126e-16
5661.029916754841 1.03587285e-16
5664.009803280974 1.0276714e-16
5666.9896898071065 1.0345736e-16
5669.969576333239 1.03849085e-16
5672.949462859372 1.0375865e-16
5675.929349385505 1.05524536e-16
5678.909235911638 1.08271616e-16
5681.88912243777 1.10102306e-16
5684.869008963903 1.0986932e-16
5687.848895490036 1.0831573e-16
5690.828782016169 1.0869615e-16
5693.808668542301 1.1007492e-16
5696.788555068434 1.10584876e-16
5699.768441594567 1.0995363e-16
5702.7483281207 1.0854027e-16
5705.728214646832 1.08658114e-16
5708.708101172965 1.0843583e-16
5711.687987699098 1.06502204e-16
5714.667874225231 1.053517e-16
5717.647760751363 1.0480244e-16
5720.627647277496 1.04910344e-16
5723.607533803629 1.0574483e-16
5726.587420329762 1.0565059e-16
5729.5673068558945 1.04635694e-16
5732.547193382027 1.0373795e-16
5735.52707990816 1.037852e-16
5738.506966434293 1.0459987e-16
5741.4868529604255 1.05582214e-16
5744.466739486558 1.0603496e-16
5747.446626012691 1.04924373e-16
5750.426512538824 1.0313116e-16
5753.4063990649565 1.0163013e-16
5756.386285591089 1.0071393e-16
5759.366172117222 1.0045316e-16
5762.346058643355 9.8629006e-17
5765.325945169488 9.513076e-17
5768.30583169562 9.334856e-17
5771.285718221753 9.1391923e-17
5774.265604747886 8.7479624e-17
5777.245491274019 8.4898675e-17
5780.225377800151 8.2775123e-17
5783.205264326284 8.114474e-17
5786.185150852417 7.908151e-17
5789.16503737855 7.640178e-17
5792.144923904682 7.4355934e-17
5795.124810430815 7.100887e-17
5798.104696956948 6.778261e-17
5801.084583483081 6.642359e-17
5804.064470009213 6.5786144e-17
5807.044356535346 6.3345816e-17
5810.024243061479 5.99873e-17
5813.004129587612 5.8150996e-17
5815.9840161137445 5.658146e-17
5818.963902639877 5.4809305e-17
5821.94378916601 5.4391476e-17
5824.923675692143 5.447808e-17
5827.9035622182755 5.3858666e-17
5830.883448744408 5.2815198e-17
5833.863335270541 5.2330903e-17
5836.843221796674 5.3002786e-17
5839.823108322807 5.420843e-17
5842.802994848939 5.558831e-17
5845.782881375072 5.765233e-17
5848.762767901205 6.012127e-17
5851.742654427338 6.143216e-17
5854.72254095347 6.1172475e-17
5857.702427479603 6.0689e-17
5860.682314005736 6.106179e-17
5863.662200531869 6.219813e-17
5866.642087058001 6.2787e-17
5869.621973584134 6.201629e-17
5872.601860110267 6.0491315e-17
5875.5817466364 5.900375e-17
5878.561633162532 5.855243e-17
5881.541519688665 5.943349e-17
5884.521406214798 6.3073905e-17
5887.501292740931 6.9483244e-17
5890.481179267063 7.418953e-17
5893.461065793196 7.7607634e-17
5896.440952319329 8.068518e-17
5899.420838845462 8.170754e-17
5902.4007253715945 8.131677e-17
5905.380611897727 7.9710724e-17
5908.36049842386 7.7012844e-17
5911.340384949993 7.449713e-17
5914.3202714761255 7.4194197e-17
5917.300158002258 7.542763e-17
5920.280044528391 7.647041e-17
5923.259931054524 7.645599e-17
5926.239817580657 7.569433e-17
5929.219704106789 7.48252e-17
5932.199590632922 7.479671e-17
5935.179477159055 7.646616e-17
5938.159363685188 7.733943e-17
5941.13925021132 7.692149e-17
5944.119136737453 7.779239e-17
5947.099023263586 7.810741e-17
5950.078909789719 7.6899765e-17
5953.058796315851 7.697155e-17
5956.038682841984 7.7960575e-17
5959.018569368117 7.813335e-17
5961.99845589425 7.8520305e-17
5964.978342420382 7.964944e-17
5967.958228946515 7.970886e-17
5970.938115472648 7.8894244e-17
5973.918001998781 7.8700306e-17
5976.8978885249135 7.831323e-17
5979.877775051046 7.777778e-17
5982.857661577179 7.862112e-17
5985.837548103312 7.914724e-17
5988.8174346294445 7.830364e-17
5991.797321155577 7.69022e-17
5994.77720768171 7.542879e-17
5997.757094207843 7.513512e-17
6000.7369807339755 7.648879e-17
6003.716867260108 7.764043e-17
6006.696753786241 7.6732066e-17
6009.676640312374 7.4920746e-17
6012.656526838507 7.398737e-17
6015.636413364639 7.31925e-17
6018.616299890772 7.1483625e-17
6021.596186416905 7.009612e-17
6024.576072943038 6.9206344e-17
6027.55595946917 6.7319293e-17
6030.535845995303 6.432642e-17
6033.515732521436 6.207306e-17
6036.495619047569 6.203883e-17
6039.475505573701 6.511912e-17
6042.455392099834 6.989232e-17
6045.435278625967 7.298759e-17
6048.4151651521 7.421722e-17
6051.395051678232 7.5319255e-17
6054.374938204365 7.602913e-17
6057.354824730498 7.5809945e-17
6060.334711256631 7.442304e-17
6063.3145977827635 7.2977804e-17
6066.294484308896 7.297119e-17
6069.274370835029 7.2582644e-17
6072.254257361162 7.144496e-17
6075.2341438872945 7.2039676e-17
6078.214030413427 7.328142e-17
6081.19391693956 7.306976e-17
6084.173803465693 7.209708e-17
6087.153689991826 7.1186356e-17
6090.133576517958 7.046575e-17
6093.113463044091 7.0725914e-17
6096.093349570224 7.139866e-17
6099.073236096357 7.043626e-17
6102.053122622489 6.778825e-17
6105.033009148622 6.5777316e-17
6108.012895674755 6.620959e-17
6110.992782200888 6.720887e-17
6113.97266872702 6.757777e-17
6116.952555253153 6.789708e-17
6119.932441779286 6.727749e-17
6122.912328305419 6.555504e-17
6125.892214831551 6.3494165e-17
6128.872101357684 6.126818e-17
6131.851987883817 5.9057116e-17
6134.83187440995 5.810157e-17
6137.8117609360825 5.8305354e-17
6140.791647462215 5.8801596e-17
6143.771533988348 5.826953e-17
6146.751420514481 5.767081e-17
6149.7313070406135 5.740751e-17
6152.711193566746 5.8321573e-17
6155.691080092879 6.018545e-17
6158.670966619012 6.135115e-17
6161.6508531451445 6.071771e-17
6164.630739671277 6.0652145e-17
6167.61062619741 6.1708944e-17
6170.590512723543 6.1849565e-17
6173.570399249676 6.147671e-17
6176.550285775808 6.2534523e-17
6179.530172301941 6.3629664e-17
6182.510058828074 6.327051e-17
6185.489945354207 6.304652e-17
6188.469831880339 6.291284e-17
6191.449718406472 6.256678e-17
6194.429604932605 6.270651e-17
6197.409491458738 6.303203e-17
6200.38937798487 6.1914734e-17
6203.369264511003 6.004772e-17
6206.349151037136 5.9430406e-17
6209.329037563269 5.95714e-17
6212.308924089401 6.000231e-17
6215.288810615534 6.0423486e-17
6218.268697141667 5.893767e-17
6221.2485836678 5.721438e-17
6224.2284701939325 5.786532e-17
6227.208356720065 5.791265e-17
6230.188243246198 5.6972475e-17
6233.168129772331 5.796129e-17
6236.1480162984635 5.908869e-17
6239.127902824596 5.842703e-17
6242.107789350729 5.722189e-17
6245.087675876862 5.581871e-17
6248.067562402995 5.3900472e-17
6251.047448929127 5.2520175e-17
6254.02733545526 5.1334597e-17
6257.007221981393 4.9946297e-17
6259.987108507526 4.9934693e-17
6262.966995033658 5.0680873e-17
6265.946881559791 5.2524222e-17
6268.926768085924 5.2694955e-17
6271.906654612057 4.731764e-17
6274.886541138189 4.2871818e-17
6277.866427664322 4.2905193e-17
6280.846314190455 4.3976204e-17
6283.826200716588 4.2490713e-17
6286.80608724272 3.9899202e-17
6289.785973768853 3.9695918e-17
6292.765860294986 4.1109298e-17
6295.745746821119 4.2231726e-17
6298.7256333472515 4.244454e-17
6301.705519873384 4.1469476e-17
6304.685406399517 3.9184426e-17
6307.66529292565 3.6624947e-17
6310.6451794517825 3.6445263e-17
6313.625065977915 3.711563e-17
6316.604952504048 3.532685e-17
6319.584839030181 3.2931066e-17
6322.5647255563135 3.3671634e-17
6325.544612082446 3.607511e-17
6328.524498608579 3.5854746e-17
6331.504385134712 3.324517e-17
6334.484271660845 3.073773e-17
6337.464158186977 2.927581e-17
6340.44404471311 2.9094602e-17
6343.423931239243 3.0802644e-17
6346.403817765376 3.2758132e-17
6349.383704291508 3.3045363e-17
6352.363590817641 3.3759702e-17
6355.343477343774 3.6555745e-17
6358.323363869907 3.954158e-17
6361.303250396039 4.1155458e-17
6364.283136922172 4.2729864e-17
6367.263023448305 4.4417293e-17
6370.242909974438 4.4388166e-17
6373.22279650057 4.3200163e-17
6376.202683026703 4.2557367e-17
6379.182569552836 4.3652343e-17
6382.162456078969 4.5336807e-17
6385.1423426051015 4.5502127e-17
6388.122229131234 4.482021e-17
6391.102115657367 4.4847334e-17
6394.0820021835 4.63456e-17
6397.0618887096325 4.8972418e-17
6400.041775235765 5.019216e-17
6403.021661761898 4.8452657e-17
6406.001548288031 4.5815397e-17
6408.981434814164 4.533016e-17
6411.961321340296 4.6606426e-17
6414.941207866429 4.6798484e-17
6417.921094392562 4.6210402e-17
6420.900980918695 4.701449e-17
6423.880867444827 4.9235028e-17
6426.86075397096 5.10342e-17
6429.840640497093 5.150804e-17
6432.820527023226 5.073299e-17
6435.800413549358 5.0006234e-17
6438.780300075491 5.1056956e-17
6441.760186601624 5.233553e-17
6444.740073127757 5.2417377e-17
6447.719959653889 5.207119e-17
6450.699846180022 5.1502098e-17
6453.679732706155 5.0702003e-17
6456.659619232288 5.0135036e-17
6459.6395057584205 5.056421e-17
6462.619392284553 5.2229713e-17
6465.599278810686 5.3392854e-17
6468.579165336819 5.2554818e-17
6471.5590518629515 5.084348e-17
6474.538938389084 5.096366e-17
6477.518824915217 5.255423e-17
6480.49871144135 5.257489e-17
6483.4785979674825 5.0845892e-17
6486.458484493615 4.9905725e-17
6489.438371019748 5.15305e-17
6492.418257545881 5.5693707e-17
6495.398144072014 5.9466286e-17
6498.378030598146 5.945829e-17
6501.357917124279 5.678104e-17
6504.337803650412 5.498923e-17
6507.317690176545 5.4529735e-17
6510.297576702677 5.578302e-17
6513.27746322881 5.898508e-17
6516.257349754943 6.119377e-17
6519.237236281076 6.221483e-17
6522.217122807208 6.352038e-17
6525.197009333341 6.334994e-17
6528.176895859474 6.267701e-17
6531.156782385607 6.340137e-17
6534.136668911739 6.449281e-17
6537.116555437872 6.478813e-17
6540.096441964005 6.516768e-17
6543.076328490138 6.627562e-17
6546.0562150162705 6.6395776e-17
6549.036101542403 6.649906e-17
6552.015988068536 6.8033746e-17
6554.995874594669 6.8560786e-17
6557.9757611208015 6.831556e-17
6560.955647646934 7.054926e-17
6563.935534173067 7.416587e-17
6566.9154206992 7.601281e-17
6569.8953072253325 7.537713e-17
6572.875193751465 7.4202263e-17
6575.855080277598 7.455975e-17
6578.834966803731 7.641359e-17
6581.814853329864 7.877589e-17
6584.794739855996 8.050794e-17
6587.774626382129 8.057932e-17
6590.754512908262 8.031632e-17
6593.734399434395 8.1534564e-17
6596.714285960527 8.3601556e-17
6599.69417248666 8.4841354e-17
6602.674059012793 8.523067e-17
6605.653945538926 8.628371e-17
6608.633832065058 8.873241e-17
6611.613718591191 9.048526e-17
6614.593605117324 8.975197e-17
6617.573491643457 8.807548e-17
6620.553378169589 8.7666064e-17
6623.533264695722 8.803088e-17
6626.513151221855 8.8312224e-17
6629.493037747988 8.902363e-17
6632.4729242741205 9.063798e-17
6635.452810800253 9.1879834e-17
6638.432697326386 9.2249247e-17
6641.412583852519 9.255762e-17
6644.3924703786515 9.236352e-17
6647.372356904784 9.261368e-17
6650.352243430917 9.412252e-17
6653.33212995705 9.535964e-17
6656.312016483183 9.528854e-17
6659.291903009315 9.3767275e-17
6662.271789535448 9.230157e-17
6665.251676061581 9.160682e-17
6668.231562587714 9.228673e-17
6671.211449113846 9.3348464e-17
6674.191335639979 9.344342e-17
6677.171222166112 9.269616e-17
6680.151108692245 9.2429876e-17
6683.130995218377 9.252035e-17
6686.11088174451 9.153098e-17
6689.090768270643 9.0228914e-17
6692.070654796776 8.967446e-17
6695.050541322908 8.968817e-17
6698.030427849041 9.029443e-17
6701.010314375174 9.210153e-17
6703.990200901307 9.383084e-17
6706.9700874274395 9.324574e-17
6709.949973953572 9.084893e-17
6712.929860479705 8.839643e-17
6715.909747005838 8.648268e-17
6718.8896335319705 8.5029164e-17
6721.869520058103 8.4844994e-17
6724.849406584236 8.610143e-17
6727.829293110369 8.678973e-17
6730.8091796365015 8.534091e-17
6733.789066162634 8.243282e-17
6736.768952688767 8.0851975e-17
6739.7488392149 8.275591e-17
6742.728725741033 8.552804e-17
6745.708612267165 8.544993e-17
6748.688498793298 8.408237e-17
6751.668385319431 8.35734e-17
6754.648271845564 8.3079235e-17
6757.628158371696 8.107565e-17
6760.608044897829 7.80773e-17
6763.587931423962 7.641933e-17
6766.567817950095 7.631122e-17
6769.547704476227 7.6297995e-17
6772.52759100236 7.590692e-17
6775.507477528493 7.5095876e-17
6778.487364054626 7.350655e-17
6781.467250580758 7.217647e-17
6784.447137106891 7.168261e-17
6787.427023633024 7.0686726e-17
6790.406910159157 6.890416e-17
6793.3867966852895 6.800071e-17
6796.366683211422 6.861968e-17
6799.346569737555 6.864814e-17
6802.326456263688 6.622618e-17
6805.3063427898205 6.3284564e-17
6808.286229315953 6.206764e-17
6811.266115842086 6.167818e-17
6814.246002368219 6.0643615e-17
6817.225888894352 6.040004e-17
6820.205775420484 6.150279e-17
6823.185661946617 6.2001316e-17
6826.16554847275 6.1280504e-17
6829.145434998883 6.080172e-17
6832.125321525015 6.122025e-17
6835.105208051148 6.110517e-17
6838.085094577281 5.951187e-17
6841.064981103414 5.720973e-17
6844.044867629546 5.6444773e-17
6847.024754155679 5.6961536e-17
6850.004640681812 5.594058e-17
6852.984527207945 5.4005405e-17
6855.964413734077 5.526493e-17
6858.94430026021 5.961005e-17
6861.924186786343 6.0829565e-17
6864.904073312476 5.898202e-17
6867.8839598386085 5.659321e-17
6870.863846364741 5.442748e-17
6873.843732890874 5.391021e-17
6876.823619417007 5.5047037e-17
6879.8035059431395 5.736696e-17
6882.783392469272 5.801179e-17
6885.763278995405 5.602143e-17
6888.743165521538 5.3344517e-17
6891.7230520476705 5.169528e-17
6894.702938573803 5.119013e-17
6897.682825099936 5.094434e-17
6900.662711626069 5.0935542e-17
6903.642598152202 5.1613956e-17
6906.622484678334 5.2623907e-17
6909.602371204467 5.3502585e-17
6912.5822577306 5.3758984e-17
6915.562144256733 5.367657e-17
6918.542030782865 5.451897e-17
6921.521917308998 5.61855e-17
6924.501803835131 5.7406784e-17
6927.481690361264 5.725708e-17
6930.461576887396 5.5262038e-17
6933.441463413529 5.3295988e-17
6936.421349939662 5.2773544e-17
6939.401236465795 5.163318e-17
6942.381122991927 5.0300962e-17
6945.36100951806 5.1369802e-17
6948.340896044193 5.3964403e-17
6951.320782570326 5.4581106e-17
6954.3006690964585 5.3094977e-17
6957.280555622591 5.254242e-17
6960.260442148724 5.2929746e-17
6963.240328674857 5.2792288e-17
6966.2202152009895 5.232087e-17
6969.200101727122 5.1890115e-17
6972.179988253255 5.22385e-17
6975.159874779388 5.314845e-17
6978.139761305521 5.2740996e-17
6981.119647831653 5.0879982e-17
6984.099534357786 4.876983e-17
6987.079420883919 4.7584346e-17
6990.059307410052 4.80785e-17
6993.039193936184 4.9346333e-17
6996.019080462317 4.907029e-17
6998.99896698845 4.678179e-17
7001.978853514583 4.5385372e-17
7004.958740040715 4.6459655e-17
7007.938626566848 4.702037e-17
7010.918513092981 4.5854658e-17
7013.898399619114 4.5275754e-17
7016.878286145246 4.6355695e-17
7019.858172671379 4.7935775e-17
7022.838059197512 4.8773428e-17
7025.817945723645 4.878964e-17
7028.7978322497775 4.847581e-17
7031.77771877591 4.7974292e-17
7034.757605302043 4.752984e-17
7037.737491828176 4.787575e-17
7040.7173783543085 4.8904824e-17
7043.697264880441 4.959047e-17
7046.677151406574 4.8858306e-17
7049.657037932707 4.7229555e-17
7052.6369244588395 4.6976834e-17
7055.616810984972 4.7878855e-17
7058.596697511105 4.8511757e-17
7061.576584037238 4.995006e-17
7064.556470563371 5.1716503e-17
7067.536357089503 5.1310195e-17
7070.516243615636 4.9580058e-17
7073.496130141769 4.932861e-17
7076.476016667902 5.0884518e-17
7079.455903194034 5.225794e-17
7082.435789720167 5.2732473e-17
7085.4156762463 5.3051804e-17
7088.395562772433 5.3456494e-17
7091.375449298565 5.3878475e-17
7094.355335824698 5.358843e-17
7097.335222350831 5.353009e-17
7100.315108876964 5.365873e-17
7103.294995403096 5.322719e-17
7106.274881929229 5.4605355e-17
7109.254768455362 5.696563e-17
7112.234654981495 5.662029e-17
7115.2145415076275 5.519429e-17
7118.19442803376 5.529752e-17
7121.174314559893 5.6363644e-17
7124.154201086026 5.629784e-17
7127.1340876121585 5.566002e-17
7130.113974138291 5.5601744e-17
7133.093860664424 5.594883e-17
7136.073747190557 5.610608e-17
7139.05363371669 5.54689e-17
7142.033520242822 5.519405e-17
7145.013406768955 5.667997e-17
7147.993293295088 5.8370794e-17
7150.973179821221 5.8082287e-17
7153.953066347353 5.674189e-17
7156.932952873486 5.647348e-17
7159.912839399619 5.679786e-17
7162.892725925752 5.6117183e-17
7165.872612451884 5.5845915e-17
7168.852498978017 5.690734e-17
7171.83238550415 5.7747186e-17
7174.812272030283 5.741429e-17
7177.792158556415 5.683192e-17
7180.772045082548 5.646535e-17
7183.751931608681 5.534244e-17
7186.731818134814 5.3486782e-17
7189.711704660946 5.2322896e-17
7192.691591187079 5.1901067e-17
7195.671477713212 5.0655502e-17
7198.651364239345 4.9630043e-17
7201.6312507654775 5.077704e-17
7204.61113729161 5.2093165e-17
7207.591023817743 5.196919e-17
7210.570910343876 5.186575e-17
7213.5507968700085 5.1375083e-17
7216.530683396141 4.9260465e-17
7219.510569922274 4.6891317e-17
7222.490456448407 4.6390582e-17
7225.47034297454 4.6909052e-17
7228.450229500672 4.6936908e-17
7231.430116026805 4.7993472e-17
7234.410002552938 4.9300133e-17
7237.389889079071 4.8682597e-17
7240.369775605203 4.877872e-17
7243.349662131336 5.0944357e-17
7246.329548657469 5.2499936e-17
7249.309435183602 5.26296e-17
7252.289321709734 5.184755e-17
7255.269208235867 5.0156613e-17
7258.249094762 4.7881578e-17
7261.228981288133 4.754909e-17
7264.208867814265 4.95102e-17
7267.188754340398 5.0714844e-17
7270.168640866531 5.1984235e-17
7273.148527392664 5.3085457e-17
7276.1284139187965 5.2949687e-17
7279.108300444929 5.350206e-17
7282.088186971062 5.4496733e-17
7285.068073497195 5.448166e-17
7288.0479600233275 5.3939485e-17
7291.02784654946 5.310123e-17
7294.007733075593 5.269141e-17
7296.987619601726 5.307671e-17
7299.9675061278585 5.2759214e-17
7302.947392653991 5.1523486e-17
7305.927279180124 5.1112188e-17
7308.907165706257 5.2661454e-17
7311.88705223239 5.422966e-17
7314.866938758522 5.4040216e-17
7317.846825284655 5.284932e-17
7320.826711810788 5.2276322e-17
7323.806598336921 5.3411386e-17
7326.786484863053 5.3915387e-17
7329.766371389186 5.3031714e-17
7332.746257915319 5.2884356e-17
7335.726144441452 5.4689043e-17
7338.706030967584 5.626898e-17
7341.685917493717 5.569149e-17
7344.66580401985 5.419327e-17
7347.645690545983 5.3471638e-17
7350.625577072115 5.4271833e-17
7353.605463598248 5.6045914e-17
7356.585350124381 5.6872254e-17
7359.565236650514 5.596504e-17
7362.5451231766465 5.5387865e-17
7365.525009702779 5.699863e-17
7368.504896228912 5.975566e-17
7371.484782755045 6.144979e-17
7374.4646692811775 6.182849e-17
7377.44455580731 6.147543e-17
7380.424442333443 6.0942015e-17
7383.404328859576 5.9728674e-17
7386.384215385709 5.788869e-17
7389.364101911841 5.7655084e-17
7392.343988437974 5.92823e-17
7395.323874964107 6.009782e-17
7398.30376149024 6.049594e-17
7401.283648016372 6.163817e-17
7404.263534542505 6.250362e-17
7407.243421068638 6.195071e-17
7410.223307594771 6.0570605e-17
7413.203194120903 5.9296674e-17
7416.183080647036 5.7850775e-17
7419.162967173169 5.748467e-17
7422.142853699302 5.866534e-17
7425.122740225434 5.982036e-17
7428.102626751567 6.00872e-17
7431.0825132777 5.9706744e-17
7434.062399803833 5.92128e-17
7437.0422863299655 5.8336655e-17
7440.022172856098 5.7026023e-17
7443.002059382231 5.554156e-17
7445.981945908364 5.376412e-17
7448.9618324344965 5.2906816e-17
7451.941718960629 5.4195937e-17
7454.921605486762 5.5911996e-17
7457.901492012895 5.661867e-17
7460.8813785390275 5.6929515e-17
7463.86126506516 5.7452015e-17
7466.841151591293 5.8258006e-17
7469.821038117426 5.8254506e-17
7472.800924643559 5.626537e-17
7475.780811169691 5.488385e-17
7478.760697695824 5.6893926e-17
7481.740584221957 5.9101744e-17
7484.72047074809 5.871754e-17
7487.700357274222 5.707559e-17
7490.680243800355 5.662366e-17
7493.660130326488 5.749502e-17
7496.640016852621 5.785378e-17
7499.619903378753 5.7415903e-17
7502.599789904886 5.757332e-17
7505.579676431019 5.723357e-17
7508.559562957152 5.624029e-17
7511.539449483284 5.676668e-17
7514.519336009417 5.8775e-17
7517.49922253555 6.055583e-17
7520.479109061683 6.083164e-17
7523.4589955878155 5.9842864e-17
7526.438882113948 5.930671e-17
7529.418768640081 5.960084e-17
7532.398655166214 5.882482e-17
7535.3785416923465 5.7176656e-17
7538.358428218479 5.689116e-17
7541.338314744612 5.874516e-17
7544.318201270745 6.0151866e-17
7547.298087796878 6.035905e-17
7550.27797432301 5.980451e-17
7553.257860849143 5.9131635e-17
7556.237747375276 5.890982e-17
7559.217633901409 5.766549e-17
7562.197520427541 5.7163765e-17
7565.177406953674 5.9337285e-17
7568.157293479807 6.2197695e-17
7571.13718000594 6.255674e-17
7574.117066532072 6.166928e-17
7577.096953058205 6.265052e-17
7580.076839584338 6.417303e-17
7583.056726110471 6.487303e-17
7586.036612636603 6.599833e-17
7589.016499162736 6.773849e-17
7591.996385688869 6.823551e-17
7594.976272215002 6.8758105e-17
7597.9561587411345 6.7891597e-17
7600.936045267267 6.618417e-17
7603.9159317934 6.3692953e-17
7606.895818319533 6.192301e-17
7609.8757048456655 6.146888e-17
7612.855591371798 6.385963e-17
7615.835477897931 6.618512e-17
7618.815364424064 6.722357e-17
7621.7952509501965 6.7959935e-17
7624.775137476329 6.7568487e-17
7627.755024002462 6.550455e-17
7630.734910528595 6.456595e-17
7633.714797054728 6.2668434e-17
7636.69468358086 5.7558635e-17
7639.674570106993 5.2854363e-17
7642.654456633126 5.116872e-17
7645.634343159259 5.1623167e-17
7648.614229685391 5.0983912e-17
7651.594116211524 4.8302477e-17
7654.574002737657 4.5009256e-17
7657.55388926379 4.288045e-17
7660.533775789922 4.3187156e-17
7663.513662316055 4.441853e-17
7666.493548842188 4.2734013e-17
7669.473435368321 3.8425567e-17
7672.453321894453 3.5103325e-17
7675.433208420586 3.3455383e-17
7678.413094946719 3.204043e-17
7681.392981472852 3.103157e-17
7684.3728679989845 2.986464e-17
7687.352754525117 2.778208e-17
7690.33264105125 2.6855519e-17
7693.312527577383 2.6890816e-17
7696.2924141035155 2.610407e-17
7699.272300629648 2.546634e-17
7702.252187155781 2.5904251e-17
7705.232073681914 2.5599665e-17
7708.211960208047 2.4355127e-17
7711.191846734179 2.6028022e-17
7714.171733260312 3.0871975e-17
7717.151619786445 3.327917e-17
7720.131506312578 3.1605284e-17
7723.11139283871 2.9370977e-17
7726.091279364843 2.7900743e-17
7729.071165890976 2.7838214e-17
7732.051052417109 2.9928338e-17
7735.030938943241 3.102225e-17
7738.010825469374 2.9736878e-17
7740.990711995507 2.9211582e-17
7743.97059852164 3.005271e-17
7746.950485047772 3.2777985e-17
7749.930371573905 3.675223e-17
7752.910258100038 3.8691737e-17
7755.890144626171 4.0488823e-17
7758.870031152303 4.2721338e-17
7761.849917678436 4.3886468e-17
7764.829804204569 4.4241246e-17
7767.809690730702 4.5159406e-17
7770.7895772568345 4.8383227e-17
7773.769463782967 5.133485e-17
7776.7493503091 5.2308242e-17
7779.729236835233 5.343003e-17
7782.7091233613655 5.5639636e-17
7785.689009887498 5.741098e-17
7788.668896413631 5.88961e-17
7791.648782939764 6.19039e-17
7794.628669465897 6.48374e-17
7797.608555992029 6.586089e-17
7800.588442518162 6.8280524e-17
7803.568329044295 7.115725e-17
7806.548215570428 7.055241e-17
7809.52810209656 7.082215e-17
7812.507988622693 7.367215e-17
7815.487875148826 7.7557003e-17
7818.467761674959 8.0971334e-17
7821.447648201091 8.103014e-17
7824.427534727224 7.9694796e-17
7827.407421253357 7.852304e-17
7830.38730777949 7.789573e-17
7833.367194305622 7.997746e-17
7836.347080831755 8.283038e-17
7839.326967357888 8.289536e-17
7842.306853884021 8.099269e-17
7845.2867404101535 7.9239806e-17
7848.266626936286 7.889616e-17
7851.246513462419 7.943087e-17
7854.226399988552 8.080766e-17
7857.2062865146845 8.2710153e-17
7860.186173040817 8.540945e-17
7863.16605956695 8.830427e-17
7866.145946093083 8.8347025e-17
7869.1258326192155 8.677998e-17
7872.105719145348 8.375972e-17
7875.085605671481 8.0407494e-17
7878.065492197614 7.9498635e-17
7881.045378723747 8.193846e-17
7884.025265249879 8.6077487e-17
7887.005151776012 9.142193e-17
7889.985038302145 9.333027e-17
7892.964924828278 8.856803e-17
7895.94481135441 8.335763e-17
7898.924697880543 8.153632e-17
7901.904584406676 8.2022435e-17
7904.884470932809 8.497327e-17
7907.864357458941 8.8495276e-17
7910.844243985074 9.173959e-17
7913.824130511207 9.2184085e-17
7916.80401703734 8.734285e-17
7919.783903563472 8.475371e-17
7922.763790089605 8.7715595e-17
7925.743676615738 8.9608476e-17
7928.723563141871 8.659674e-17
7931.7034496680035 8.2966976e-17
7934.683336194136 8.2696905e-17
7937.663222720269 8.56429e-17
7940.643109246402 8.618111e-17
7943.6229957725345 8.399747e-17
7946.602882298667 8.2879156e-17
7949.5827688248 8.3764875e-17
7952.562655350933 8.2841013e-17
7955.542541877066 7.938699e-17
7958.522428403198 7.821511e-17
7961.502314929331 8.1396955e-17
7964.482201455464 8.404387e-17
7967.462087981597 8.482273e-17
7970.441974507729 8.61169e-17
7973.421861033862 8.54135e-17
7976.401747559995 8.063954e-17
7979.381634086128 7.698512e-17
7982.36152061226 7.683436e-17
7985.341407138393 7.5099165e-17
7988.321293664526 7.327648e-17
7991.301180190659 7.638037e-17
7994.281066716791 8.026718e-17
7997.260953242924 8.011335e-17
8000.240839769057 7.8836467e-17
8003.22072629519 7.79533e-17
8006.2006128213225 7.575028e-17
8009.180499347455 7.2979935e-17
8012.160385873588 7.0484404e-17
8015.140272399721 6.7885184e-17
8018.1201589258535 6.798605e-17
8021.100045451986 7.1824496e-17
8024.079931978119 7.5433624e-17
8027.059818504252 7.583545e-17
8030.0397050303845 7.3258516e-17
8033.019591556517 6.901046e-17
8035.99947808265 6.5512526e-17
8038.979364608783 6.412775e-17
8041.959251134916 6.4706005e-17
8044.939137661048 6.603901e-17
8047.919024187181 6.616481e-17
8050.898910713314 6.549973e-17
8053.878797239447 6.591802e-17
8056.858683765579 6.612389e-17
8059.838570291712 6.455658e-17
8062.818456817845 6.180734e-17
8065.798343343978 6.159696e-17
8068.77822987011 6.387117e-17
8071.758116396243 6.4602164e-17
8074.738002922376 6.328425e-17
8077.717889448509 6.105324e-17
8080.697775974641 5.827836e-17
8083.677662500774 5.601295e-17
8086.657549026907 5.5050918e-17
8089.63743555304 5.5634964e-17
8092.6173220791725 5.774757e-17
8095.597208605305 5.975759e-17
8098.577095131438 5.9959265e-17
8101.556981657571 5.980447e-17
8104.5368681837035 6.042291e-17
8107.516754709836 6.096056e-17
8110.496641235969 6.0623114e-17
8113.476527762102 6.0703946e-17
8116.456414288235 6.189842e-17
8119.436300814367 6.294909e-17
8122.4161873405 6.235543e-17
8125.396073866633 6.019154e-17
8128.375960392766 5.761784e-17
8131.355846918898 5.573395e-17
8134.335733445031 5.5411043e-17
8137.315619971164 5.691643e-17
8140.295506497297 5.89513e-17
8143.275393023429 5.987429e-17
8146.255279549562 5.892469e-17
8149.235166075695 5.6872896e-17
8152.215052601828 5.4948467e-17
8155.19493912796 5.420469e-17
8158.174825654093 5.5030543e-17
8161.154712180226 5.6712945e-17
8164.134598706359 5.775973e-17
8167.1144852324915 5.738412e-17
8170.094371758624 5.66098e-17
8173.074258284757 5.6693225e-17
8176.05414481089 5.8424203e-17
8179.0340313370225 6.113928e-17
8182.013917863155 6.347333e-17
8184.993804389288 6.485837e-17
8187.973690915421 6.557284e-17
8190.9535774415535 6.556236e-17
8193.933463967685 6.380034e-17
8196.913350493818 6.137919e-17
8199.89323701995 6.1576675e-17
8202.873123546084 6.301041e-17
8205.853010072216 6.2619895e-17
8208.83289659835 6.115185e-17
8211.812783124482 6.03299e-17
8214.792669650615 6.159731e-17
8217.772556176747 6.385283e-17
8220.75244270288 6.3968133e-17
8223.732329229013 6.146299e-17
8226.712215755146 5.8874885e-17
8229.692102281278 5.8157256e-17
8232.671988807411 5.8553555e-17
8235.651875333544 5.799707e-17
8238.631761859677 5.7340325e-17
8241.61164838581 5.756112e-17
8244.591534911942 5.782978e-17
8247.571421438075 5.691352e-17
8250.551307964208 5.555048e-17
8253.53119449034 5.4822113e-17
8256.511081016473 5.425383e-17
8259.490967542606 5.4294177e-17
8262.470854068739 5.4477563e-17
8265.450740594872 5.3409262e-17
8268.430627121004 5.236838e-17
8271.410513647137 5.3473524e-17
8274.39040017327 5.5028137e-17
8277.370286699403 5.2750677e-17
8280.350173225535 5.1208684e-17
8283.330059751668 5.4509816e-17
8286.309946277801 5.7291323e-17
8289.289832803934 5.8291226e-17
8292.269719330066 5.755699e-17
8295.2496058562 5.4652382e-17
8298.229492382332 4.6991128e-17
8301.209378908465 3.9107925e-17
8304.189265434597 3.9262346e-17
8307.16915196073 4.177946e-17
8310.149038486863 4.420463e-17
8313.128925012996 4.6071254e-17
8316.108811539129 4.298671e-17
8319.088698065261 3.707006e-17
8322.068584591394 3.5296422e-17
8325.048471117527 3.57569e-17
8328.02835764366 3.563283e-17
8331.008244169792 3.438405e-17
8333.988130695925 3.201998e-17
8336.968017222058 2.8280117e-17
8339.94790374819 2.4087253e-17
8342.927790274323 2.014272e-17
8345.907676800456 1.6230304e-17
8348.887563326589 1.5428341e-17
8351.867449852722 1.9622895e-17
8354.847336378854 2.3116386e-17
8357.827222904987 2.0943323e-17
8360.80710943112 1.5930031e-17
8363.786995957253 1.5237618e-17
8366.766882483385 1.791722e-17
8369.746769009518 1.8649533e-17
8372.726655535651 1.6069807e-17
8375.706542061784 1.2412962e-17
8378.686428587916 9.534284e-18
8381.66631511405 7.480019e-18
8384.646201640182 6.356901e-18
8387.626088166315 6.02004e-18
8390.605974692447 6.2895555e-18
8393.58586121858 6.692724e-18
8396.565747744713 6.178916e-18
8399.545634270846 6.3426646e-18
8402.525520796979 9.1348574e-18
8405.505407323111 1.1892473e-17
8408.485293849244 1.0912337e-17
8411.465180375377 7.6200035e-18
8414.44506690151 7.017511e-18
8417.424953427642 1.0573684e-17
8420.404839953775 1.4247708e-17
8423.384726479908 1.3438864e-17
8426.36461300604 8.928917e-18
8429.344499532173 6.501369e-18
8432.324386058306 9.189899e-18
8435.304272584439 1.4776146e-17
8438.284159110572 1.6623564e-17
8441.264045636704 1.2020422e-17
8444.243932162837 8.110955e-18
8447.22381868897 9.084674e-18
8450.203705215103 1.0540754e-17
8453.183591741235 1.12798145e-17
8456.163478267368 1.3058231e-17
8459.143364793501 1.6085879e-17
8462.123251319634 1.7843627e-17
8465.103137845766 1.8480446e-17
8468.0830243719 1.9946848e-17
8471.062910898032 2.1530962e-17
8474.042797424165 2.2941583e-17
8477.022683950298 2.411797e-17
8480.00257047643 2.4345224e-17
8482.982457002563 2.4393533e-17
8485.962343528696 2.5436267e-17
8488.942230054829 2.6743323e-17
8491.922116580961 2.6305731e-17
8494.902003107094 2.4954595e-17
8497.881889633227 2.474338e-17
8500.86177615936 2.3605596e-17
8503.841662685492 2.07701e-17
8506.821549211625 1.8159028e-17
8509.801435737758 1.6968237e-17
8512.78132226389 1.7556685e-17
8515.761208790023 1.9775397e-17
8518.741095316156 2.2375348e-17
8521.720981842289 2.2435269e-17
8524.700868368422 1.9248637e-17
8527.680754894554 1.6401726e-17
8530.660641420687 1.674649e-17
8533.64052794682 1.818397e-17
8536.620414472953 1.7377672e-17
8539.600300999085 1.6941202e-17
8542.580187525218 1.8870152e-17
8545.560074051351 2.2035747e-17
8548.539960577484 2.4834693e-17
8551.519847103616 2.5478455e-17
8554.49973362975 2.5690332e-17
8557.479620155882 2.9204227e-17
8560.459506682015 3.2368213e-17
8563.439393208148 3.145294e-17
8566.41927973428 2.9230253e-17
8569.399166260413 2.813446e-17
8572.379052786546 2.8536828e-17
8575.358939312679 2.9208012e-17
8578.338825838811 2.892854e-17
8581.318712364944 2.8292416e-17
8584.298598891077 2.970308e-17
8587.27848541721 3.3472356e-17
8590.258371943342 3.4622687e-17
8593.238258469475 3.204801e-17
8596.218144995608 3.285098e-17
8599.19803152174 3.7080187e-17
8602.177918047873 4.0461675e-17
8605.157804574006 4.1640123e-17
8608.137691100139 4.109293e-17
8611.117577626272 3.9926744e-17
8614.097464152404 3.9996254e-17
8617.077350678537 4.392496e-17
8620.05723720467 5.1497327e-17
8623.037123730803 5.8148064e-17
8626.017010256935 5.8776655e-17
8628.996896783068 5.423315e-17
8631.976783309201 5.1150725e-17
8634.956669835334 5.5145802e-17
8637.936556361467 6.4215566e-17
8640.9164428876 7.0008716e-17
8643.896329413732 6.8177695e-17
8646.876215939865 6.634871e-17
8649.856102465998 6.935598e-17
8652.83598899213 7.2961195e-17
8655.815875518263 7.5057105e-17
8658.795762044396 7.6643604e-17
8661.775648570529 7.841015e-17
8664.755535096661 7.844042e-17
8667.735421622794 7.656299e-17
8670.715308148927 7.474057e-17
8673.69519467506 7.414167e-17
8676.675081201192 7.387061e-17
8679.654967727325 7.311518e-17
8682.634854253458 7.3124116e-17
8685.61474077959 7.539481e-17
8688.594627305723 7.906683e-17
8691.574513831856 8.212815e-17
8694.554400357989 8.497706e-17
8697.534286884122 8.7548406e-17
8700.514173410254 8.8693376e-17
8703.494059936387 8.8704903e-17
8706.47394646252 8.953509e-17
8709.453832988653 9.150608e-17
8712.433719514785 9.281295e-17
8715.413606040918 9.520055e-17
8718.393492567051 1.0003406e-16
8721.373379093184 1.04724725e-16
8724.353265619317 1.0696193e-16
8727.33315214545 1.0635673e-16
8730.313038671582 1.0496894e-16
8733.292925197715 1.0587185e-16
8736.272811723848 1.09175857e-16
8739.25269824998 1.1129424e-16
8742.232584776113 1.09353985e-16
8745.212471302246 1.0578401e-16
8748.192357828379 1.0595938e-16
8751.172244354511 1.1138399e-16
8754.152130880644 1.176832e-16
8757.132017406777 1.2058205e-16
8760.11190393291 1.2036714e-16
8763.091790459042 1.1899538e-16
8766.071676985175 1.2037798e-16
8769.051563511308 1.261744e-16
8772.03145003744 1.3085913e-16
8775.011336563573 1.3075948e-16
8777.991223089706 1.2895242e-16
8780.971109615839 1.3036884e-16
8783.950996141972 1.3427389e-16
8786.930882668104 1.3581404e-16
8789.910769194237 1.3243384e-16
8792.89065572037 1.2582897e-16
8795.870542246503 1.2187924e-16
8798.850428772635 1.2382788e-16
8801.830315298768 1.2511628e-16
8804.810201824901 1.2275077e-16
8807.790088351034 1.2243987e-16
8810.769974877167 1.2593571e-16
8813.7498614033 1.2756602e-16
8816.729747929432 1.2418647e-16
8819.709634455565 1.2315127e-16
8822.689520981698 1.2559021e-16
8825.66940750783 1.2664986e-16
8828.649294033963 1.2526179e-16
8831.629180560096 1.2362904e-16
8834.609067086229 1.2448405e-16
8837.588953612361 1.2776127e-16
8840.568840138494 1.2976958e-16
8843.548726664627 1.2727299e-16
8846.52861319076 1.2140342e-16
8849.508499716892 1.1739294e-16
8852.488386243025 1.19774e-16
8855.468272769158 1.2618747e-16
8858.44815929529 1.2755526e-16
8861.428045821423 1.204262e-16
8864.407932347556 1.137258e-16
8867.387818873689 1.1102515e-16
8870.367705399822 1.119265e-16
8873.347591925954 1.1885995e-16
8876.327478452087 1.2190485e-16
8879.30736497822 1.2307672e-16
8882.287251504353 1.250979e-16
8885.267138030486 1.2390472e-16
8888.247024556618 1.1432261e-16
8891.226911082751 1.037221e-16
8894.206797608884 1.0156354e-16
8897.186684135017 1.0111213e-16
8900.16657066115 9.8043316e-17
8903.146457187282 9.679686e-17
8906.126343713415 1.01919167e-16
8909.106230239548 1.08884954e-16
8912.08611676568 1.10584075e-16
8915.066003291813 1.068336e-16
8918.045889817946 1.0183454e-16
8921.025776344079 9.414164e-17
8924.005662870211 8.11224e-17
8926.985549396344 7.2149175e-17
8929.965435922477 7.216167e-17
8932.94532244861 7.705515e-17
8935.925208974742 8.262768e-17
8938.905095500875 8.4933205e-17
8941.884982027008 8.3759495e-17
8944.86486855314 8.313852e-17
8947.844755079273 8.2944504e-17
8950.824641605406 7.926129e-17
8953.804528131539 7.187562e-17
8956.784414657672 6.825399e-17
8959.764301183804 7.042006e-17
8962.744187709937 7.349718e-17
8965.72407423607 7.728261e-17
8968.703960762203 7.79634e-17
8971.683847288336 7.348979e-17
8974.663733814468 7.181979e-17
8977.643620340601 7.288977e-17
8980.623506866734 7.182836e-17
8983.603393392867 6.9891216e-17
8986.583279919 6.864136e-17
8989.563166445132 7.07773e-17
8992.543052971265 7.8147644e-17
8995.522939497398 8.4392665e-17
8998.50282602353 8.223565e-17
9001.482712549663 7.278069e-17
9004.462599075796 6.49545e-17
9007.442485601929 6.3032116e-17
9010.422372128061 6.462728e-17
9013.402258654194 6.710041e-17
9016.382145180327 6.6252826e-17
9019.36203170646 6.200128e-17
9022.341918232592 6.060179e-17
9025.321804758725 6.283378e-17
9028.301691284858 6.465636e-17
9031.28157781099 6.496881e-17
9034.261464337123 6.830817e-17
9037.241350863256 7.3932146e-17
9040.221237389389 7.473739e-17
9043.201123915522 7.0051405e-17
9046.181010441655 6.468773e-17
9049.160896967787 6.35479e-17
9052.14078349392 6.701654e-17
9055.120670020053 7.255731e-17
9058.100556546186 7.7105945e-17
9061.080443072318 7.9476857e-17
9064.060329598451 8.09111e-17
9067.040216124584 8.179937e-17
9070.020102650717 8.097131e-17
9072.99998917685 7.977118e-17
9075.979875702982 7.9841875e-17
9078.959762229115 8.2511736e-17
9081.939648755248 8.788355e-17
9084.91953528138 9.11443e-17
9087.899421807513 9.1120926e-17
9090.879308333646 8.8416965e-17
9093.859194859779 8.328389e-17
9096.839081385911 7.740522e-17
9099.818967912044 7.3357566e-17
9102.798854438177 7.407988e-17
9105.77874096431 7.6368325e-17
9108.758627490442 7.479581e-17
9111.738514016575 7.107755e-17
9114.718400542708 6.739213e-17
9117.69828706884 6.324188e-17
9120.678173594973 6.059671e-17
9123.658060121106 6.1097704e-17
9126.637946647239 6.241695e-17
9129.617833173372 5.9532976e-17
9132.597719699505 5.243575e-17
9135.577606225637 4.4617467e-17
9138.55749275177 3.8684928e-17
9141.537379277903 3.7656712e-17
9144.517265804036 3.983458e-17
9147.497152330168 3.9259693e-17
9150.477038856301 3.6959528e-17
9153.456925382434 3.9106588e-17
9156.436811908567 4.7739e-17
9159.4166984347 5.554061e-17
9162.396584960832 5.876253e-17
9165.376471486965 5.959001e-17
9168.356358013098 5.826951e-17
9171.33624453923 5.4479425e-17
9174.316131065363 4.9369262e-17
9177.296017591496 4.5425325e-17
9180.275904117629 4.3601157e-17
9183.255790643761 4.3208613e-17
9186.235677169894 4.291747e-17
9189.215563696027 4.1774825e-17
9192.19545022216 4.058656e-17
9195.175336748292 3.948965e-17
9198.155223274425 3.5496954e-17
9201.135109800558 3.079329e-17
9204.11499632669 3.2020956e-17
9207.094882852824 3.970972e-17
9210.074769378956 4.597658e-17
9213.054655905089 4.6920904e-17
9216.034542431222 4.8709817e-17
9219.014428957355 4.980979e-17
9221.994315483487 4.78718e-17
9224.97420200962 4.668267e-17
9227.954088535753 4.5993575e-17
9230.933975061886 4.2875673e-17
9233.913861588018 3.6936132e-17
9236.893748114151 3.2939007e-17
9239.873634640284 3.590486e-17
9242.853521166417 4.304663e-17
9245.83340769255 4.4362067e-17
9248.813294218682 4.0372274e-17
9251.793180744815 3.705699e-17
9254.773067270948 3.328511e-17
9257.75295379708 2.924641e-17
9260.732840323213 2.6430738e-17
9263.712726849346 2.5837999e-17
9266.692613375479 2.835035e-17
9269.672499901611 3.2785658e-17
9272.652386427744 3.3078536e-17
9275.632272953877 3.8197093e-17
9278.61215948001 4.2580862e-17
9281.592046006142 4.12184e-17
9284.571932532275 4.0489935e-17
9287.551819058408 4.4315483e-17
9290.53170558454 5.178413e-17
9293.511592110674 5.794482e-17
9296.491478636806 5.483658e-17
9299.471365162939 4.49085e-17
9302.451251689072 4.229952e-17
9305.431138215205 5.0518405e-17
9308.411024741337 5.8773856e-17
9311.39091126747 5.3943366e-17
9314.370797793603 4.006363e-17
9317.350684319736 3.065141e-17
9320.330570845868 3.4650033e-17
9323.310457372001 4.8806366e-17
9326.290343898134 5.9063104e-17
9329.270230424267 5.3491676e-17
9332.2501169504 3.704919e-17
9335.230003476532 2.775771e-17
9338.209890002665 3.4959498e-17
9341.189776528798 4.6209366e-17
9344.16966305493 4.8810293e-17
9347.149549581063 4.432432e-17
9350.129436107196 4.075428e-17
9353.109322633329 3.8189016e-17
9356.089209159461 3.7289292e-17
9359.069095685594 4.093873e-17
9362.048982211727 4.5088795e-17
9365.02886873786 4.1363408e-17
9368.008755263992 3.3834748e-17
9370.988641790125 4.0182188e-17
9373.968528316258 5.649196e-17
9376.94841484239 6.538228e-17
9379.928301368524 6.5155164e-17
9382.908187894656 5.819651e-17
9385.888074420789 4.021707e-17
9388.867960946922 2.753183e-17
9391.847847473055 2.2516124e-17
9394.827733999187 2.4580461e-17
9397.80762052532 2.9028018e-17
9400.787507051453 3.4142856e-17
9403.767393577586 4.448563e-17
9406.747280103718 5.832736e-17
9409.727166629851 5.5801624e-17
9412.707053155984 4.0499292e-17
9415.686939682117 2.7225136e-17
9418.66682620825 2.6737353e-17
9421.646712734382 3.991513e-17
9424.626599260515 5.378121e-17
9427.606485786648 5.7448256e-17
9430.58637231278 6.198182e-17
9433.566258838913 6.978417e-17
9436.546145365046 6.555363e-17
9439.526031891179 4.2250745e-17
9442.505918417311 3.8013588e-17
9445.485804943444 3.184378e-17
9448.465691469577 3.38948e-17
9451.44557799571 5.46717e-17
9454.425464521843 5.84208e-17
9457.405351047975 4.7518628e-17
9460.385237574108 3.7508756e-17
9463.36512410024 3.4518174e-17
9466.345010626374 2.9796296e-17
9469.324897152506 3.397031e-17
9472.304783678639 5.1597495e-17
9475.284670204772 7.086619e-17
9478.264556730905 7.254445e-17
9481.244443257037 6.6266544e-17
9484.22432978317 5.962817e-17
9487.204216309303 4.4093673e-17
9490.184102835436 2.5053615e-17
9493.163989361568 1.892814e-17
9496.143875887701 2.5008633e-17
9499.123762413834 3.1354298e-17
9502.103648939967 3.8906698e-17
9505.0835354661 5.448823e-17
9508.063421992232 6.3431955e-17
9511.043308518365 5.817394e-17
9514.023195044498 5.1279183e-17
9517.00308157063 5.3524022e-17
9519.982968096763 5.6255124e-17
9522.962854622896 4.663761e-17
9525.942741149029 3.069909e-17
9528.922627675161 2.3704735e-17
9531.902514201294 3.2178252e-17
9534.882400727427 4.4540172e-17
9537.86228725356 4.423606e-17
9540.842173779693 3.3236345e-17
9543.822060305825 2.7408218e-17
9546.801946831958 3.044269e-17
9549.78183335809 3.6970116e-17
9552.761719884224 4.0000615e-17
9555.741606410356 3.810638e-17
9558.721492936489 3.8834035e-17
9561.701379462622 4.543485e-17
9564.681265988755 4.9639052e-17
9567.661152514887 5.3066912e-17
9570.64103904102 6.157803e-17
9573.620925567153 7.211531e-17
9576.600812093286 7.215729e-17
9579.580698619418 6.2735886e-17
9582.560585145551 5.871529e-17
9585.540471671684 6.263704e-17
9588.520358197817 6.60007e-17
9591.50024472395 6.109182e-17
9594.480131250082 5.1267255e-17
9597.460017776215 4.1737886e-17
9600.439904302348 3.6809984e-17
9603.41979082848 3.9123744e-17
9606.399677354613 4.293517e-17
9609.379563880746 4.769627e-17
9612.359450406879 5.973169e-17
9615.339336933012 6.927248e-17
9618.319223459144 6.326665e-17
9621.299109985277 4.436662e-17
9624.27899651141 2.8599756e-17
9627.258883037543 2.6787961e-17
9630.238769563675 3.7567724e-17
9633.218656089808 4.961389e-17
9636.19854261594 4.746898e-17
9639.178429142074 3.1897497e-17
9642.158315668206 2.5174866e-17
9645.13820219434 3.1313753e-17
9648.118088720472 4.1483406e-17
9651.097975246605 5.3380853e-17
9654.077861772737 6.5475455e-17
9657.05774829887 7.10254e-17
9660.037634825003 7.32339e-17
9663.017521351136 6.587716e-17
9665.997407877268 5.950082e-17
9668.977294403401 6.1110006e-17
9671.957180929534 6.101902e-17
9674.937067455667 5.201918e-17
9677.9169539818 4.112769e-17
9680.896840507932 3.805751e-17
9683.876727034065 4.4895486e-17
9686.856613560198 5.176504e-17
9689.83650008633 4.6348587e-17
9692.816386612463 3.5539583e-17
9695.796273138596 3.337857e-17
9698.776159664729 4.0186304e-17
9701.756046190862 4.012878e-17
9704.735932716994 3.439101e-17
9707.715819243127 3.941934e-17
9710.69570576926 5.3812456e-17
9713.675592295393 5.959774e-17
9716.655478821525 5.104294e-17
9719.635365347658 4.598593e-17
9722.61525187379 4.5653077e-17
9725.595138399924 4.194488e-17
9728.575024926056 3.4006927e-17
9731.55491145219 2.5686923e-17
9734.534797978322 2.6311411e-17
9737.514684504455 3.6962384e-17
9740.494571030587 3.8574906e-17
9743.47445755672 3.1700225e-17
9746.454344082853 3.2423796e-17
9749.434230608986 3.713589e-17
9752.414117135118 4.6470448e-17
9755.394003661251 5.844216e-17
9758.373890187384 6.4401497e-17
9761.353776713517 6.629077e-17
9764.33366323965 6.386898e-17
9767.313549765782 5.925808e-17
9770.293436291915 5.4236985e-17
9773.273322818048 5.2719394e-17
9776.25320934418 5.405077e-17
9779.233095870313 5.2007704e-17
9782.212982396446 4.553017e-17
9785.192868922579 4.6082778e-17
9788.172755448712 5.799188e-17
9791.152641974844 6.638772e-17
9794.132528500977 6.1335555e-17
9797.11241502711 5.1556212e-17
9800.092301553243 3.9449858e-17
9803.072188079375 2.8350312e-17
9806.052074605508 2.7430935e-17
9809.03196113164 3.263216e-17
9812.011847657774 3.278244e-17
9814.991734183906 2.4661053e-17
9817.97162071004 1.8530621e-17
9820.951507236172 2.08478e-17
9823.931393762305 2.9548036e-17
9826.911280288437 4.0283216e-17
9829.89116681457 4.558455e-17
9832.871053340703 4.606249e-17
9835.850939866836 5.3665122e-17
9838.830826392968 6.3428375e-17
9841.810712919101 5.825428e-17
9844.790599445234 3.4709868e-17
9847.770485971367 1.9389448e-17
9850.7503724975 2.488484e-17
9853.730259023632 3.26871e-17
9856.710145549765 3.5481006e-17
9859.690032075898 3.628972e-17
9862.66991860203 3.6374804e-17
9865.649805128163 3.114152e-17
9868.629691654296 1.9864661e-17
9871.609578180429 1.5203762e-17
9874.589464706562 3.1356796e-17
9877.569351232694 4.8772342e-17
9880.549237758827 5.458847e-17
9883.52912428496 6.2986277e-17
9886.509010811093 6.4994036e-17
9889.488897337225 5.3989116e-17
9892.468783863358 2.978427e-17
9895.44867038949 1.2959032e-17
9898.428556915624 1.6913263e-17
9901.408443441756 2.7444705e-17
9904.38832996789 3.4487645e-17
9907.368216494022 3.5151086e-17
9910.348103020155 3.123491e-17
9913.327989546287 2.8508638e-17
9916.30787607242 3.4379767e-17
9919.287762598553 4.9695115e-17
9922.267649124686 6.421348e-17
9925.247535650818 6.757739e-17
9928.227422176951 6.8257005e-17
9931.207308703084 7.794235e-17
9934.187195229217 8.028187e-17
9937.16708175535 7.3244514e-17
9940.146968281482 5.2143166e-17
9943.126854807615 3.5420718e-17
9946.106741333748 4.088966e-17
9949.08662785988 5.614476e-17
9952.066514386013 6.00088e-17
9955.046400912146 4.2189748e-17
9958.026287438279 1.8645146e-17
9961.006173964412 1.5553676e-17
9963.986060490544 2.6525846e-17
9966.965947016677 4.8168282e-17
9969.94583354281 5.3323295e-17
9972.925720068943 5.9799394e-17
9975.905606595075 7.08942e-17
9978.885493121208 7.878038e-17
9981.86537964734 8.179498e-17
9984.845266173474 7.797934e-17
9987.825152699606 6.8365015e-17
9990.80503922574 4.7283434e-17
9993.784925751872 2.8455155e-17
9996.764812278005 2.6504134e-17
9999.744698804137 4.404661e-17
10002.72458533027 6.298906e-17
10005.704471856403 6.1929557e-17
10008.684358382536 3.6739535e-17
10011.664244908668 1.2036602e-17
10014.644131434801 4.5151492e-18
10017.624017960934 1.6365755e-17
10020.603904487067 4.850418e-17
10023.5837910132 7.850334e-17
10026.563677539332 8.024184e-17
10029.543564065465 5.633211e-17
10032.523450591598 2.983223e-17
10035.50333711773 3.1755047e-17
10038.483223643863 6.781044e-17
10041.463110169996 8.9274824e-17
10044.442996696129 8.7232515e-17
10047.422883222262 9.947121e-17
10050.402769748394 1.0688105e-16
10053.382656274527 8.662945e-17
10056.36254280066 4.9630605e-17
10059.342429326793 3.7820875e-17
10062.322315852925 1.2316131e-17
10065.302202379058 2.1881948e-18
10068.28208890519 9.15089e-20
10071.261975431324 1.3355166e-17
10074.241861957456 5.997777e-17
10077.22174848359 8.7984317e-17
10080.201635009722 6.814297e-17
10083.181521535855 2.7804644e-17
10086.161408061987 2.5877371e-17
10089.14129458812 6.134158e-17
10092.121181114253 7.9718506e-17
10095.101067640386 5.128513e-17
10098.080954166518 2.8976104e-17
10101.060840692651 4.327142e-17
10104.040727218784 6.20672e-17
10107.020613744917 4.1622974e-17
10110.00050027105 1.2341718e-17
10112.980386797182 1.5716614e-17
10115.960273323315 4.0458466e-17
10118.940159849448 6.596762e-17
10121.92004637558 8.351077e-17
10124.899932901713 9.620964e-17
10127.879819427846 1.08095645e-16
10130.859705953979 1.158325e-16
10133.839592480112 1.1214475e-16
10136.819479006244 9.967097e-17
10139.799365532377 9.6138895e-17
10142.77925205851 1.0320691e-16
10145.759138584643 9.3663983e-17
10148.739025110775 7.288336e-17
10151.718911636908 7.3455306e-17
10154.698798163041 1.1185691e-16
10157.678684689174 1.5924434e-16
10160.658571215306 1.8321284e-16
10163.63845774144 1.6598274e-16
10166.618344267572 9.74783e-17
10169.598230793705 3.814115e-17
10172.578117319837 6.3738614e-17
10175.55800384597 1.4631826e-16
10178.537890372103 2.0878121e-16
10181.517776898236 2.1233042e-16
10184.497663424369 1.8583442e-16
10187.477549950501 1.4473016e-16
10190.457436476634 9.165325e-17
10193.437323002767 4.5853705e-17
10196.4172095289 3.715918e-17
10199.397096055032 6.589016e-17
10202.376982581165 1.0152559e-16
10205.356869107298 1.2988853e-16
10208.33675563343 1.5580632e-16
10211.316642159563 1.7735533e-16
10214.296528685696 1.6613769e-16
10217.276415211829 1.0648225e-16
10220.256301737962 2.9908005e-17
10223.236188264094 6.564175e-18
10226.216074790227 6.4422864e-17
10229.19596131636 1.4921466e-16
10232.175847842493 1.8465203e-16
10235.155734368625 2.0065071e-16
10238.135620894758 2.2401308e-16
10241.115507420891 2.2191363e-16
10244.095393947024 1.8534895e-16
10247.075280473156 1.3035547e-16
10250.05516699929 8.1317155e-17
10253.035053525422 5.2943143e-17
10256.014940051555 2.8611602e-17
10258.994826577687 1.3186379e-17
10261.97471310382 4.764303e-17
10264.954599629953 8.290353e-17
10267.934486156086 5.906543e-17
10270.914372682219 1.4892209e-17
10273.894259208351 3.517573e-17
10276.874145734484 8.761169e-17
10279.854032260617 6.36052e-17
10282.83391878675 3.3222306e-19
10285.813805312882 -4.6186298e-17
10288.793691839015 -6.837313e-17
10291.773578365148 -5.972221e-17
10294.75346489128 -1.8369592e-17
10297.733351417413 4.1986828e-17
10300.713237943546 8.722576e-17
10303.693124469679 7.548666e-17
10306.673010995812 1.6764559e-17
10309.652897521944 -2.5681362e-17
10312.632784048077 -3.899199e-17
10315.61267057421 -4.6191876e-17
10318.592557100343 -5.5389903e-17
10321.572443626475 -4.2162567e-17
10324.552330152608 -7.802375e-18
10327.532216678741 1.2731576e-17
10330.512103204874 5.438477e-19
10333.491989731006 -1.6227394e-17
10336.47187625714 -4.5734423e-18
10339.451762783272 2.3157376e-17
10342.431649309405 3.7685015e-17
10345.411535835538 3.09114e-17
10348.39142236167 2.0772763e-17
10351.371308887803 1.3470412e-17
10354.351195413936 9.295865e-18
10357.331081940069 1.8444812e-17
10360.310968466201 5.243399e-17
10363.290854992334 8.058612e-17
10366.270741518467 7.8393885e-17
10369.2506280446 8.7933984e-17
10372.230514570732 9.848332e-17
10375.210401096865 7.6891434e-17
10378.190287622998 4.6738954e-17
10381.17017414913 2.8903977e-17
10384.150060675263 2.4332474e-17
10387.129947201396 2.4965466e-17
10390.109833727529 1.8599604e-17
10393.089720253662 -8.194341e-18
10396.069606779794 -4.9133192e-17
10399.049493305927 -6.071178e-17
10402.02937983206 -2.7019876e-17
10405.009266358193 1.4114441e-17
10407.989152884325 1.885111e-17
10410.969039410458 1.9234509e-17
10413.948925936591 5.9006585e-17
10416.928812462724 1.0305773e-16
10419.908698988856 9.889261e-17
10422.88858551499 4.5279552e-17
10425.868472041122 -5.123104e-18
10428.848358567255 -2.4153656e-17
10431.828245093388 -1.8615023e-17
10434.80813161952 -7.895783e-18
10437.788018145653 -1.2674413e-18
10440.767904671786 -1.7132929e-18
10443.747791197919 1.6501645e-18
10446.727677724051 3.3894258e-17
10449.707564250184 7.958528e-17
10452.687450776317 8.477946e-17
10455.66733730245 1.8612618e-17
10458.647223828582 -5.76576e-17
10461.627110354715 -7.383949e-17
10464.606996880848 -4.040292e-17
10467.58688340698 -1.8896076e-17
10470.566769933113 -3.1456772e-17
10473.546656459246 -4.0678493e-17
10476.526542985379 -2.2551157e-17
10479.506429511512 2.599998e-18
10482.486316037644 7.533699e-18
10485.466202563777 1.4421459e-17
10488.44608908991 6.0240494e-17
10491.425975616043 1.2239818e-16
10494.405862142175 1.2018521e-16
10497.385748668308 7.3400765e-17
10500.365635194441 5.4000332e-17
10503.345521720574 8.437716e-17
10506.325408246707 1.2626572e-16
10509.30529477284 1.1728655e-16
10512.285181298972 3.8105954e-17
10515.265067825105 -3.2234342e-17
10518.244954351238 -1.4880327e-17
10521.22484087737 5.656826e-17
10524.204727403503 6.0443523e-17
10527.184613929636 5.5133245e-17
10530.164500455769 9.6063085e-17
10533.144386981901 5.716862e-17
10536.124273508034 1.7347738e-17
10539.104160034167 7.826484e-17
10542.0840465603 1.3299368e-16
10545.063933086432 7.7844326e-17
10548.043819612565 2.6133077e-17
10551.023706138698 1.4614986e-16
10554.00359266483 2.7794473e-16
10556.983479190963 2.6057465e-16
10559.963365717096 1.2889209e-16
10562.943252243229 4.0438987e-18
10565.923138769362 -6.742305e-17
10568.903025295494 -4.520367e-17
10571.882911821627 1.3386206e-16
10574.86279834776 3.0612205e-16
10577.842684873893 3.3469316e-16
10580.822571400025 3.126715e-16
10583.802457926158 3.0587567e-16
10586.782344452291 2.8630725e-16
10589.762230978424 2.084387e-16
10592.742117504557 1.1494524e-16
10595.72200403069 1.0801628e-16
10598.701890556822 2.2635494e-16
10601.681777082955 3.6226495e-16
10604.661663609088 4.214795e-16
10607.64155013522 3.4571097e-16
10610.621436661353 1.379699e-16
10613.601323187486 2.3222073e-17
10616.581209713619 8.139123e-17
10619.561096239751 1.136734e-16
10622.540982765884 1.2869027e-16
