3196.57150128838 5.1013975e-17
3201.259323630299 1.9205465e-17
3205.947145972218 7.8968835e-17
3210.634968314137 2.8137247e-17
3215.322790656056 7.143273e-17
3220.010612997975 4.288956e-17
3224.698435339894 1.1236132e-16
3229.386257681813 8.227039e-17
3234.0740800237318 1.1235638e-16
3238.7619023656507 7.27014e-17
3243.4497247075697 7.171586e-17
3248.1375470494886 1.489262e-17
3252.8253693914075 1.2304979e-16
3257.5131917333265 9.1660976e-17
3262.2010140752454 4.6419642e-17
3266.8888364171644 7.8372445e-17
3271.5766587590833 1.2003469e-16
3276.2644811010023 2.0508947e-17
3280.952303442921 1.187876e-17
3285.64012578484 4.3638363e-17
3290.327948126759 1.0555214e-16
3295.015770468678 7.353361e-17
3299.703592810597 2.7347243e-17
3304.391415152516 3.6252037e-17
3309.079237494435 9.448005e-17
3313.767059836354 8.2986696e-17
3318.454882178273 7.4829974e-17
3323.1427045201917 3.510614e-17
3327.8305268621107 6.5057715e-17
3332.5183492040296 9.698332e-17
3337.2061715459486 2.7988222e-17
3341.8939938878675 2.4530397e-17
3346.5818162297865 9.085864e-17
3351.2696385717054 1.0592734e-16
3355.9574609136243 2.7803813e-17
3360.6452832555433 4.7647413e-17
3365.3331055974622 9.3400464e-17
3370.020927939381 7.3451494e-17
3374.7087502813 3.6589603e-17
3379.396572623219 5.574827e-17
3384.084394965138 9.68502e-17
3388.772217307057 1.03947897e-16
3393.460039648976 8.537277e-17
3398.147861990895 7.300109e-17
3402.835684332814 6.165764e-17
3407.5235066747327 5.2275277e-17
3412.2113290166517 5.87413e-17
3416.8991513585706 8.1855305e-17
3421.5869737004896 1.16046e-16
3426.2747960424085 1.10591705e-16
3430.9626183843275 9.601259e-17
3435.6504407262464 9.3294426e-17
3440.3382630681654 6.030713e-17
3445.0260854100843 7.7597204e-17
3449.7139077520033 7.259971e-17
3454.401730093922 1.0065959e-16
3459.089552435841 7.20127e-17
3463.77737477776 8.410469e-17
3468.465197119679 1.1275262e-16
3473.153019461598 1.144503e-16
3477.840841803517 1.2948274e-16
3482.528664145436 1.273682e-16
3487.216486487355 7.653452e-17
3491.9043088292738 7.8974665e-17
3496.5921311711927 8.5545755e-17
3501.2799535131116 1.2049511e-16
3505.9677758550306 1.2381507e-16
3510.6555981969495 1.183425e-16
3515.3434205388685 8.6857584e-17
3520.0312428807874 1.0680495e-16
3524.7190652227064 9.538394e-17
3529.4068875646253 9.415857e-17
3534.0947099065443 7.056133e-17
3538.782532248463 9.7334614e-17
3543.470354590382 1.0538345e-16
3548.158176932301 6.128164e-17
3552.84599927422 5.653617e-17
3557.533821616139 7.5595725e-17
3562.221643958058 9.569314e-17
3566.909466299977 1.0513691e-16
3571.597288641896 7.5744194e-17
3576.285110983815 6.282631e-17
3580.9729333257337 7.258487e-17
3585.6607556676527 7.3056254e-17
3590.3485780095716 4.4788895e-17
3595.0364003514906 6.104348e-17
3599.7242226934095 7.923401e-17
3604.4120450353284 7.617867e-17
3609.0998673772474 4.0805415e-17
3613.7876897191663 5.399091e-17
3618.4755120610853 6.767093e-17
3623.1633344030042 8.922023e-17
3627.851156744923 7.697262e-17
3632.538979086842 5.0044563e-17
3637.226801428761 4.56948e-17
3641.91462377068 5.434293e-17
3646.602446112599 9.255027e-17
3651.290268454518 1.00141946e-16
3655.978090796437 8.2773807e-17
3660.665913138356 9.2140985e-17
3665.3537354802747 9.644431e-17
3670.0415578221937 1.08549595e-16
3674.7293801641126 1.01931905e-16
3679.4172025060316 1.0422568e-16
3684.1050248479505 1.3264212e-16
3688.7928471898695 1.1757209e-16
3693.4806695317884 1.2295922e-16
3698.1684918737074 1.1893205e-16
3702.8563142156263 1.0187157e-16
3707.5441365575452 1.1022827e-16
3712.231958899464 1.26265e-16
3716.919781241383 1.3421638e-16
3721.607603583302 1.1881702e-16
3726.295425925221 1.2855386e-16
3730.98324826714 1.4885167e-16
3735.671070609059 1.5395598e-16
3740.358892950978 1.5708591e-16
3745.046715292897 1.55196e-16
3749.7345376348158 1.8867265e-16
3754.4223599767347 2.12455e-16
3759.1101823186536 2.1192378e-16
3763.7980046605726 1.9585211e-16
3768.4858270024915 1.8220646e-16
3773.1736493444105 1.8933836e-16
3777.8614716863294 2.0542416e-16
3782.5492940282484 2.1371678e-16
3787.2371163701673 2.1264009e-16
3791.9249387120863 1.6579066e-16
3796.612761054005 1.663938e-16
3801.300583395924 1.9753733e-16
3805.988405737843 1.7897597e-16
3810.676228079762 1.7772293e-16
3815.364050421681 1.8002173e-16
3820.0518727636 1.5489756e-16
3824.739695105519 1.7838714e-16
3829.427517447438 1.7064526e-16
3834.1153397893568 1.4406035e-16
3838.8031621312757 1.4229954e-16
3843.4909844731947 1.3035755e-16
3848.1788068151136 1.4154262e-16
3852.8666291570325 1.4571639e-16
3857.5544514989515 1.261621e-16
3862.2422738408704 1.1982967e-16
3866.9300961827894 1.2465213e-16
3871.6179185247083 1.3021884e-16
3876.3057408666273 1.4129829e-16
3880.993563208546 1.4375586e-16
3885.681385550465 1.4188743e-16
3890.369207892384 1.4903226e-16
3895.057030234303 1.360045e-16
3899.744852576222 1.5898425e-16
3904.432674918141 1.8073548e-16
3909.12049726006 1.5708804e-16
3913.808319601979 1.5634011e-16
3918.496141943898 1.7752207e-16
3923.1839642858167 1.7608382e-16
3927.8717866277357 1.6841764e-16
3932.5596089696546 1.6465319e-16
3937.2474313115736 1.4654223e-16
3941.9352536534925 1.3193446e-16
3946.6230759954115 1.293738e-16
3951.3108983373304 1.2208827e-16
3955.9987206792493 1.4388645e-16
3960.6865430211683 1.4250112e-16
3965.3743653630872 1.3417027e-16
3970.062187705006 1.1710886e-16
3974.750010046925 9.6878004e-17
3979.437832388844 9.448187e-17
3984.125654730763 9.706765e-17
3988.813477072682 8.9401826e-17
3993.501299414601 9.459971e-17
3998.18912175652 1.1089867e-16
4002.876944098439 1.1171561e-16
4007.5647664403577 1.1265342e-16
4012.2525887822767 1.1384864e-16
4016.9404111241956 1.3085171e-16
4021.6282334661146 1.1956881e-16
4026.3160558080335 1.06523664e-16
4031.0038781499525 1.1361966e-16
4035.6917004918714 1.2443654e-16
4040.3795228337904 1.1962212e-16
4045.0673451757093 1.1001463e-16
4049.7551675176283 1.1411941e-16
4054.442989859547 1.134741e-16
4059.130812201466 1.1209664e-16
4063.818634543385 9.885905e-17
4068.506456885304 1.1113778e-16
4073.194279227223 9.597605e-17
4077.882101569142 9.32067e-17
4082.569923911061 1.3288515e-16
4087.25774625298 1.3607654e-16
4091.9455685948988 1.04772344e-16
4096.633390936818 1.0379977e-16
4101.321213278737 1.2293345e-16
4106.009035620656 8.7933356e-17
4110.6968579625745 9.229663e-17
4115.3846803044935 8.908641e-17
4120.072502646412 7.721572e-17
4124.760324988331 7.310095e-17
4129.44814733025 9.2497626e-17
4134.135969672169 1.1200679e-16
4138.823792014088 8.9589245e-17
4143.511614356007 8.9373874e-17
4148.199436697926 8.920825e-17
4152.887259039845 7.599361e-17
4157.575081381764 8.057104e-17
4162.262903723683 8.000472e-17
4166.950726065602 9.4702916e-17
4171.638548407521 9.649504e-17
4176.32637074944 9.747216e-17
4181.014193091359 8.5143236e-17
4185.702015433278 9.0043004e-17
4190.389837775197 9.5765585e-17
4195.077660117116 7.997814e-17
4199.7654824590345 1.0537056e-16
4204.453304800953 9.402674e-17
4209.141127142872 7.85457e-17
4213.828949484791 7.6778514e-17
4218.51677182671 6.724903e-17
4223.204594168629 7.081257e-17
4227.892416510548 8.739841e-17
4232.580238852467 1.0328767e-16
4237.268061194386 1.0875959e-16
4241.955883536305 1.0354088e-16
4246.643705878224 9.5194407e-17
4251.331528220143 8.4288096e-17
4256.019350562062 1.0214919e-16
4260.707172903981 1.2074251e-16
4265.3949952459 1.0541185e-16
4270.082817587819 1.2577129e-16
4274.770639929738 1.390918e-16
4279.458462271657 1.3846552e-16
4284.1462846135755 1.6513856e-16
4288.8341069554945 1.5587026e-16
4293.521929297413 1.8149159e-16
4298.209751639332 1.76867e-16
4302.897573981251 1.5277347e-16
4307.58539632317 1.5296982e-16
4312.273218665089 1.8421914e-16
4316.961041007008 1.7841165e-16
4321.648863348927 1.7583546e-16
4326.336685690846 1.7645348e-16
4331.024508032765 1.8180129e-16
4335.712330374684 1.9888506e-16
4340.400152716603 1.7549396e-16
4345.087975058522 1.7211762e-16
4349.775797400441 1.7832542e-16
4354.46361974236 1.9485024e-16
4359.151442084279 1.8484294e-16
4363.839264426198 1.9523396e-16
4368.5270867681165 1.9662069e-16
4373.2149091100355 2.0029079e-16
4377.902731451954 2.1517173e-16
4382.590553793873 2.1797984e-16
4387.278376135792 2.1240452e-16
4391.966198477711 1.9586976e-16
4396.65402081963 1.755225e-16
4401.341843161549 1.9260061e-16
4406.029665503468 2.0285044e-16
4410.717487845387 1.8547635e-16
4415.405310187306 1.7648258e-16
4420.093132529225 1.7030188e-16
4424.780954871144 1.6730375e-16
4429.468777213063 1.9400846e-16
4434.156599554982 1.7780585e-16
4438.844421896901 1.6900271e-16
4443.53224423882 1.8218603e-16
4448.220066580739 1.7983649e-16
4452.907888922658 1.6270517e-16
4457.5957112645765 1.7600253e-16
4462.283533606495 1.7574878e-16
4466.971355948414 1.7372548e-16
4471.659178290333 1.819505e-16
4476.347000632252 1.8154133e-16
4481.034822974171 1.7171716e-16
4485.72264531609 1.7787881e-16
4490.410467658009 1.8054204e-16
4495.098289999928 1.62776e-16
4499.786112341847 1.5682988e-16
4504.473934683766 1.6395298e-16
4509.161757025685 1.5337293e-16
4513.849579367604 1.5122475e-16
4518.537401709523 1.5560435e-16
4523.225224051442 1.4802379e-16
4527.913046393361 1.4826395e-16
4532.60086873528 1.4257637e-16
4537.288691077199 1.3642241e-16
4541.9765134191175 1.4123316e-16
4546.664335761036 1.5869328e-16
4551.352158102955 1.5960954e-16
4556.039980444874 1.4981261e-16
4560.727802786793 1.3750334e-16
4565.415625128712 1.4552641e-16
4570.103447470631 1.499199e-16
4574.79126981255 1.3928762e-16
4579.479092154469 1.3998399e-16
4584.166914496388 1.3678893e-16
4588.854736838307 1.4287124e-16
4593.542559180226 1.6033059e-16
4598.230381522145 1.5090854e-16
4602.918203864064 1.4943947e-16
4607.606026205983 1.6109975e-16
4612.293848547902 1.6035541e-16
4616.981670889821 1.4395898e-16
4621.66949323174 1.5383807e-16
4626.3573155736585 1.6806129e-16
4631.0451379155775 1.6292221e-16
4635.732960257496 1.628315e-16
4640.420782599415 1.5288456e-16
4645.108604941334 1.5099227e-16
4649.796427283253 1.47491e-16
4654.484249625172 1.4763047e-16
4659.172071967091 1.6807597e-16
4663.85989430901 1.6300609e-16
4668.547716650929 1.549103e-16
4673.235538992848 1.61172e-16
4677.923361334767 1.5237352e-16
4682.611183676686 1.4177029e-16
4687.299006018605 1.2697811e-16
4691.986828360524 1.143102e-16
4696.674650702443 1.2061764e-16
4701.362473044362 1.2445366e-16
4706.050295386281 1.2137478e-16
4710.7381177281995 1.1126901e-16
4715.4259400701185 1.3409384e-16
4720.113762412037 1.1915886e-16
4724.801584753956 1.1402395e-16
4729.489407095875 1.2641717e-16
4734.177229437794 1.179425e-16
4738.865051779713 1.1190016e-16
4743.552874121632 1.0809964e-16
4748.240696463551 1.1419138e-16
4752.92851880547 1.2727365e-16
4757.616341147389 1.3852317e-16
4762.304163489308 1.3412282e-16
4766.991985831227 1.311241e-16
4771.679808173146 1.2065646e-16
4776.367630515065 1.1851639e-16
4781.055452856984 1.3236215e-16
4785.743275198903 1.3175269e-16
4790.431097540822 1.3278597e-16
4795.118919882741 1.2861483e-16
4799.8067422246595 1.2601996e-16
4804.494564566578 1.4089808e-16
4809.182386908497 1.2519005e-16
4813.870209250416 1.303604e-16
4818.558031592335 1.2642655e-16
4823.245853934254 1.1451569e-16
4827.933676276173 1.077031e-16
4832.621498618092 1.128422e-16
4837.309320960011 1.1976392e-16
4841.99714330193 1.2748463e-16
4846.684965643849 1.2989851e-16
4851.372787985768 1.1371082e-16
4856.060610327687 1.04986504e-16
4860.748432669606 1.221751e-16
4865.436255011525 1.2517373e-16
4870.124077353444 1.1031971e-16
4874.811899695363 1.1228858e-16
4879.499722037282 1.3669869e-16
4884.1875443792005 1.4345171e-16
4888.8753667211195 1.2769116e-16
4893.563189063038 1.3017104e-16
4898.251011404957 1.4449806e-16
4902.938833746876 1.4832336e-16
4907.626656088795 1.5193668e-16
4912.314478430714 1.4165971e-16
4917.002300772633 1.2913512e-16
4921.690123114552 1.2840446e-16
4926.377945456471 1.2995406e-16
4931.06576779839 1.3319545e-16
4935.753590140309 1.3514738e-16
4940.441412482228 1.3986747e-16
4945.129234824147 1.5972424e-16
4949.817057166066 1.5943372e-16
4954.504879507985 1.5129603e-16
4959.192701849904 1.5449541e-16
4963.880524191823 1.445131e-16
4968.5683465337415 1.3974245e-16
4973.2561688756605 1.4297692e-16
4977.943991217579 1.5654784e-16
4982.631813559498 1.565102e-16
4987.319635901417 1.4378109e-16
4992.007458243336 1.4876093e-16
4996.695280585255 1.5864505e-16
5001.383102927174 1.6059495e-16
5006.070925269093 1.5649581e-16
5010.758747611012 1.5748999e-16
5015.446569952931 1.6169757e-16
5020.13439229485 1.561267e-16
5024.822214636769 1.669771e-16
5029.510036978688 1.6710883e-16
5034.197859320607 1.5308797e-16
5038.885681662526 1.3513051e-16
5043.573504004445 1.3112515e-16
5048.261326346364 1.2601072e-16
5052.949148688283 1.318357e-16
5057.6369710302015 1.4582902e-16
5062.32479337212 1.394244e-16
5067.012615714039 1.3999361e-16
5071.700438055958 1.5877446e-16
5076.388260397877 1.5838913e-16
5081.076082739796 1.4231105e-16
5085.763905081715 1.297054e-16
5090.451727423634 1.3541772e-16
5095.139549765553 1.3409784e-16
5099.827372107472 1.3303323e-16
5104.515194449391 1.4288411e-16
5109.20301679131 1.416183e-16
5113.890839133229 1.3221012e-16
5118.578661475148 1.3180737e-16
5123.266483817067 1.334851e-16
5127.954306158986 1.3479624e-16
5132.642128500905 1.2623819e-16
5137.329950842824 1.2365283e-16
5142.0177731847425 1.373323e-16
5146.705595526661 1.3166276e-16
5151.39341786858 1.1503212e-16
5156.081240210499 1.1716951e-16
5160.769062552418 1.1865318e-16
5165.456884894337 1.2430205e-16
5170.144707236256 1.1017953e-16
5174.832529578175 1.1371768e-16
5179.520351920094 1.1308117e-16
5184.208174262013 1.1788008e-16
5188.895996603932 1.3855885e-16
5193.583818945851 1.3230222e-16
5198.27164128777 1.1977332e-16
5202.959463629689 1.4251777e-16
5207.647285971608 1.4585951e-16
5212.335108313527 1.427247e-16
5217.022930655446 1.3310228e-16
5221.710752997365 1.341901e-16
5226.3985753392835 1.1421885e-16
5231.0863976812025 1.1266899e-16
5235.774220023121 1.2072506e-16
5240.46204236504 1.3173837e-16
5245.149864706959 1.3317773e-16
5249.837687048878 1.3786781e-16
5254.525509390797 1.3762754e-16
5259.213331732716 1.338182e-16
5263.901154074635 1.2335009e-16
5268.588976416554 1.2571556e-16
5273.276798758473 1.2407306e-16
5277.964621100392 1.1292473e-16
5282.652443442311 1.03627884e-16
5287.34026578423 1.1549498e-16
5292.028088126149 1.2574183e-16
5296.715910468068 1.1248758e-16
5301.403732809987 9.9516247e-17
5306.091555151906 9.403231e-17
5310.7793774938245 1.0680522e-16
5315.4671998357435 1.1931509e-16
5320.155022177662 1.2186161e-16
5324.842844519581 1.2739916e-16
5329.5306668615 1.208824e-16
5334.218489203419 1.0017947e-16
5338.906311545338 9.336346e-17
5343.594133887257 8.974019e-17
5348.281956229176 1.1149323e-16
5352.969778571095 1.1951894e-16
5357.657600913014 1.1804368e-16
5362.345423254933 1.04513655e-16
5367.033245596852 9.744606e-17
5371.721067938771 1.1457559e-16
5376.40889028069 1.02865435e-16
5381.096712622609 1.06764e-16
5385.784534964528 1.2491948e-16
5390.472357306447 1.2456755e-16
5395.160179648366 1.10299234e-16
5399.8480019902845 1.1378037e-16
5404.535824332203 1.2404349e-16
5409.223646674122 1.04915506e-16
5413.911469016041 1.05972345e-16
5418.59929135796 1.206825e-16
5423.287113699879 1.1363314e-16
5427.974936041798 1.2224438e-16
5432.662758383717 1.208924e-16
5437.350580725636 1.2194616e-16
5442.038403067555 1.06612106e-16
5446.726225409474 1.0057935e-16
5451.414047751393 1.1541712e-16
5456.101870093312 1.2587526e-16
5460.789692435231 1.2954384e-16
5465.47751477715 1.2339187e-16
5470.165337119069 1.1161272e-16
5474.853159460988 1.0838945e-16
5479.540981802907 1.1251233e-16
5484.2288041448255 1.2724492e-16
5488.9166264867445 1.2195616e-16
5493.604448828663 1.154914e-16
5498.292271170582 1.2057994e-16
5502.980093512501 1.1826044e-16
5507.66791585442 1.1941725e-16
5512.355738196339 1.2561463e-16
5517.043560538258 1.2676753e-16
5521.731382880177 1.1458971e-16
5526.419205222096 1.3063129e-16
5531.107027564015 1.1563203e-16
5535.794849905934 1.204257e-16
5540.482672247853 1.3285933e-16
5545.170494589772 1.3143749e-16
5549.858316931691 1.254487e-16
5554.54613927361 1.1621312e-16
5559.233961615529 1.1612369e-16
5563.921783957448 1.1627393e-16
5568.6096062993665 1.1004336e-16
5573.2974286412855 1.1182918e-16
5577.985250983204 1.10282115e-16
5582.673073325123 1.1432338e-16
5587.360895667042 1.2288844e-16
5592.048718008961 1.00455176e-16
5596.73654035088 9.753254e-17
5601.424362692799 1.1703965e-16
5606.112185034718 1.2121011e-16
5610.800007376637 1.12426e-16
5615.487829718556 1.0778759e-16
5620.175652060475 9.29702e-17
5624.863474402394 8.3403675e-17
5629.551296744313 8.815145e-17
5634.239119086232 1.09306485e-16
5638.926941428151 9.939213e-17
5643.61476377007 8.515735e-17
5648.302586111989 7.7617626e-17
5652.990408453908 8.00458e-17
5657.6782307958265 8.0362026e-17
5662.366053137745 9.208728e-17
5667.053875479664 9.660693e-17
5671.741697821583 7.903324e-17
5676.429520163502 1.01926426e-16
5681.117342505421 1.0868893e-16
5685.80516484734 9.638404e-17
5690.492987189259 1.1479987e-16
5695.180809531178 1.1330102e-16
5699.868631873097 1.1776687e-16
5704.556454215016 1.0790983e-16
5709.244276556935 9.887743e-17
5713.932098898854 1.2164044e-16
5718.619921240773 1.2199952e-16
5723.307743582692 1.0825695e-16
5727.995565924611 1.07711694e-16
5732.68338826653 1.034586e-16
5737.371210608449 1.1845684e-16
5742.0590329503675 1.2021477e-16
5746.746855292286 1.2639664e-16
5751.434677634205 1.2470329e-16
5756.122499976124 1.1794682e-16
5760.810322318043 1.2549157e-16
5765.498144659962 1.3090439e-16
5770.185967001881 9.5596575e-17
5774.8737893438 8.478525e-17
5779.561611685719 8.959898e-17
5784.249434027638 9.0283276e-17
5788.937256369557 1.117944e-16
5793.625078711476 1.2942106e-16
5798.312901053395 1.1997854e-16
5803.000723395314 1.2380897e-16
5807.688545737233 1.3046184e-16
5812.376368079152 1.3055957e-16
5817.064190421071 1.2936182e-16
5821.75201276299 1.1667474e-16
5826.4398351049085 1.243456e-16
5831.1276574468275 1.26339e-16
5835.815479788746 1.236233e-16
5840.503302130665 1.3189151e-16
5845.191124472584 1.1499344e-16
5849.878946814503 1.1539966e-16
5854.566769156422 1.3124615e-16
5859.254591498341 1.1987143e-16
5863.94241384026 1.142165e-16
5868.630236182179 1.2490875e-16
5873.318058524098 1.3123206e-16
5878.005880866017 1.2806037e-16
5882.693703207936 1.1879818e-16
5887.381525549855 1.2191153e-16
5892.069347891774 1.2705214e-16
5896.757170233693 1.1242682e-16
5901.444992575612 1.1589276e-16
5906.132814917531 9.800663e-17
5910.8206372594495 9.395527e-17
5915.5084596013685 9.911135e-17
5920.196281943287 1.0573212e-16
5924.884104285206 1.0526058e-16
5929.571926627125 1.0101402e-16
5934.259748969044 9.450333e-17
5938.947571310963 9.906719e-17
5943.635393652882 9.0590736e-17
5948.323215994801 8.2063186e-17
5953.01103833672 7.5803506e-17
5957.698860678639 7.5615286e-17
5962.386683020558 6.411704e-17
5967.074505362477 7.8052e-17
5971.762327704396 8.4432694e-17
5976.450150046315 6.904142e-17
5981.137972388234 6.484919e-17
5985.825794730153 5.785251e-17
5990.513617072072 5.0436792e-17
5995.201439413991 6.727044e-17
5999.8892617559095 4.8107094e-17
6004.577084097828 4.8888968e-17
6009.264906439747 5.944352e-17
6013.952728781666 4.8869205e-17
6018.640551123585 5.032496e-17
6023.328373465504 4.635131e-17
6028.016195807423 5.76504e-17
6032.704018149342 6.872003e-17
6037.391840491261 6.620383e-17
6042.07966283318 5.3331226e-17
6046.767485175099 7.1092084e-17
6051.455307517018 7.358685e-17
6056.143129858937 6.589875e-17
6060.830952200856 5.839556e-17
6065.518774542775 7.079368e-17
6070.206596884694 6.5123625e-17
6074.894419226613 6.086819e-17
6079.582241568532 6.346971e-17
6084.2700639104505 7.958524e-17
6088.9578862523695 7.877727e-17
6093.645708594288 9.169789e-17
6098.333530936207 7.835777e-17
6103.021353278126 8.216537e-17
6107.709175620045 9.529572e-17
6112.396997961964 7.704928e-17
6117.084820303883 8.898273e-17
6121.772642645802 9.3978736e-17
6126.460464987721 9.720511e-17
6131.14828732964 9.541488e-17
6135.836109671559 7.843982e-17
6140.523932013478 9.337882e-17
6145.211754355397 8.882723e-17
6149.899576697316 9.871171e-17
6154.587399039235 1.0265829e-16
6159.275221381154 9.966663e-17
6163.963043723073 1.0309629e-16
6168.6508660649915 1.1406613e-16
6173.3386884069105 1.1980877e-16
6178.026510748829 1.1566206e-16
6182.714333090748 1.0664667e-16
6187.402155432667 1.0735454e-16
6192.089977774586 1.1309376e-16
6196.777800116505 1.0841841e-16
6201.465622458424 9.764195e-17
6206.153444800343 9.249473e-17
6210.841267142262 1.1397941e-16
6215.529089484181 1.1102124e-16
6220.2169118261 9.596241e-17
6224.904734168019 8.456244e-17
6229.592556509938 1.0028157e-16
6234.280378851857 9.257555e-17
6238.968201193776 8.6848465e-17
6243.656023535695 8.537774e-17
6248.343845877614 1.0802971e-16
6253.031668219533 1.0428497e-16
6257.7194905614515 9.651228e-17
6262.40731290337 8.5802955e-17
6267.095135245289 8.4234045e-17
6271.782957587208 9.547786e-17
6276.470779929127 9.387876e-17
6281.158602271046 9.402382e-17
6285.846424612965 1.0355532e-16
6290.534246954884 1.00745947e-16
6295.222069296803 8.195877e-17
6299.909891638722 9.463416e-17
6304.597713980641 1.03281626e-16
6309.28553632256 8.635926e-17
6313.973358664479 9.060194e-17
6318.661181006398 1.01281536e-16
6323.349003348317 1.0879838e-16
6328.036825690236 9.707276e-17
6332.724648032155 9.9855404e-17
6337.412470374074 9.921226e-17
6342.1002927159925 9.775566e-17
6346.788115057911 1.0577804e-16
6351.47593739983 1.06154874e-16
6356.163759741749 8.240512e-17
6360.851582083668 8.3261387e-17
6365.539404425587 8.4878154e-17
6370.227226767506 9.687659e-17
6374.915049109425 1.0068378e-16
6379.602871451344 9.526544e-17
6384.290693793263 8.605842e-17
6388.978516135182 9.7381095e-17
6393.666338477101 1.112422e-16
6398.35416081902 9.781441e-17
6403.041983160939 7.810085e-17
6407.729805502858 9.11618e-17
6412.417627844777 1.0315486e-16
6417.105450186696 1.0979699e-16
6421.793272528615 1.0454532e-16
6426.4810948705335 1.0924076e-16
6431.1689172124525 9.524704e-17
6435.856739554371 8.993202e-17
6440.54456189629 8.0162715e-17
6445.232384238209 8.0908217e-17
6449.920206580128 9.7616305e-17
6454.608028922047 9.4463576e-17
6459.295851263966 1.0082888e-16
6463.983673605885 7.651242e-17
6468.671495947804 7.663618e-17
6473.359318289723 8.2739535e-17
6478.047140631642 9.1700144e-17
6482.734962973561 7.7083505e-17
6487.42278531548 8.847236e-17
6492.110607657399 1.05117537e-16
6496.798429999318 9.190372e-17
6501.486252341237 9.241872e-17
6506.174074683156 1.0452185e-16
6510.8618970250745 9.2714625e-17
6515.5497193669935 9.824037e-17
6520.237541708912 9.641105e-17
6524.925364050831 9.489786e-17
6529.61318639275 8.083982e-17
6534.301008734669 7.553852e-17
6538.988831076588 8.746403e-17
6543.676653418507 8.3840506e-17
6548.364475760426 6.95931e-17
6553.052298102345 6.871335e-17
6557.740120444264 9.0586044e-17
6562.427942786183 1.03217886e-16
6567.115765128102 8.024641e-17
6571.803587470021 8.302734e-17
6576.49140981194 9.422875e-17
6581.179232153859 7.732927e-17
6585.867054495778 7.671627e-17
6590.554876837697 6.911538e-17
6595.242699179616 6.5418307e-17
6599.9305215215345 9.222838e-17
6604.618343863453 1.0214846e-16
6609.306166205372 8.551512e-17
6613.993988547291 7.7035655e-17
6618.68181088921 9.101766e-17
6623.369633231129 8.6801144e-17
6628.057455573048 6.878837e-17
6632.745277914967 6.776638e-17
6637.433100256886 8.57308e-17
6642.120922598805 8.624942e-17
6646.808744940724 9.4246325e-17
6651.496567282643 8.272048e-17
6656.184389624562 8.88138e-17
6660.872211966481 7.578736e-17
6665.5600343084 7.599381e-17
6670.247856650319 7.3685414e-17
6674.935678992238 8.0518787e-17
6679.623501334157 7.354461e-17
6684.3113236760755 7.374389e-17
6688.9991460179945 6.7259624e-17
6693.686968359913 7.295193e-17
6698.374790701832 8.004777e-17
6703.062613043751 7.3335345e-17
6707.75043538567 6.3046786e-17
6712.438257727589 6.2088455e-17
6717.126080069508 5.365838e-17
6721.813902411427 6.06558e-17
6726.501724753346 7.9828666e-17
6731.189547095265 6.615344e-17
6735.877369437184 5.621852e-17
6740.565191779103 5.891277e-17
6745.253014121022 6.7061e-17
6749.940836462941 7.8865133e-17
6754.62865880486 7.034336e-17
6759.316481146779 6.647283e-17
6764.004303488698 6.686313e-17
6768.6921258306165 6.7123477e-17
6773.3799481725355 7.297471e-17
6778.067770514454 7.065015e-17
6782.755592856373 5.891756e-17
6787.443415198292 5.684053e-17
6792.131237540211 7.9475255e-17
6796.81905988213 8.650745e-17
6801.506882224049 7.728732e-17
6806.194704565968 8.679447e-17
6810.882526907887 8.9540257e-17
6815.570349249806 8.754673e-17
6820.258171591725 6.848551e-17
6824.945993933644 6.484927e-17
6829.633816275563 7.224249e-17
6834.321638617482 7.1907605e-17
6839.009460959401 8.136696e-17
6843.69728330132 7.251248e-17
6848.385105643239 6.7412196e-17
6853.072927985158 6.56316e-17
6857.7607503270765 6.0177734e-17
6862.448572668995 6.548249e-17
6867.136395010914 6.787767e-17
6871.824217352833 8.566861e-17
6876.512039694752 9.2036085e-17
6881.199862036671 8.8430564e-17
6885.88768437859 8.794396e-17
6890.575506720509 7.7631635e-17
6895.263329062428 7.9003736e-17
6899.951151404347 7.44427e-17
6904.638973746266 7.636861e-17
6909.326796088185 6.4956065e-17
6914.014618430104 8.277324e-17
6918.702440772023 8.6806074e-17
6923.390263113942 6.89824e-17
6928.078085455861 6.2502144e-17
6932.76590779778 6.102118e-17
6937.453730139699 5.6357694e-17
6942.1415524816175 6.291899e-17
6946.829374823536 6.5442606e-17
6951.517197165455 6.587397e-17
6956.205019507374 7.505434e-17
6960.892841849293 7.155148e-17
6965.580664191212 7.4551803e-17
6970.268486533131 8.8042365e-17
6974.95630887505 9.496976e-17
6979.644131216969 9.835554e-17
6984.331953558888 9.431237e-17
6989.019775900807 9.13784e-17
6993.707598242726 8.006051e-17
6998.395420584645 6.751705e-17
7003.083242926564 6.6062515e-17
7007.771065268483 5.9385235e-17
7012.458887610402 7.1184424e-17
7017.146709952321 8.757491e-17
7021.83453229424 6.6291505e-17
7026.5223546361585 6.9690754e-17
7031.2101769780775 8.727273e-17
7035.897999319996 9.66745e-17
7040.585821661915 9.531979e-17
7045.273644003834 8.625676e-17
7049.961466345753 7.655332e-17
7054.649288687672 6.061764e-17
7059.337111029591 7.0469806e-17
7064.02493337151 7.6106e-17
7068.712755713429 6.507848e-17
7073.400578055348 7.53761e-17
7078.088400397267 6.65157e-17
7082.776222739186 5.4338983e-17
7087.464045081105 7.6345243e-17
7092.151867423024 8.794634e-17
7096.839689764943 7.6912186e-17
7101.527512106862 8.517834e-17
7106.215334448781 8.951989e-17
7110.9031567906995 6.890535e-17
7115.5909791326185 7.025276e-17
7120.278801474537 9.6341415e-17
7124.966623816456 9.043562e-17
7129.654446158375 5.995052e-17
7134.342268500294 5.9451773e-17
7139.030090842213 5.87943e-17
7143.717913184132 7.6869266e-17
7148.405735526051 8.301113e-17
7153.09355786797 8.415779e-17
7157.781380209889 7.1657307e-17
7162.469202551808 6.089545e-17
7167.157024893727 5.977597e-17
7171.844847235646 6.339873e-17
7176.532669577565 7.5541886e-17
7181.220491919484 6.81333e-17
7185.908314261403 7.434835e-17
7190.596136603322 7.0320966e-17
7195.283958945241 8.837148e-17
7199.9717812871595 8.897361e-17
7204.659603629078 8.751367e-17
7209.347425970997 8.168719e-17
7214.035248312916 7.4251775e-17
7218.723070654835 5.922716e-17
7223.410892996754 7.002092e-17
7228.098715338673 7.8486126e-17
7232.786537680592 6.524941e-17
7237.474360022511 6.148217e-17
7242.16218236443 6.4185245e-17
7246.850004706349 5.589271e-17
7251.537827048268 6.7831934e-17
7256.225649390187 7.2536963e-17
7260.913471732106 6.172023e-17
7265.601294074025 7.405559e-17
7270.289116415944 6.7448274e-17
7274.976938757863 5.3778003e-17
7279.664761099782 5.0134917e-17
7284.3525834417005 6.3471494e-17
7289.0404057836195 7.7231134e-17
7293.728228125538 6.7628315e-17
7298.416050467457 6.333288e-17
7303.103872809376 6.533006e-17
7307.791695151295 6.589505e-17
7312.479517493214 6.256277e-17
7317.167339835133 6.1827985e-17
7321.855162177052 3.8377607e-17
7326.542984518971 5.6487827e-17
7331.23080686089 6.476233e-17
7335.918629202809 4.5968435e-17
7340.606451544728 4.2201256e-17
7345.294273886647 4.4940144e-17
7349.982096228566 2.7890532e-17
7354.669918570485 3.66518e-17
7359.357740912404 6.230229e-17
7364.045563254323 4.5621062e-17
7368.7333855962415 4.455536e-17
7373.4212079381605 6.6324996e-17
7378.109030280079 3.4688477e-17
7382.796852621998 2.1960459e-17
7387.484674963917 2.6771411e-17
7392.172497305836 5.895239e-17
7396.860319647755 4.143032e-17
7401.548141989674 3.2771933e-17
7406.235964331593 4.4469336e-17
7410.923786673512 4.8919107e-17
7415.611609015431 2.527814e-17
7420.29943135735 4.2219398e-17
7424.987253699269 4.0655934e-17
7429.675076041188 3.5463082e-17
7434.362898383107 2.4419857e-17
7439.050720725026 1.17729225e-17
7443.738543066945 1.4727979e-17
7448.426365408864 2.088949e-17
7453.114187750783 4.425469e-17
7457.8020100927015 2.1841327e-17
7462.48983243462 1.2270842e-17
7467.177654776539 3.607973e-17
7471.865477118458 1.2584647e-17
7476.553299460377 3.2030895e-17
7481.241121802296 4.6401047e-17
7485.928944144215 3.990086e-17
7490.616766486134 1.5508287e-17
7495.304588828053 2.4723631e-17
7499.992411169972 3.5590852e-17
7504.680233511891 1.8704327e-17
7509.36805585381 2.0642539e-17
7514.055878195729 3.517255e-17
7518.743700537648 3.8148038e-17
7523.431522879567 3.3987518e-17
7528.119345221486 2.2613273e-17
7532.807167563405 2.7409991e-17
7537.494989905324 3.6438133e-17
7542.1828122472425 5.3984113e-17
7546.870634589161 6.019834e-17
7551.55845693108 2.8346715e-17
7556.246279272999 3.0252698e-17
7560.934101614918 6.2182747e-17
7565.621923956837 6.331913e-17
7570.309746298756 5.2789982e-17
7574.997568640675 5.1335884e-17
7579.685390982594 6.042491e-17
7584.373213324513 5.4519802e-17
7589.061035666432 6.4275044e-17
7593.748858008351 7.795615e-17
7598.43668035027 6.212842e-17
7603.124502692189 4.488033e-17
7607.812325034108 4.2423328e-17
7612.500147376027 6.367413e-17
7617.187969717946 6.5647283e-17
7621.875792059865 5.9467556e-17
7626.5636144017835 8.183136e-17
7631.2514367437025 7.942435e-17
7635.939259085621 7.287656e-17
7640.62708142754 7.4772766e-17
7645.314903769459 6.5101225e-17
7650.002726111378 5.756579e-17
7654.690548453297 5.597147e-17
7659.378370795216 6.630851e-17
7664.066193137135 9.4547704e-17
7668.754015479054 8.4166686e-17
7673.441837820973 6.8777547e-17
7678.129660162892 8.441837e-17
7682.817482504811 9.322555e-17
7687.50530484673 6.7907875e-17
7692.193127188649 6.1446046e-17
7696.880949530568 5.181391e-17
7701.568771872487 6.78812e-17
7706.256594214406 7.027944e-17
7710.9444165563245 6.146208e-17
7715.6322388982435 7.0222724e-17
7720.320061240162 7.853438e-17
7725.007883582081 7.3765896e-17
7729.695705924 5.61054e-17
7734.383528265919 5.8941145e-17
7739.071350607838 9.239777e-17
7743.759172949757 9.860683e-17
7748.446995291676 9.737337e-17
7753.134817633595 7.342818e-17
7757.822639975514 6.86204e-17
7762.510462317433 8.8202686e-17
7767.198284659352 6.7032335e-17
7771.886107001271 4.7726108e-17
7776.57392934319 5.7143556e-17
7781.261751685109 6.2808333e-17
7785.949574027028 7.8310274e-17
7790.637396368947 7.1760254e-17
7795.325218710866 4.404466e-17
7800.0130410527845 5.5534914e-17
7804.700863394703 8.148089e-17
7809.388685736622 7.8151806e-17
7814.076508078541 6.050269e-17
7818.76433042046 4.13893e-17
7823.452152762379 6.775016e-17
7828.139975104298 5.160177e-17
7832.827797446217 4.1641877e-17
7837.515619788136 4.752022e-17
7842.203442130055 3.8722538e-17
7846.891264471974 4.7535598e-17
7851.579086813893 5.4510005e-17
7856.266909155812 5.149312e-17
7860.954731497731 5.4023407e-17
7865.64255383965 5.965761e-17
7870.330376181569 6.1392425e-17
7875.018198523488 5.151171e-17
7879.706020865407 4.2659382e-17
7884.3938432073255 3.6137807e-17
7889.0816655492445 4.4592407e-17
7893.769487891163 7.501827e-17
7898.457310233082 6.369142e-17
7903.145132575001 4.0159933e-17
7907.83295491692 3.9915332e-17
7912.520777258839 4.618074e-17
7917.208599600758 6.806811e-17
7921.896421942677 6.6535e-17
7926.584244284596 4.229291e-17
7931.272066626515 4.3386457e-17
7935.959888968434 5.854451e-17
7940.647711310353 5.4716313e-17
7945.335533652272 4.7705336e-17
7950.023355994191 5.356059e-17
7954.71117833611 6.7908484e-17
7959.399000678029 6.9654504e-17
7964.086823019948 5.0555436e-17
7968.7746453618665 4.9975007e-17
7973.4624677037855 4.8472255e-17
7978.150290045704 6.4420184e-17
7982.838112387623 7.348622e-17
7987.525934729542 7.665818e-17
7992.213757071461 7.164243e-17
7996.90157941338 4.6986284e-17
8001.589401755299 3.1932454e-17
8006.277224097218 4.4392696e-17
8010.965046439137 5.709893e-17
8015.652868781056 2.9455567e-17
8020.340691122975 2.6688764e-17
8025.028513464894 4.9503884e-17
8029.716335806813 6.592921e-17
8034.404158148732 6.187033e-17
8039.091980490651 5.3885434e-17
8043.77980283257 1.6854963e-17
8048.467625174489 1.6054883e-17
8053.155447516408 2.4546876e-17
8057.8432698583265 2.4071105e-17
8062.531092200245 3.0126897e-17
8067.218914542164 3.5027112e-17
8071.906736884083 3.9898233e-17
8076.594559226002 3.6641702e-17
8081.282381567921 4.2594345e-17
8085.97020390984 8.168226e-18
8090.658026251759 7.836507e-18
8095.345848593678 3.7083298e-17
8100.033670935597 2.4264579e-17
8104.721493277516 1.20770446e-17
8109.409315619435 2.784291e-17
8114.097137961354 2.3139284e-17
8118.784960303273 3.660193e-18
8123.472782645192 2.3428855e-17
8128.160604987111 3.6672043e-18
8132.84842732903 6.535144e-18
8137.536249670949 2.1773228e-17
8142.2240720128675 3.610308e-17
8146.911894354786 1.0731579e-18
8151.599716696705 2.8779807e-17
8156.287539038624 3.525118e-17
8160.975361380543 2.021105e-17
8165.663183722462 3.4211535e-17
8170.351006064381 1.8371144e-17
8175.0388284063 6.563957e-20
8179.726650748219 8.849047e-19
8184.414473090138 3.1837302e-17
8189.102295432057 3.4733178e-17
8193.790117773977 9.746217e-18
8198.477940115896 3.1910196e-17
8203.165762457815 3.0451993e-17
8207.853584799734 6.9107863e-18
8212.541407141653 1.29380254e-17
8217.229229483572 4.4312843e-18
8221.91705182549 1.09001436e-17
8226.60487416741 2.7770538e-17
8231.292696509328 3.958904e-17
8235.980518851247 3.5737667e-17
8240.668341193166 2.634602e-18
8245.356163535085 8.5541154e-18
8250.043985877004 3.1261144e-17
8254.731808218923 4.0948365e-17
8259.419630560842 3.8799367e-17
8264.107452902761 4.7071048e-18
8268.79527524468 3.1885894e-17
8273.483097586599 2.7491895e-17
8278.170919928518 7.784772e-18
8282.858742270437 1.4456325e-17
8287.546564612356 1.9908712e-17
8292.234386954275 9.09805e-18
8296.922209296194 1.2441858e-17
8301.610031638113 2.3289811e-17
8306.297853980032 1.7707292e-17
8310.98567632195 4.6946526e-17
8315.67349866387 2.2987794e-17
8320.361321005788 3.8441383e-17
8325.049143347707 1.8564343e-17
8329.736965689626 1.5863276e-17
8334.424788031545 3.428627e-17
8339.112610373464 3.7321178e-17
8343.800432715383 4.5293548e-17
8348.488255057302 3.1638123e-17
8353.176077399221 4.241393e-17
8357.86389974114 3.509934e-17
8362.551722083059 2.530639e-17
8367.239544424978 3.1157306e-17
8371.927366766897 6.1367583e-17
8376.615189108816 5.675161e-17
8381.303011450735 4.0318596e-17
8385.990833792654 2.7723661e-17
8390.678656134573 1.8178508e-17
8395.366478476491 2.9961167e-17
8400.05430081841 3.7403347e-17
8404.74212316033 5.966806e-17
8409.429945502248 3.861549e-17
8414.117767844167 5.2293303e-17
8418.805590186086 4.9080166e-17
8423.493412528005 2.6678198e-17
8428.181234869924 2.1352185e-17
8432.869057211843 3.1290257e-17
8437.556879553762 6.53295e-17
8442.244701895681 7.045272e-17
8446.9325242376 4.8193964e-17
8451.620346579519 4.194772e-17
8456.308168921438 3.8275027e-17
8460.995991263357 4.765919e-17
8465.683813605276 5.818468e-17
8470.371635947195 6.46863e-17
8475.059458289114 6.223426e-17
8479.747280631032 5.2004428e-17
8484.435102972951 4.764354e-17
8489.12292531487 5.4656528e-17
8493.81074765679 3.8174147e-17
8498.498569998708 3.7545172e-17
8503.186392340627 7.67852e-17
8507.874214682546 4.384351e-17
8512.562037024465 6.6588906e-17
8517.249859366384 8.7133134e-17
8521.937681708303 8.150173e-17
8526.625504050222 4.438306e-17
8531.31332639214 3.7313648e-17
8536.00114873406 5.2557944e-17
8540.688971075979 4.7744157e-17
8545.376793417898 5.2282748e-17
8550.064615759817 5.2282748e-17
