4150.00008227478 1.2288477e-17
4153.26596665301 -6.0751205e-18
4156.53185103124 6.5720013e-18
4159.79773540947 4.1060464e-18
4163.0636197877 -8.84271e-19
4166.32950416593 3.448834e-17
4169.59538854416 3.188844e-17
4172.8612729223905 2.5545379e-17
4176.127157300621 1.9480772e-17
4179.393041678851 2.0130602e-17
4182.658926057081 3.031224e-17
4185.924810435311 2.639277e-17
4189.190694813541 4.1441008e-17
4192.456579191771 4.0908118e-17
4195.722463570001 8.912787e-18
4198.988347948231 9.551102e-18
4202.2542323264615 2.6983082e-17
4205.520116704692 2.9393072e-17
4208.786001082922 9.712932e-18
4212.051885461152 -4.6903717e-18
4215.317769839382 -4.0768233e-18
4218.583654217612 1.863634e-17
4221.849538595842 1.9603605e-17
4225.115422974072 1.28183034e-17
4228.381307352302 1.0844928e-17
4231.6471917305325 4.726918e-18
4234.913076108763 1.8568023e-17
4238.178960486993 1.822541e-17
4241.444844865223 1.3175661e-17
4244.710729243453 1.5008643e-17
4247.976613621683 1.9987956e-17
4251.242497999913 1.6065748e-17
4254.508382378143 3.7981842e-18
4257.774266756373 -5.5575e-18
4261.040151134604 -1.6264272e-17
4264.306035512834 -1.3135908e-17
4267.571919891064 -3.214612e-18
4270.837804269294 -6.738179e-18
4274.103688647524 -8.918413e-18
4277.369573025754 -2.1384933e-17
4280.635457403984 -1.24880524e-17
4283.901341782214 1.959445e-17
4287.167226160444 6.057705e-18
4290.433110538675 1.3477971e-18
4293.698994916905 -1.27154295e-17
4296.964879295135 -2.4628763e-17
4300.230763673365 -5.1151464e-19
4303.496648051595 1.6852127e-17
4306.762532429825 -5.7186474e-18
4310.028416808055 -1.737329e-18
4313.294301186285 2.1715882e-17
4316.560185564515 7.215645e-18
4319.826069942746 -1.4979956e-17
4323.091954320976 -1.6218254e-17
4326.357838699206 1.05870946e-17
4329.623723077436 2.5752204e-17
4332.889607455666 1.6934473e-17
4336.155491833896 6.9264035e-18
4339.421376212126 -1.8191568e-17
4342.687260590356 -2.7257529e-17
4345.9531449685865 -1.9812099e-17
4349.219029346817 7.132419e-18
4352.484913725047 2.7931275e-17
4355.750798103277 2.899019e-17
4359.016682481507 1.0164969e-18
4362.282566859737 -6.0064893e-18
4365.548451237967 2.0693125e-18
4368.814335616197 -3.522325e-18
4372.080219994427 4.2097777e-18
4375.3461043726575 1.9395764e-18
4378.611988750888 -5.0349247e-18
4381.877873129118 -1.3202356e-17
4385.143757507348 -1.1686556e-17
4388.409641885578 -2.4243963e-20
4391.675526263808 4.9783696e-18
4394.941410642038 1.4872137e-17
4398.207295020268 1.7626005e-17
4401.473179398498 1.08e-17
4404.7390637767285 9.5164185e-18
4408.004948154959 9.701586e-18
4411.270832533189 1.0587553e-17
4414.536716911419 1.9092313e-17
4417.802601289649 2.4708437e-17
4421.068485667879 1.1582647e-17
4424.334370046109 1.2399925e-17
4427.600254424339 4.379634e-18
4430.866138802569 -1.2047325e-17
4434.1320231807995 -3.4754717e-18
4437.39790755903 2.0540488e-17
4440.66379193726 3.6406138e-17
4443.92967631549 3.1813853e-17
4447.19556069372 1.4983416e-17
4450.46144507195 1.5816704e-17
4453.72732945018 3.4753004e-17
4456.99321382841 2.9131217e-17
4460.25909820664 1.09187675e-17
4463.5249825848705 2.9756487e-18
4466.790866963101 1.0092645e-17
4470.056751341331 2.5436082e-17
4473.322635719561 2.4289264e-17
4476.588520097791 2.2101363e-17
4479.854404476021 1.1034529e-17
4483.120288854251 -5.39101e-18
4486.386173232481 -1.2098335e-18
4489.652057610711 5.3397507e-18
4492.9179419889415 7.170081e-18
4496.183826367172 5.6060495e-18
4499.449710745402 -9.532736e-18
4502.715595123632 -1.3664726e-17
4505.981479501862 -1.5154898e-17
4509.247363880092 -4.989568e-18
4512.513248258322 5.3512903e-18
4515.779132636552 5.589352e-18
4519.045017014782 7.211573e-18
4522.3109013930125 6.7635473e-18
4525.576785771243 3.6622384e-18
4528.842670149473 7.313641e-18
4532.108554527703 1.4965309e-17
4535.374438905933 2.1562861e-17
4538.640323284163 3.1030364e-17
4541.906207662393 3.0062397e-17
4545.172092040623 2.1209899e-17
4548.437976418853 2.4318081e-17
4551.7038607970835 2.8800255e-17
4554.969745175314 4.090648e-18
4558.235629553544 5.9336478e-18
4561.501513931774 2.9063365e-17
4564.767398310004 1.9643625e-17
4568.033282688234 8.867519e-18
4571.299167066464 2.7291694e-17
4574.565051444694 3.3091933e-17
4577.830935822924 7.751824e-18
4581.0968202011545 -4.6853412e-18
4584.362704579385 -1.6925085e-18
4587.628588957615 2.2397098e-18
4590.894473335845 2.028553e-18
4594.160357714075 -4.5209587e-19
4597.426242092305 6.960926e-18
4600.692126470535 1.993194e-17
4603.958010848765 3.6090145e-17
4607.223895226995 2.9071018e-17
4610.4897796052255 1.0552795e-17
4613.755663983456 1.7559127e-17
4617.021548361686 2.206097e-17
4620.287432739916 1.8040756e-17
4623.553317118146 2.574043e-17
4626.819201496376 2.3954615e-17
4630.085085874606 2.7269375e-17
4633.350970252836 2.1365215e-17
4636.616854631066 5.3690205e-18
4639.8827390092965 8.970206e-18
4643.148623387527 2.2830867e-17
4646.414507765757 3.551081e-17
4649.680392143987 3.4228714e-17
4652.946276522217 2.4794921e-17
4656.212160900447 3.8766216e-17
4659.478045278677 3.6485815e-17
4662.743929656907 3.2197228e-17
4666.009814035137 2.8672813e-17
4669.2756984133675 1.7994505e-17
4672.541582791598 2.6167275e-17
4675.807467169828 4.3388614e-17
4679.073351548058 3.036397e-17
4682.339235926288 1.2432087e-17
4685.605120304518 2.7562798e-17
4688.871004682748 5.8044375e-17
4692.136889060978 6.088605e-17
4695.402773439208 4.326773e-17
4698.6686578174385 3.5411552e-17
4701.934542195669 2.0342826e-17
4705.200426573899 1.3172624e-17
4708.466310952129 2.0132147e-17
4711.732195330359 2.1413084e-17
4714.998079708589 1.7986748e-17
4718.263964086819 2.3078246e-17
4721.529848465049 4.1605765e-17
4724.795732843279 5.4095726e-17
4728.06161722151 3.9806035e-17
4731.32750159974 1.993641e-17
4734.59338597797 2.4014464e-17
4737.8592703562 2.8380104e-17
4741.12515473443 2.3679938e-17
4744.39103911266 2.7947243e-17
4747.65692349089 4.3099627e-17
4750.92280786912 4.229452e-17
4754.18869224735 4.3696345e-17
4757.454576625581 4.64533e-17
4760.720461003811 4.4536754e-17
4763.986345382041 4.5779755e-17
4767.252229760271 4.2407317e-17
4770.518114138501 1.537344e-17
4773.783998516731 9.742513e-18
4777.049882894961 2.004135e-17
4780.315767273191 2.5128852e-17
4783.581651651421 3.0631044e-17
4786.847536029652 1.9085017e-17
4790.113420407882 4.4301246e-18
4793.379304786112 -3.8713384e-18
4796.645189164342 1.2193692e-17
4799.911073542572 3.285938e-17
4803.176957920802 2.2214926e-17
4806.442842299032 5.7542017e-18
4809.708726677262 6.6601613e-18
4812.9746110554925 1.8421264e-17
4816.240495433723 1.6384148e-17
4819.506379811953 -5.3417184e-19
4822.772264190183 -8.344907e-18
4826.038148568413 -7.418748e-18
4829.304032946643 3.148967e-18
4832.569917324873 1.1019904e-17
4835.835801703103 1.9361078e-18
4839.101686081333 2.500784e-18
4842.3675704595635 2.6881992e-17
4845.633454837794 2.521915e-17
4848.899339216024 9.8625266e-18
4852.165223594254 1.3740864e-17
4855.431107972484 1.413677e-17
4858.696992350714 8.106779e-18
4861.962876728944 1.3692237e-17
4865.228761107174 2.1497736e-17
4868.494645485404 1.998531e-17
4871.7605298636345 2.5788395e-17
4875.026414241865 2.4136442e-17
4878.292298620095 2.0868558e-17
4881.558182998325 2.5924342e-17
4884.824067376555 2.6914475e-17
4888.089951754785 1.3521416e-17
4891.355836133015 2.9098735e-18
4894.621720511245 -1.1751718e-18
4897.887604889475 7.551144e-18
4901.1534892677055 2.4054085e-17
4904.419373645936 3.4696594e-17
4907.685258024166 3.577355e-17
4910.951142402396 2.8870493e-17
4914.217026780626 1.6421037e-17
4917.482911158856 1.9619937e-17
4920.748795537086 3.0434513e-17
4924.014679915316 2.9920337e-17
4927.280564293546 4.059123e-17
4930.5464486717765 2.8206296e-17
4933.812333050007 8.396043e-18
4937.078217428237 1.02420825e-17
4940.344101806467 8.598216e-18
4943.609986184697 1.0883769e-17
4946.875870562927 8.647969e-18
4950.141754941157 1.7514762e-17
4953.407639319387 3.0360457e-17
4956.673523697617 2.0710882e-17
4959.9394080758475 2.5978942e-17
4963.205292454078 4.2534795e-17
4966.471176832308 3.7782007e-17
4969.737061210538 2.9287395e-17
4973.002945588768 2.2114292e-17
4976.268829966998 1.9980536e-17
4979.534714345228 1.0711737e-17
4982.800598723458 1.4239284e-17
4986.066483101688 5.8917937e-18
4989.3323674799185 -1.5166963e-19
4992.598251858149 1.7551308e-17
4995.864136236379 3.304769e-17
4999.130020614609 2.0909056e-17
5002.395904992839 1.1942187e-17
5005.661789371069 6.6552363e-18
5008.927673749299 -5.7475585e-19
5012.193558127529 -6.128291e-18
5015.459442505759 -1.0835202e-18
5018.7253268839895 1.9460445e-17
5021.99121126222 3.0768988e-17
5025.25709564045 2.3366946e-17
5028.52298001868 1.1036118e-17
5031.78886439691 6.4152406e-18
5035.05474877514 1.4167198e-17
5038.32063315337 3.2663787e-17
5041.5865175316 3.0576563e-17
5044.85240190983 3.1722042e-17
5048.1182862880605 4.5806443e-17
5051.384170666291 5.6397505e-17
5054.650055044521 4.9964836e-17
5057.915939422751 4.2045584e-17
5061.181823800981 3.839155e-17
5064.447708179211 2.906636e-17
5067.713592557441 2.487428e-17
5070.979476935671 3.8641276e-17
5074.245361313901 5.462267e-17
5077.5112456921315 4.5371538e-17
5080.777130070362 3.1168132e-17
5084.043014448592 3.809351e-17
5087.308898826822 3.6569936e-17
5090.574783205052 3.1490375e-17
5093.840667583282 3.4936665e-17
5097.106551961512 2.7411263e-17
5100.372436339742 3.0198442e-17
5103.638320717972 3.7389007e-17
5106.9042050962025 4.5822673e-17
5110.170089474433 4.583915e-17
5113.435973852663 3.8465593e-17
5116.701858230893 2.5317641e-17
5119.967742609123 2.3391164e-17
5123.233626987353 2.0024086e-17
5126.499511365583 2.0269702e-17
5129.765395743813 1.9250789e-17
5133.031280122043 3.5337937e-17
5136.2971645002735 4.4544133e-17
5139.563048878504 2.7060418e-17
5142.828933256734 1.5832439e-17
5146.094817634964 1.4222732e-17
5149.360702013194 2.9603643e-17
5152.626586391424 3.719981e-17
5155.892470769654 2.4311614e-17
5159.158355147884 1.4510856e-17
5162.424239526114 4.5532703e-18
5165.690123904345 3.7229253e-18
5168.956008282575 1.6608807e-17
5172.221892660805 1.4794006e-17
5175.487777039035 1.4456482e-17
5178.753661417265 1.2110892e-17
5182.019545795495 8.736406e-18
5185.285430173725 3.1236369e-18
5188.551314551955 1.9772419e-18
5191.817198930185 8.327619e-18
5195.083083308416 1.7734637e-17
5198.348967686646 2.0711813e-17
5201.614852064876 2.255184e-17
5204.880736443106 2.491662e-17
5208.146620821336 1.5275372e-17
5211.412505199566 3.1343503e-18
5214.678389577796 -1.4211827e-18
5217.944273956026 1.5424741e-18
5221.210158334256 1.4995995e-17
5224.476042712487 2.2419922e-17
5227.741927090717 1.4061594e-17
5231.007811468947 6.7130277e-18
5234.273695847177 1.6081256e-17
5237.539580225407 2.6885499e-17
5240.805464603637 3.2255554e-17
5244.071348981867 3.169759e-17
5247.337233360097 2.2521364e-17
5250.6031177383275 1.1707777e-17
5253.869002116558 1.6136962e-17
5257.134886494788 2.4501495e-17
5260.400770873018 2.8782054e-17
5263.666655251248 2.8960195e-17
5266.932539629478 1.4306029e-17
5270.198424007708 5.7484673e-18
5273.464308385938 1.1433388e-17
5276.730192764168 1.2929822e-17
5279.9960771423985 1.409087e-17
5283.261961520629 1.2924851e-17
5286.527845898859 7.125962e-18
5289.793730277089 1.8399217e-17
5293.059614655319 2.5528223e-17
5296.325499033549 1.6590037e-17
5299.591383411779 1.5491058e-17
5302.857267790009 2.6955831e-17
5306.123152168239 2.489336e-17
5309.3890365464695 2.106262e-17
5312.6549209247 2.0479849e-17
5315.92080530293 1.2092954e-17
5319.18668968116 1.44065e-17
5322.45257405939 1.7664399e-17
5325.71845843762 2.1824353e-17
5328.98434281585 2.3256942e-17
5332.25022719408 1.8900104e-17
5335.51611157231 2.2019128e-17
5338.7819959505405 3.1264598e-17
5342.047880328771 3.5423e-17
5345.313764707001 3.5054128e-17
5348.579649085231 4.3696263e-17
5351.845533463461 3.802657e-17
5355.111417841691 2.9641084e-17
5358.377302219921 3.2634777e-17
5361.643186598151 3.7284395e-17
5364.909070976381 3.350274e-17
5368.1749553546115 2.6526915e-17
5371.440839732842 2.5467071e-17
5374.706724111072 2.1009005e-17
5377.972608489302 3.3651564e-17
5381.238492867532 3.7049823e-17
5384.504377245762 3.6476213e-17
5387.770261623992 3.4760012e-17
5391.036146002222 2.2437473e-17
5394.302030380452 2.695601e-17
5397.5679147586825 3.8091935e-17
5400.833799136913 3.9890755e-17
5404.099683515143 4.5388777e-17
5407.365567893373 4.937079e-17
5410.631452271603 3.3141137e-17
5413.897336649833 2.6215926e-17
5417.163221028063 4.7474704e-17
5420.429105406293 5.950828e-17
5423.694989784523 4.5852534e-17
5426.9608741627535 3.6192636e-17
5430.226758540984 2.5702091e-17
5433.492642919214 2.3983438e-17
5436.758527297444 3.5804126e-17
5440.024411675674 4.3704276e-17
5443.290296053904 3.6954777e-17
5446.556180432134 3.017595e-17
5449.822064810364 3.7926794e-17
5453.087949188594 4.0278617e-17
5456.3538335668245 4.1537523e-17
5459.619717945055 4.4995128e-17
5462.885602323285 3.4926653e-17
5466.151486701515 3.0854998e-17
5469.417371079745 4.188759e-17
5472.683255457975 5.429412e-17
5475.949139836205 5.699297e-17
5479.215024214435 5.0145234e-17
5482.480908592665 4.286848e-17
5485.7467929708955 4.192248e-17
5489.012677349126 2.6908407e-17
5492.278561727356 2.1667076e-17
5495.544446105586 2.8092182e-17
5498.810330483816 2.5866801e-17
5502.076214862046 2.2038206e-17
5505.342099240276 2.1366707e-17
5508.607983618506 3.5206226e-17
5511.873867996736 4.1561293e-17
5515.1397523749665 3.6677003e-17
5518.405636753197 3.4522667e-17
5521.671521131427 3.5531997e-17
5524.937405509657 3.8979904e-17
5528.203289887887 3.3136614e-17
5531.469174266117 2.8256443e-17
5534.735058644347 4.0665585e-17
5538.000943022577 4.3766182e-17
5541.266827400807 4.0118908e-17
5544.5327117790375 4.1702046e-17
5547.798596157268 4.0872155e-17
5551.064480535498 3.9012084e-17
5554.330364913728 4.714916e-17
5557.596249291958 5.79465e-17
5560.862133670188 6.1104196e-17
5564.128018048418 5.673957e-17
5567.393902426648 6.080317e-17
5570.659786804878 5.5220146e-17
5573.9256711831085 5.8178246e-17
5577.191555561339 6.5596825e-17
5580.457439939569 6.153267e-17
5583.723324317799 6.634342e-17
5586.989208696029 6.784822e-17
5590.255093074259 5.984605e-17
5593.520977452489 6.296792e-17
5596.786861830719 7.254691e-17
5600.052746208949 7.7972116e-17
5603.3186305871795 7.766309e-17
5606.58451496541 6.5006893e-17
5609.85039934364 6.5620225e-17
5613.11628372187 8.033454e-17
5616.3821681001 7.98617e-17
5619.64805247833 8.572483e-17
5622.91393685656 8.299645e-17
5626.17982123479 6.825998e-17
5629.44570561302 7.19064e-17
5632.711589991251 8.27395e-17
5635.977474369481 9.195249e-17
5639.243358747711 8.8345225e-17
5642.509243125941 7.740592e-17
5645.775127504171 7.519392e-17
5649.041011882401 7.339337e-17
5652.306896260631 7.2420854e-17
5655.572780638861 8.075417e-17
5658.838665017091 9.204031e-17
5662.104549395322 9.148442e-17
5665.370433773552 8.653738e-17
5668.636318151782 8.553551e-17
5671.902202530012 8.006051e-17
5675.168086908242 7.253722e-17
5678.433971286472 6.783875e-17
5681.699855664702 6.373606e-17
5684.965740042932 6.7879665e-17
5688.231624421162 7.8752054e-17
5691.497508799393 8.031236e-17
5694.763393177623 7.120219e-17
5698.029277555853 6.3514613e-17
5701.295161934083 6.0362096e-17
5704.561046312313 5.3278627e-17
5707.826930690543 5.361805e-17
5711.092815068773 6.435393e-17
5714.358699447003 5.913093e-17
5717.6245838252335 5.564027e-17
5720.890468203464 7.332994e-17
5724.156352581694 8.08011e-17
5727.422236959924 7.0092274e-17
5730.688121338154 5.239955e-17
5733.954005716384 4.7627743e-17
5737.219890094614 5.8404517e-17
5740.485774472844 5.3289185e-17
5743.751658851074 5.111927e-17
5747.0175432293045 5.804336e-17
5750.283427607535 5.9480176e-17
5753.549311985765 5.801375e-17
5756.815196363995 5.4498464e-17
5760.081080742225 4.3954495e-17
5763.346965120455 4.3212775e-17
5766.612849498685 5.4028453e-17
5769.878733876915 4.9565536e-17
5773.144618255145 3.8567624e-17
5776.4105026333755 4.2270187e-17
5779.676387011606 4.5668784e-17
5782.942271389836 4.2497476e-17
5786.208155768066 4.4962127e-17
5789.474040146296 3.9343327e-17
5792.739924524526 2.8390864e-17
5796.005808902756 2.4610344e-17
5799.271693280986 2.1379755e-17
5802.537577659216 2.255908e-17
5805.8034620374465 2.3434387e-17
5809.069346415677 2.0339896e-17
5812.335230793907 1.9796164e-17
5815.601115172137 2.2810086e-17
5818.866999550367 2.281321e-17
5822.132883928597 2.5385968e-17
5825.398768306827 3.1183693e-17
5828.664652685057 2.2785233e-17
5831.930537063287 1.8179031e-17
5835.1964214415175 1.9376077e-17
5838.462305819748 1.674944e-17
5841.728190197978 1.874009e-17
5844.994074576208 1.7664462e-17
5848.259958954438 1.9119302e-17
5851.525843332668 2.5149831e-17
5854.791727710898 2.6542032e-17
5858.057612089128 2.9255453e-17
5861.323496467358 3.1558277e-17
5864.5893808455885 2.2984299e-17
5867.855265223819 2.2297482e-17
5871.121149602049 2.852138e-17
5874.387033980279 3.8041017e-17
5877.652918358509 4.1461512e-17
5880.918802736739 4.0254215e-17
5884.184687114969 3.5088605e-17
5887.450571493199 2.7205855e-17
5890.716455871429 2.3760588e-17
5893.9823402496595 2.5296344e-17
5897.24822462789 2.740419e-17
5900.51410900612 3.352868e-17
5903.77999338435 3.4184235e-17
5907.04587776258 3.0049718e-17
5910.31176214081 2.2962478e-17
5913.57764651904 1.5226622e-17
5916.84353089727 2.3924915e-17
5920.1094152755 3.1985145e-17
5923.3752996537305 3.618716e-17
5926.641184031961 4.0177337e-17
5929.907068410191 2.54407e-17
5933.172952788421 1.7165075e-17
5936.438837166651 3.1074426e-17
5939.704721544881 3.4048494e-17
5942.970605923111 2.5261047e-17
5946.236490301341 3.0902505e-17
5949.502374679571 4.1254935e-17
5952.7682590578015 3.8391474e-17
5956.034143436032 3.7701086e-17
5959.300027814262 4.322281e-17
5962.565912192492 4.3063277e-17
5965.831796570722 3.6935027e-17
5969.097680948952 3.008189e-17
5972.363565327182 3.0720307e-17
5975.629449705412 3.2120727e-17
5978.895334083642 2.3556554e-17
5982.1612184618725 3.3483295e-17
5985.427102840103 5.0192324e-17
5988.692987218333 5.248188e-17
5991.958871596563 4.279785e-17
5995.224755974793 3.4313996e-17
5998.490640353023 3.6211185e-17
6001.756524731253 2.7381998e-17
6005.022409109483 2.4988403e-17
6008.288293487713 3.14833e-17
6011.5541778659435 2.8569836e-17
6014.820062244174 2.6715118e-17
6018.085946622404 3.1370166e-17
6021.351831000634 3.5760318e-17
6024.617715378864 4.0922792e-17
6027.883599757094 4.0043493e-17
6031.149484135324 3.2692818e-17
6034.415368513554 3.628117e-17
6037.681252891784 4.4414308e-17
6040.9471372700145 4.6018493e-17
6044.213021648245 3.5944015e-17
6047.478906026475 2.3880916e-17
6050.744790404705 2.5457517e-17
6054.010674782935 2.9943038e-17
6057.276559161165 3.8455547e-17
6060.542443539395 5.0487452e-17
6063.808327917625 4.270394e-17
6067.074212295855 2.656305e-17
6070.3400966740855 3.3229162e-17
6073.605981052316 4.697642e-17
6076.871865430546 4.4574335e-17
6080.137749808776 4.0052476e-17
6083.403634187006 3.7441434e-17
6086.669518565236 3.2741433e-17
6089.935402943466 3.1509864e-17
6093.201287321696 3.2262267e-17
6096.467171699926 3.5373214e-17
6099.733056078157 3.6289403e-17
6102.998940456387 3.157701e-17
6106.264824834617 2.5603361e-17
6109.530709212847 3.146977e-17
6112.796593591077 3.7957376e-17
6116.062477969307 3.9950944e-17
6119.328362347537 4.7902813e-17
6122.594246725767 4.4467645e-17
6125.860131103997 3.534943e-17
6129.126015482228 3.5292842e-17
6132.391899860458 3.9319355e-17
6135.657784238688 4.11078e-17
6138.923668616918 3.3681273e-17
6142.189552995148 3.7340266e-17
6145.455437373378 4.418022e-17
6148.721321751608 3.5554506e-17
6151.987206129838 3.3493787e-17
6155.253090508068 3.4231616e-17
6158.518974886299 2.9860704e-17
6161.784859264529 3.66284e-17
6165.050743642759 4.3612238e-17
6168.316628020989 4.02776e-17
6171.582512399219 3.462328e-17
6174.848396777449 2.8706377e-17
6178.114281155679 2.9977383e-17
6181.380165533909 3.6749467e-17
6184.6460499121395 4.1524348e-17
6187.91193429037 3.653557e-17
6191.1778186686 3.0097016e-17
6194.44370304683 3.1715547e-17
6197.70958742506 3.1084753e-17
6200.97547180329 3.0702866e-17
6204.24135618152 3.551625e-17
6207.50724055975 3.772549e-17
6210.77312493798 4.1116323e-17
6214.0390093162105 4.1845267e-17
6217.304893694441 3.4951167e-17
6220.570778072671 2.995084e-17
6223.836662450901 2.9424164e-17
6227.102546829131 2.8621905e-17
6230.368431207361 2.4930744e-17
6233.634315585591 2.8082888e-17
6236.900199963821 3.410477e-17
6240.166084342051 2.9371774e-17
6243.4319687202815 2.3870649e-17
6246.697853098512 3.095922e-17
6249.963737476742 3.3845868e-17
6253.229621854972 3.4350422e-17
6256.495506233202 3.6638185e-17
6259.761390611432 3.8426834e-17
6263.027274989662 3.1908648e-17
6266.293159367892 2.8444594e-17
6269.559043746122 3.1458374e-17
6272.8249281243525 3.1530573e-17
6276.090812502583 3.00672e-17
6279.356696880813 2.9252852e-17
6282.622581259043 3.0255352e-17
6285.888465637273 2.7276322e-17
6289.154350015503 2.1659294e-17
6292.420234393733 2.7094665e-17
6295.686118771963 3.8331186e-17
6298.952003150193 4.3697318e-17
6302.2178875284235 3.82344e-17
6305.483771906654 2.481211e-17
6308.749656284884 1.9735735e-17
6312.015540663114 1.9288863e-17
6315.281425041344 2.1276048e-17
6318.547309419574 2.792851e-17
6321.813193797804 3.1464078e-17
6325.079078176034 2.7154199e-17
6328.344962554264 2.330955e-17
6331.6108469324945 2.9320687e-17
6334.876731310725 3.6938518e-17
6338.142615688955 3.5446542e-17
6341.408500067185 3.1595775e-17
6344.674384445415 3.2849877e-17
6347.940268823645 3.040728e-17
6351.206153201875 1.9498801e-17
6354.472037580105 1.908055e-17
6357.737921958335 3.074075e-17
6361.0038063365655 2.7038673e-17
6364.269690714796 1.9136784e-17
6367.535575093026 2.2574636e-17
6370.801459471256 2.9558148e-17
6374.067343849486 3.0579782e-17
6377.333228227716 2.3826668e-17
6380.599112605946 1.36538725e-17
6383.864996984176 1.3911636e-17
6387.130881362406 2.7003824e-17
6390.3967657406365 3.6141036e-17
6393.662650118867 2.8264682e-17
6396.928534497097 1.7419745e-17
6400.194418875327 2.1995083e-17
6403.460303253557 2.8843325e-17
6406.726187631787 2.8484785e-17
6409.992072010017 2.3802456e-17
6413.257956388247 2.6046978e-17
6416.523840766477 3.3385096e-17
6419.7897251447075 3.0592772e-17
6423.055609522938 2.974076e-17
6426.321493901168 3.685365e-17
6429.587378279398 3.1901458e-17
6432.853262657628 2.3334537e-17
6436.119147035858 3.1055053e-17
6439.385031414088 3.4912534e-17
6442.650915792318 3.1318706e-17
6445.916800170548 2.9835647e-17
6449.1826845487785 2.880862e-17
6452.448568927009 2.9617744e-17
6455.714453305239 2.4023234e-17
6458.980337683469 2.0379504e-17
6462.246222061699 2.521363e-17
6465.512106439929 2.631568e-17
6468.777990818159 2.5722797e-17
6472.043875196389 2.7234081e-17
6475.309759574619 3.1708063e-17
6478.5756439528495 3.2144427e-17
6481.84152833108 2.6040574e-17
6485.10741270931 2.0925292e-17
6488.37329708754 3.0078967e-17
6491.63918146577 4.702566e-17
6494.905065844 4.8969105e-17
6498.17095022223 3.6102834e-17
6501.43683460046 3.4376773e-17
6504.70271897869 4.292712e-17
6507.9686033569205 5.2534353e-17
6511.234487735151 5.1420882e-17
6514.500372113381 4.6845263e-17
6517.766256491611 4.8651124e-17
6521.032140869841 5.4428537e-17
6524.298025248071 5.5510152e-17
6527.563909626301 4.8166995e-17
6530.829794004531 4.1739573e-17
6534.095678382761 4.6705526e-17
6537.361562760992 5.3663643e-17
6540.627447139222 5.331936e-17
6543.893331517452 5.2102135e-17
6547.159215895682 5.3334866e-17
6550.425100273912 5.3025186e-17
6553.690984652142 5.3154884e-17
6556.956869030372 5.4444538e-17
6560.222753408602 5.23079e-17
6563.488637786832 4.9819414e-17
6566.754522165063 5.0149185e-17
6570.020406543293 5.4512996e-17
6573.286290921523 5.91598e-17
6576.552175299753 5.3990403e-17
6579.818059677983 5.1148144e-17
6583.083944056213 6.1986665e-17
6586.349828434443 7.069668e-17
6589.615712812673 6.753781e-17
6592.881597190903 5.6174577e-17
6596.147481569134 5.126833e-17
6599.413365947364 5.2328875e-17
6602.679250325594 6.062986e-17
6605.945134703824 6.945501e-17
6609.211019082054 7.041311e-17
6612.476903460284 6.888894e-17
6615.742787838514 5.945842e-17
6619.008672216744 5.542206e-17
6622.2745565949745 6.3063826e-17
6625.540440973205 6.408323e-17
6628.806325351435 6.275819e-17
6632.072209729665 6.237521e-17
6635.338094107895 6.039914e-17
6638.603978486125 6.3789436e-17
6641.869862864355 6.8473085e-17
6645.135747242585 7.083947e-17
6648.401631620815 6.584108e-17
6651.6675159990455 6.31186e-17
6654.933400377276 6.5676804e-17
6658.199284755506 6.43909e-17
6661.465169133736 6.87919e-17
6664.731053511966 7.259504e-17
6667.996937890196 6.1831393e-17
6671.262822268426 5.904399e-17
6674.528706646656 6.4490766e-17
6677.794591024886 6.5179265e-17
6681.0604754031165 7.0719694e-17
6684.326359781347 7.320551e-17
6687.592244159577 6.8212265e-17
6690.858128537807 6.70116e-17
6694.124012916037 6.145988e-17
6697.389897294267 5.951085e-17
6700.655781672497 5.7090775e-17
6703.921666050727 5.271934e-17
6707.187550428957 5.1627035e-17
6710.4534348071875 4.8181027e-17
6713.719319185418 4.5736626e-17
6716.985203563648 4.841355e-17
6720.251087941878 5.583211e-17
6723.516972320108 5.648019e-17
6726.782856698338 5.1887634e-17
6730.048741076568 4.933033e-17
6733.314625454798 4.6810075e-17
6736.580509833028 4.8064306e-17
6739.8463942112585 4.6365346e-17
6743.112278589489 4.147324e-17
6746.378162967719 3.9603095e-17
6749.644047345949 3.7298894e-17
6752.909931724179 3.7430895e-17
6756.175816102409 4.2982138e-17
6759.441700480639 4.478266e-17
6762.707584858869 3.994151e-17
6765.973469237099 3.6024788e-17
6769.2393536153295 3.3852846e-17
6772.50523799356 3.5558182e-17
6775.77112237179 4.254066e-17
6779.03700675002 4.4877467e-17
6782.30289112825 3.6299776e-17
6785.56877550648 2.5896418e-17
6788.83465988471 2.8153006e-17
6792.10054426294 3.772698e-17
6795.36642864117 3.7129868e-17
6798.6323130194005 2.5472051e-17
6801.898197397631 2.5191425e-17
6805.164081775861 3.0176462e-17
6808.429966154091 2.5831934e-17
6811.695850532321 2.32595e-17
6814.961734910551 3.0157152e-17
6818.227619288781 3.391789e-17
6821.493503667011 2.6888914e-17
6824.759388045241 1.93908e-17
6828.0252724234715 1.860612e-17
6831.291156801702 1.9286217e-17
6834.557041179932 1.9323574e-17
6837.822925558162 2.7244335e-17
6841.088809936392 3.050986e-17
6844.354694314622 1.7483905e-17
6847.620578692852 6.98528e-18
6850.886463071082 8.463666e-18
6854.152347449312 1.6554653e-17
6857.4182318275425 2.8026375e-17
6860.684116205773 3.2958892e-17
6863.950000584003 2.789786e-17
6867.215884962233 1.9526773e-17
6870.481769340463 1.4778678e-17
6873.747653718693 1.9568197e-17
6877.013538096923 1.5060517e-17
6880.279422475153 7.419377e-18
6883.545306853383 1.30913806e-17
6886.8111912316135 2.2927982e-17
6890.077075609844 2.1306207e-17
6893.342959988074 1.4868464e-17
6896.608844366304 1.250406e-17
6899.874728744534 1.9125764e-17
6903.140613122764 2.860476e-17
6906.406497500994 2.9240246e-17
6909.672381879224 2.694088e-17
6912.938266257454 1.990461e-17
6916.2041506356845 8.965221e-18
6919.470035013915 6.990214e-18
6922.735919392145 1.4979751e-17
6926.001803770375 2.3543509e-17
6929.267688148605 2.485081e-17
6932.533572526835 1.7209809e-17
6935.799456905065 1.1038575e-17
6939.065341283295 1.1527035e-17
6942.331225661525 1.5942136e-17
6945.5971100397555 1.9895272e-17
6948.862994417986 1.5454313e-17
6952.128878796216 8.732063e-18
6955.394763174446 7.283931e-18
6958.660647552676 8.771755e-18
6961.926531930906 1.0517133e-17
6965.192416309136 1.4386916e-17
6968.458300687366 1.8690624e-17
6971.724185065596 1.8126093e-17
6974.9900694438265 1.935754e-17
6978.255953822057 2.1711613e-17
6981.521838200287 1.8173596e-17
6984.787722578517 1.7825858e-17
6988.053606956747 2.076283e-17
6991.319491334977 1.3612537e-17
6994.585375713207 1.0767443e-17
6997.851260091437 2.1952512e-17
7001.117144469667 2.5893762e-17
7004.383028847898 1.760074e-17
7007.648913226128 1.0091816e-17
7010.914797604358 1.2251628e-17
7014.180681982588 2.0247004e-17
7017.446566360818 2.6553408e-17
7020.712450739048 2.7502184e-17
7023.978335117278 2.212618e-17
7027.244219495508 1.37301386e-17
7030.510103873738 1.01165736e-17
7033.775988251969 1.5738241e-17
7037.041872630199 2.357219e-17
7040.307757008429 2.5392685e-17
7043.573641386659 1.652397e-17
7046.839525764889 9.681623e-18
7050.105410143119 2.1045573e-17
7053.371294521349 2.886973e-17
7056.637178899579 1.8257605e-17
7059.903063277809 1.0606761e-17
7063.16894765604 1.2888437e-17
7066.43483203427 1.7381533e-17
7069.7007164125 2.2865036e-17
7072.96660079073 2.5396885e-17
7076.23248516896 2.566324e-17
7079.49836954719 2.7705788e-17
7082.76425392542 2.428294e-17
7086.03013830365 1.9431376e-17
7089.2960226818805 1.9561515e-17
7092.561907060111 1.982201e-17
7095.827791438341 1.781368e-17
7099.093675816571 1.819887e-17
7102.359560194801 1.964765e-17
7105.625444573031 2.1729274e-17
7108.891328951261 2.5499824e-17
7112.157213329491 1.9572698e-17
7115.423097707721 1.1788493e-17
7118.6889820859515 1.5433266e-17
7121.954866464182 1.8568483e-17
7125.220750842412 2.055779e-17
7128.486635220642 2.3678531e-17
7131.752519598872 1.9053649e-17
7135.018403977102 1.6653993e-17
7138.284288355332 2.6619377e-17
7141.550172733562 3.22874e-17
7144.816057111792 2.288664e-17
7148.0819414900225 1.3739381e-17
7151.347825868253 2.0247287e-17
7154.613710246483 3.0403516e-17
7157.879594624713 3.008242e-17
7161.145479002943 2.8061775e-17
7164.411363381173 2.8856675e-17
7167.677247759403 2.8056497e-17
7170.943132137633 2.272492e-17
7174.209016515863 1.8518971e-17
7177.4749008940935 2.6330367e-17
7180.740785272324 3.783349e-17
7184.006669650554 3.4809137e-17
7187.272554028784 2.6632451e-17
7190.538438407014 2.904249e-17
7193.804322785244 3.362771e-17
7197.070207163474 3.1763656e-17
7200.336091541704 3.002525e-17
7203.601975919934 3.168438e-17
7206.8678602981645 3.260426e-17
7210.133744676395 3.58858e-17
7213.399629054625 3.9415454e-17
7216.665513432855 3.2785922e-17
7219.931397811085 2.1253484e-17
7223.197282189315 2.4665403e-17
7226.463166567545 3.455945e-17
7229.729050945775 3.0623616e-17
7232.994935324005 2.4575081e-17
7236.2608197022355 2.7984122e-17
7239.526704080466 2.3598692e-17
7242.792588458696 2.0445977e-17
7246.058472836926 2.9709095e-17
7249.324357215156 3.84583e-17
7252.590241593386 4.171911e-17
7255.856125971616 3.7973605e-17
7259.122010349846 3.074863e-17
7262.387894728076 3.040873e-17
7265.6537791063065 3.585387e-17
7268.919663484537 3.5169364e-17
7272.185547862767 3.6922216e-17
7275.451432240997 4.4447505e-17
7278.717316619227 3.9384547e-17
7281.983200997457 3.590968e-17
7285.249085375687 4.4852774e-17
7288.514969753917 4.1289726e-17
7291.780854132147 3.489952e-17
7295.0467385103775 4.117021e-17
7298.312622888608 4.5055843e-17
7301.578507266838 4.1217943e-17
7304.844391645068 3.8897914e-17
7308.110276023298 3.9520023e-17
7311.376160401528 3.1956098e-17
7314.642044779758 2.4257291e-17
7317.907929157988 3.6152018e-17
7321.173813536218 5.1547616e-17
7324.4396979144485 5.0989243e-17
7327.705582292679 4.2123776e-17
7330.971466670909 3.390372e-17
7334.237351049139 3.2206006e-17
7337.503235427369 3.3483133e-17
7340.769119805599 3.1029093e-17
7344.035004183829 3.111286e-17
7347.300888562059 3.7152165e-17
7350.566772940289 4.0486044e-17
7353.8326573185195 3.6004932e-17
7357.09854169675 3.5797823e-17
7360.36442607498 4.4701383e-17
7363.63031045321 5.052064e-17
7366.89619483144 5.007173e-17
7370.16207920967 4.5799588e-17
7373.4279635879 4.5736017e-17
7376.69384796613 5.1911516e-17
7379.95973234436 5.1513004e-17
7383.2256167225905 4.3033797e-17
7386.491501100821 3.4732474e-17
7389.757385479051 3.5004123e-17
7393.023269857281 4.4355082e-17
7396.289154235511 5.2818946e-17
7399.555038613741 5.451853e-17
7402.820922991971 5.329616e-17
7406.086807370201 5.4872584e-17
7409.352691748431 5.1471572e-17
7412.6185761266615 4.409334e-17
7415.884460504892 4.2689614e-17
7419.150344883122 4.4205597e-17
7422.416229261352 4.7270467e-17
7425.682113639582 4.749049e-17
7428.947998017812 3.9965076e-17
7432.213882396042 3.707623e-17
7435.479766774272 4.213502e-17
7438.745651152502 4.4119405e-17
7442.0115355307325 4.0596962e-17
7445.277419908963 3.420721e-17
7448.543304287193 3.4664787e-17
7451.809188665423 3.9125643e-17
7455.075073043653 3.972902e-17
7458.340957421883 4.5926236e-17
7461.606841800113 4.9307978e-17
7464.872726178343 4.5980555e-17
7468.138610556573 4.604049e-17
7471.404494934804 4.497883e-17
7474.670379313034 4.603603e-17
7477.936263691264 5.2992012e-17
7481.202148069494 5.4675216e-17
7484.468032447724 4.452879e-17
7487.733916825954 4.149748e-17
7490.999801204184 4.4812973e-17
7494.265685582414 4.2791443e-17
7497.531569960644 3.93036e-17
7500.797454338875 3.6335262e-17
7504.063338717105 4.2513206e-17
7507.329223095335 4.861141e-17
7510.595107473565 4.8661904e-17
7513.860991851795 4.420386e-17
7517.126876230025 3.7479494e-17
7520.392760608255 3.2094022e-17
7523.658644986485 3.3632575e-17
7526.924529364715 4.076394e-17
7530.190413742946 4.049024e-17
7533.456298121176 3.681241e-17
7536.722182499406 3.1910014e-17
7539.988066877636 3.0875678e-17
7543.253951255866 3.4513638e-17
7546.519835634096 3.452002e-17
7549.785720012326 3.161641e-17
7553.051604390556 3.360761e-17
7556.3174887687865 3.1992716e-17
7559.583373147017 2.9842423e-17
7562.849257525247 3.0891662e-17
7566.115141903477 2.6319099e-17
7569.381026281707 3.1651196e-17
7572.646910659937 3.321922e-17
7575.912795038167 2.5013214e-17
7579.178679416397 2.7533086e-17
7582.444563794627 3.5315533e-17
7585.7104481728575 4.1381576e-17
7588.976332551088 3.946732e-17
7592.242216929318 3.347696e-17
7595.508101307548 3.5764365e-17
7598.773985685778 3.775131e-17
7602.039870064008 2.6700948e-17
7605.305754442238 1.4253262e-17
7608.571638820468 1.8289529e-17
7611.837523198698 2.3296577e-17
7615.1034075769285 2.745351e-17
7618.369291955159 2.8994077e-17
7621.635176333389 1.9116584e-17
7624.901060711619 1.802026e-17
7628.166945089849 2.18004e-17
7631.432829468079 1.6469604e-17
7634.698713846309 1.1726997e-17
7637.964598224539 1.735647e-17
7641.230482602769 2.9194152e-17
7644.4963669809995 3.29382e-17
7647.76225135923 2.5925174e-17
7651.02813573746 2.002703e-17
7654.29402011569 1.8203914e-17
7657.55990449392 1.4594632e-17
7660.82578887215 1.5339246e-17
7664.09167325038 2.0403598e-17
7667.35755762861 2.6518054e-17
7670.62344200684 2.8635017e-17
7673.8893263850705 3.1399128e-17
7677.155210763301 3.282791e-17
7680.421095141531 2.6526736e-17
7683.686979519761 1.9575744e-17
7686.952863897991 1.9953183e-17
7690.218748276221 2.4880642e-17
7693.484632654451 2.5236711e-17
7696.750517032681 1.992597e-17
7700.016401410911 1.944438e-17
7703.2822857891415 2.4785514e-17
7706.548170167372 2.2812736e-17
7709.814054545602 1.6022604e-17
7713.079938923832 1.1661993e-17
7716.345823302062 9.65014e-18
7719.611707680292 1.16297615e-17
7722.877592058522 1.4969382e-17
7726.143476436752 2.194996e-17
7729.409360814982 2.7871153e-17
7732.6752451932125 2.9748406e-17
7735.941129571443 2.760829e-17
7739.207013949673 2.3120272e-17
7742.472898327903 1.8617877e-17
7745.738782706133 1.4201945e-17
7749.004667084363 1.1361941e-17
7752.270551462593 1.3299453e-17
7755.536435840823 1.7909574e-17
7758.802320219053 2.1819891e-17
7762.0682045972835 2.2130867e-17
7765.334088975514 2.3781881e-17
7768.599973353744 2.7444447e-17
7771.865857731974 2.6091725e-17
7775.131742110204 2.6104245e-17
7778.397626488434 3.4204097e-17
7781.663510866664 3.792272e-17
7784.929395244894 3.5472195e-17
7788.195279623124 3.656089e-17
7791.4611640013545 3.8252736e-17
7794.727048379585 3.6603516e-17
7797.992932757815 3.279836e-17
7801.258817136045 3.3000566e-17
7804.524701514275 3.264267e-17
7807.790585892505 2.871699e-17
7811.056470270735 3.1809773e-17
7814.322354648965 3.4748584e-17
7817.588239027195 3.6938263e-17
7820.8541234054255 4.2324205e-17
7824.120007783656 3.8271288e-17
7827.385892161886 3.0804094e-17
7830.651776540116 3.4472388e-17
7833.917660918346 4.0683806e-17
7837.183545296576 4.5125693e-17
7840.449429674806 4.8971104e-17
7843.715314053036 4.419577e-17
7846.981198431266 3.3382277e-17
7850.2470828094965 2.9845246e-17
7853.512967187727 3.5185484e-17
7856.778851565957 4.1143828e-17
7860.044735944187 4.829823e-17
7863.310620322417 4.7521788e-17
7866.576504700647 4.0217032e-17
7869.842389078877 4.3931056e-17
7873.108273457107 4.3568298e-17
7876.374157835337 4.050208e-17
7879.6400422135675 3.7540457e-17
7882.905926591798 3.71666e-17
7886.171810970028 4.7853828e-17
7889.437695348258 4.8884022e-17
7892.703579726488 4.5578883e-17
7895.969464104718 4.7314744e-17
7899.235348482948 4.5748835e-17
7902.501232861178 4.45728e-17
7905.767117239408 4.346746e-17
7909.033001617639 3.7254392e-17
7912.298885995869 3.7270002e-17
7915.564770374099 4.1436415e-17
7918.830654752329 3.730478e-17
7922.096539130559 3.7372827e-17
7925.362423508789 4.075786e-17
7928.628307887019 3.322829e-17
7931.894192265249 3.0355126e-17
7935.160076643479 3.7620125e-17
7938.42596102171 3.9683838e-17
7941.69184539994 3.563457e-17
7944.95772977817 3.3163365e-17
7948.2236141564 3.3005995e-17
7951.48949853463 3.2396866e-17
7954.75538291286 2.9790582e-17
7958.02126729109 3.200518e-17
7961.28715166932 3.561695e-17
7964.55303604755 3.768444e-17
7967.818920425781 4.5286133e-17
7971.084804804011 4.3371935e-17
7974.350689182241 3.511624e-17
7977.616573560471 3.817812e-17
7980.882457938701 4.1034554e-17
7984.148342316931 3.4674488e-17
7987.414226695161 2.9422225e-17
7990.680111073391 3.1961323e-17
7993.9459954516215 3.8121925e-17
7997.211879829852 4.0040415e-17
8000.477764208082 3.884388e-17
8003.743648586312 3.5799924e-17
8007.009532964542 3.1896968e-17
8010.275417342772 3.474388e-17
8013.541301721002 3.7067902e-17
8016.807186099232 3.185915e-17
8020.073070477462 2.4860558e-17
8023.3389548556925 2.4937406e-17
8026.604839233923 3.1873532e-17
8029.870723612153 3.1545972e-17
8033.136607990383 3.0518696e-17
8036.402492368613 3.317666e-17
8039.668376746843 3.066232e-17
8042.934261125073 2.1095887e-17
8046.200145503303 1.8209887e-17
8049.466029881533 2.121024e-17
8052.7319142597635 2.0778621e-17
8055.997798637994 2.4867006e-17
8059.263683016224 3.1607663e-17
8062.529567394454 3.2998448e-17
8065.795451772684 2.6159918e-17
8069.061336150914 1.7151769e-17
8072.327220529144 1.722563e-17
8075.593104907374 2.3037124e-17
8078.858989285604 2.7384398e-17
8082.1248736638345 2.9981747e-17
8085.390758042065 2.77124e-17
8088.656642420295 1.8554942e-17
8091.922526798525 1.2349686e-17
8095.188411176755 1.8778234e-17
8098.454295554985 2.9458277e-17
8101.720179933215 3.229566e-17
8104.986064311445 2.5427549e-17
8108.251948689675 2.052721e-17
8111.5178330679055 1.8137525e-17
8114.783717446136 1.1974251e-17
8118.049601824366 9.673134e-18
8121.315486202596 1.7604286e-17
8124.581370580826 2.1888736e-17
8127.847254959056 1.9990825e-17
8131.113139337286 1.772957e-17
8134.379023715516 1.5022715e-17
8137.644908093746 1.3001316e-17
8140.9107924719765 9.4282385e-18
8144.176676850207 1.3521665e-17
8147.442561228437 2.6880349e-17
8150.708445606667 2.7299333e-17
8153.974329984897 2.2879278e-17
8157.240214363127 2.7676057e-17
8160.506098741357 2.9481256e-17
8163.771983119587 2.724866e-17
8167.037867497817 1.888023e-17
8170.3037518760475 1.2936734e-17
8173.569636254278 2.0090071e-17
8176.835520632508 2.6024397e-17
8180.101405010738 2.4616035e-17
8183.367289388968 2.7676838e-17
8186.633173767198 2.6961403e-17
8189.899058145428 2.0743023e-17
8193.16494252366 1.7434415e-17
8196.43082690189 2.0907577e-17
8199.69671128012 2.5595779e-17
8202.96259565835 2.8484477e-17
8206.22848003658 2.9502763e-17
8209.49436441481 2.3355307e-17
8212.76024879304 1.3311116e-17
8216.02613317127 1.6205077e-17
8219.2920175495 2.6055582e-17
8222.55790192773 2.6188919e-17
8225.82378630596 2.5561143e-17
8229.08967068419 2.4970928e-17
8232.35555506242 2.0678162e-17
8235.62143944065 2.0925343e-17
8238.88732381888 2.0202244e-17
8242.15320819711 1.9240373e-17
8245.419092575341 2.079561e-17
8248.684976953571 1.8911779e-17
8251.950861331801 1.6802791e-17
8255.216745710031 1.8254579e-17
8258.482630088261 1.8052456e-17
8261.748514466492 1.90573e-17
8265.014398844722 2.1708943e-17
8268.280283222952 1.9058473e-17
8271.546167601182 1.4110528e-17
8274.812051979412 1.4865355e-17
8278.077936357642 2.2718216e-17
8281.343820735872 1.8948188e-17
8284.609705114102 1.1256615e-17
8287.875589492332 9.54268e-18
8291.141473870563 1.680834e-17
8294.407358248793 2.1857144e-17
8297.673242627023 1.9586533e-17
8300.939127005253 2.3387468e-17
8304.205011383483 2.2879283e-17
8307.470895761713 1.5997587e-17
8310.736780139943 1.5311323e-17
8314.002664518173 1.353042e-17
8317.268548896403 1.4222428e-17
8320.534433274634 1.7069295e-17
8323.800317652864 1.6702204e-17
8327.066202031094 1.23006646e-17
8330.332086409324 5.614063e-18
8333.597970787554 7.099668e-18
8336.863855165784 6.3449613e-18
8340.129739544014 7.053859e-18
8343.395623922244 1.5662035e-17
8346.661508300474 2.159444e-17
8349.927392678705 2.219477e-17
8353.193277056935 2.1651759e-17
8356.459161435165 1.7930379e-17
8359.725045813395 1.18739246e-17
8362.990930191625 1.0228689e-17
8366.256814569855 5.211131e-18
8369.522698948085 1.719341e-18
8372.788583326315 4.8656526e-18
8376.054467704545 4.468189e-18
8379.320352082776 7.4553246e-19
8382.586236461006 1.8770966e-18
8385.852120839236 7.1974424e-18
8389.118005217466 4.7260253e-18
8392.383889595696 -5.3083662e-18
8395.649773973926 -7.5782805e-18
8398.915658352156 -8.508176e-19
8402.181542730386 6.422033e-18
8405.447427108616 2.839959e-18
8408.713311486847 -4.3909522e-18
8411.979195865077 -4.6637063e-18
8415.245080243307 -4.147793e-18
8418.510964621537 -2.8695166e-18
8421.776848999767 -4.0171803e-18
8425.042733377997 -3.8238876e-18
8428.308617756227 5.268835e-19
8431.574502134457 5.1787024e-18
8434.840386512687 5.4834307e-18
8438.106270890918 1.9561934e-18
8441.372155269148 6.18654e-18
8444.638039647378 4.336456e-18
8447.903924025608 1.9680626e-18
8451.169808403838 6.211636e-18
8454.435692782068 1.2538665e-18
8457.701577160298 -6.1206394e-18
8460.967461538528 -2.9290765e-18
8464.233345916758 1.8064843e-18
8467.499230294989 -3.3846525e-18
8470.765114673219 -9.099677e-19
8474.030999051449 5.08119e-18
8477.296883429679 2.5275622e-18
8480.562767807909 4.955384e-18
8483.82865218614 5.48097e-18
8487.09453656437 4.6946222e-18
8490.3604209426 5.8180514e-18
8493.62630532083 5.9856865e-18
8496.89218969906 8.6931835e-18
8500.15807407729 1.3206517e-17
8503.42395845552 8.7084185e-18
8506.68984283375 7.603249e-18
8509.95572721198 7.4655135e-18
8513.22161159021 7.616333e-18
8516.48749596844 1.1871569e-17
8519.75338034667 9.529027e-18
8523.0192647249 1.0435153e-17
8526.28514910313 1.06448186e-17
8529.55103348136 3.8363967e-18
8532.81691785959 -5.9837444e-19
8536.082802237821 -7.9738195e-19
8539.348686616051 2.4868037e-18
8542.614570994281 2.817177e-18
8545.880455372511 8.612599e-21
8549.146339750741 1.233464e-18
8552.412224128972 5.285424e-18
8555.678108507202 8.7375965e-18
8558.943992885432 7.1422794e-18
8562.209877263662 1.1203057e-17
8565.475761641892 1.6436851e-17
8568.741646020122 1.6767025e-17
8572.007530398352 1.4394842e-17
8575.273414776582 9.823534e-18
8578.539299154812 5.882662e-18
8581.805183533043 7.409958e-18
8585.071067911273 1.330945e-17
8588.336952289503 1.0893938e-17
8591.602836667733 1.0993429e-17
8594.868721045963 1.29206125e-17
8598.134605424193 1.5813971e-17
8601.400489802423 1.6319635e-17
8604.666374180653 1.9009815e-17
8607.932258558883 2.0877213e-17
8611.198142937114 2.563428e-17
8614.464027315344 3.0960768e-17
8617.729911693574 2.203717e-17
8620.995796071804 1.4560344e-17
8624.261680450034 2.3420696e-17
8627.527564828264 3.2648753e-17
8630.793449206494 3.37299e-17
8634.059333584724 3.154821e-17
8637.325217962954 3.0141065e-17
8640.591102341185 2.931524e-17
8643.856986719415 2.8035292e-17
8647.122871097645 2.851665e-17
8650.388755475875 2.9244375e-17
8653.654639854105 2.4959616e-17
8656.920524232335 2.3231995e-17
8660.186408610565 3.144484e-17
8663.452292988795 3.8676997e-17
8666.718177367025 4.878071e-17
8669.984061745256 5.1202232e-17
8673.249946123486 4.8170767e-17
8676.515830501716 4.659276e-17
8679.781714879946 4.616541e-17
8683.047599258176 4.4571655e-17
8686.313483636406 4.378818e-17
8689.579368014636 4.5584345e-17
8692.845252392866 4.6046567e-17
8696.111136771096 4.558209e-17
8699.377021149327 4.8636013e-17
8702.642905527557 5.4528358e-17
8705.908789905787 5.9701165e-17
8709.174674284017 5.9140866e-17
8712.440558662247 5.1562446e-17
8715.706443040477 5.0926665e-17
8718.972327418707 5.822939e-17
8722.238211796937 6.157531e-17
8725.504096175167 6.8467844e-17
8728.769980553398 6.7583204e-17
8732.035864931628 6.0016996e-17
8735.301749309858 5.8896576e-17
8738.567633688088 6.370281e-17
8741.833518066318 6.4479404e-17
8745.099402444548 6.671651e-17
8748.365286822778 7.012149e-17
8751.631171201008 7.287273e-17
8754.897055579238 6.9583545e-17
8758.162939957469 5.770209e-17
8761.428824335699 6.0283255e-17
8764.694708713929 6.829187e-17
8767.960593092159 7.1049984e-17
8771.226477470389 7.122083e-17
8774.49236184862 8.236748e-17
8777.75824622685 8.3781193e-17
8781.02413060508 7.380735e-17
8784.29001498331 7.611975e-17
8787.55589936154 7.829521e-17
8790.82178373977 7.460165e-17
8794.087668118 7.818651e-17
8797.35355249623 8.4872046e-17
8800.61943687446 8.763829e-17
8803.88532125269 8.2188884e-17
8807.15120563092 7.8373073e-17
8810.41709000915 7.8671275e-17
8813.68297438738 7.5524475e-17
8816.94885876561 7.108059e-17
8820.21474314384 6.6908734e-17
8823.48062752207 7.3645835e-17
8826.7465119003 8.649832e-17
8830.012396278531 8.245372e-17
8833.278280656761 6.7734426e-17
8836.544165034991 7.136534e-17
8839.810049413221 8.58003e-17
8843.075933791451 8.513891e-17
8846.341818169682 8.4364316e-17
8849.607702547912 8.2896706e-17
8852.873586926142 7.565169e-17
8856.139471304372 7.186734e-17
8859.405355682602 7.617336e-17
8862.671240060832 8.7441454e-17
8865.937124439062 9.205889e-17
8869.203008817292 8.820207e-17
8872.468893195522 7.8841886e-17
8875.734777573753 6.92612e-17
8879.000661951983 6.69978e-17
8882.266546330213 7.384931e-17
8885.532430708443 7.966257e-17
8888.798315086673 7.216851e-17
8892.064199464903 6.7873677e-17
8895.330083843133 7.05584e-17
8898.595968221363 7.944655e-17
8901.861852599593 8.160697e-17
8905.127736977824 7.4383164e-17
8908.393621356054 7.047446e-17
8911.659505734284 6.57495e-17
8914.925390112514 6.2791174e-17
8918.191274490744 6.198389e-17
8921.457158868974 6.0432644e-17
8924.723043247204 6.246953e-17
8927.988927625434 6.187435e-17
8931.254812003664 5.706804e-17
8934.520696381895 6.336518e-17
8937.786580760125 6.94301e-17
8941.052465138355 6.659086e-17
8944.318349516585 6.251595e-17
8947.584233894815 6.6015895e-17
8950.850118273045 7.213294e-17
8954.116002651275 7.489856e-17
8957.381887029505 6.774195e-17
8960.647771407735 5.784194e-17
8963.913655785966 6.029681e-17
8967.179540164196 5.839279e-17
8970.445424542426 5.2296506e-17
8973.711308920656 4.94415e-17
8976.977193298886 4.8021557e-17
8980.243077677116 5.1750547e-17
8983.508962055346 5.1091055e-17
8986.774846433576 4.680177e-17
8990.040730811806 4.889931e-17
8993.306615190037 5.3626814e-17
8996.572499568267 5.669419e-17
8999.838383946497 5.036927e-17
9003.104268324727 4.5961546e-17
9006.370152702957 3.925375e-17
9009.636037081187 3.7802998e-17
9012.901921459417 4.793548e-17
9016.167805837647 4.5071923e-17
9019.433690215878 4.0873926e-17
9022.699574594108 4.5113375e-17
9025.965458972338 4.387374e-17
9029.231343350568 4.5072592e-17
9032.497227728798 4.4521286e-17
9035.763112107028 3.703407e-17
9039.028996485258 3.7164044e-17
9042.294880863488 4.2141027e-17
9045.560765241718 4.1322863e-17
9048.826649619949 3.9913943e-17
9052.092533998179 3.8136242e-17
9055.358418376409 3.8107327e-17
9058.624302754639 4.2925618e-17
9061.890187132869 4.2660444e-17
9065.156071511099 3.8083217e-17
9068.42195588933 3.2290775e-17
9071.68784026756 3.5421737e-17
9074.95372464579 4.3168207e-17
9078.21960902402 3.7890633e-17
9081.48549340225 2.977943e-17
9084.75137778048 2.771034e-17
9088.01726215871 2.864822e-17
9091.28314653694 2.881561e-17
9094.54903091517 3.5160473e-17
9097.8149152934 3.5803954e-17
9101.08079967163 3.058614e-17
9104.34668404986 2.942186e-17
9107.61256842809 2.7110634e-17
9110.87845280632 2.8031334e-17
9114.14433718455 3.0646026e-17
9117.41022156278 2.9241893e-17
9120.676105941011 2.906247e-17
9123.941990319241 2.9203264e-17
9127.207874697471 2.3173882e-17
9130.473759075701 1.9199831e-17
9133.739643453931 2.008723e-17
9137.005527832162 2.2840927e-17
9140.271412210392 2.2777606e-17
9143.537296588622 1.9926983e-17
9146.803180966852 2.3205713e-17
9150.069065345082 2.9272526e-17
9153.334949723312 3.1520058e-17
9156.600834101542 2.928826e-17
9159.866718479772 2.701677e-17
9163.132602858002 2.2560235e-17
9166.398487236233 1.847269e-17
9169.664371614463 2.012286e-17
9172.930255992693 1.8751041e-17
9176.196140370923 1.5894575e-17
9179.462024749153 1.7411323e-17
9182.727909127383 1.9492012e-17
9185.993793505613 1.7838871e-17
9189.259677883843 1.7183963e-17
9192.525562262073 1.7686036e-17
9195.791446640304 1.5900438e-17
9199.057331018534 1.7236368e-17
9202.323215396764 2.133459e-17
9205.589099774994 1.8917255e-17
9208.854984153224 1.4430619e-17
9212.120868531454 1.789372e-17
9215.386752909684 2.4272378e-17
9218.652637287914 2.4647085e-17
9221.918521666144 1.655751e-17
9225.184406044375 1.1698269e-17
9228.450290422605 1.3174315e-17
9231.716174800835 1.4873114e-17
9234.982059179065 1.2992641e-17
9238.247943557295 9.348258e-18
9241.513827935525 9.038429e-18
9244.779712313755 1.2072041e-17
9248.045596691985 1.3927786e-17
9251.311481070215 1.2274245e-17
9254.577365448446 9.463918e-18
9257.843249826676 1.0355731e-17
9261.109134204906 2.1049426e-17
9264.375018583136 2.1463224e-17
9267.640902961366 1.9110056e-17
9270.906787339596 2.0457576e-17
9274.172671717826 1.9564266e-17
9277.438556096056 1.1709154e-17
9280.704440474286 1.2609082e-17
9283.970324852517 1.2544006e-17
9287.236209230747 1.4435832e-17
9290.502093608977 1.9957595e-17
9293.767977987207 1.6115953e-17
9297.033862365437 8.339572e-18
9300.299746743667 9.541715e-18
9303.565631121897 1.5052398e-17
9306.831515500127 2.0539131e-17
9310.097399878357 2.4637002e-17
9313.363284256588 1.104582e-17
9316.629168634818 1.3944546e-17
9319.895053013048 3.0899176e-17
9323.160937391278 2.9582348e-17
9326.426821769508 1.7357697e-17
9329.692706147738 1.3145249e-17
9332.958590525968 1.8397867e-17
9336.224474904198 2.9169336e-17
9339.490359282428 2.9186145e-17
9342.756243660659 2.5870901e-17
9346.022128038889 3.312074e-17
9349.288012417119 3.3030867e-17
9352.553896795349 3.2869702e-17
9355.819781173579 3.467712e-17
9359.08566555181 2.738592e-17
9362.35154993004 3.2375882e-17
9365.61743430827 3.700327e-17
9368.8833186865 4.3062695e-17
9372.14920306473 4.501996e-17
9375.41508744296 4.0643847e-17
9378.68097182119 3.4434775e-17
9381.94685619942 3.4306806e-17
9385.21274057765 3.207798e-17
9388.47862495588 2.5706366e-17
9391.74450933411 2.2311584e-17
9395.01039371234 2.9131243e-17
9398.27627809057 2.713511e-17
9401.5421624688 1.6632172e-17
9404.80804684703 1.2818457e-17
9408.07393122526 1.9601555e-17
9411.339815603491 2.3481651e-17
9414.605699981721 3.133486e-17
9417.871584359951 3.906925e-17
9421.137468738181 3.4415643e-17
9424.403353116411 3.2963717e-17
9427.669237494641 2.1568834e-17
9430.935121872872 1.4377162e-17
9434.201006251102 2.2129447e-17
9437.466890629332 2.5216818e-17
9440.732775007562 1.5748065e-17
9443.998659385792 1.3802736e-17
9447.264543764022 2.7871662e-17
9450.530428142252 2.7111134e-17
9453.796312520482 2.5028546e-17
9457.062196898713 2.3890415e-17
9460.328081276943 2.6441814e-17
9463.593965655173 3.040508e-17
9466.859850033403 3.6477328e-17
9470.125734411633 2.0763956e-17
9473.391618789863 1.6156076e-17
9476.657503168093 2.779106e-17
9479.923387546323 3.527652e-17
9483.189271924553 2.918195e-17
9486.455156302784 2.2663051e-17
9489.721040681014 2.6161607e-17
9492.986925059244 2.960757e-17
9496.252809437474 2.1536263e-17
9499.518693815704 2.214202e-17
9502.784578193934 3.345003e-17
9506.050462572164 4.0321882e-17
9509.316346950394 3.862232e-17
9512.582231328624 3.4396344e-17
9515.848115706855 3.5981804e-17
9519.114000085085 3.6224433e-17
9522.379884463315 3.3657476e-17
9525.645768841545 2.8974995e-17
9528.911653219775 2.6267296e-17
9532.177537598005 2.0140215e-17
9535.443421976235 1.6538376e-17
9538.709306354465 2.5100589e-17
9541.975190732695 3.2785668e-17
9545.241075110926 3.5198375e-17
9548.506959489156 3.3100903e-17
9551.772843867386 2.6448983e-17
9555.038728245616 3.4928317e-17
9558.304612623846 4.7426116e-17
9561.570497002076 4.784282e-17
9564.836381380306 3.6173773e-17
9568.102265758536 2.3409087e-17
9571.368150136766 2.7088865e-17
9574.634034514997 3.306501e-17
9577.899918893227 2.999828e-17
9581.165803271457 2.4778627e-17
9584.431687649687 2.5250524e-17
