3800.0 6.6576307e-17
3803.041410184667 9.545459e-17
3806.0828203693336 7.294546e-17
3809.1242305540004 5.1715074e-17
3812.165640738667 4.9339024e-17
3815.207050923334 7.210655e-17
3818.248461108001 8.462612e-17
3821.2898712926676 7.31059e-17
3824.3312814773344 7.7289725e-17
3827.372691662001 8.2152025e-17
3830.414101846668 8.5259776e-17
3833.455512031335 6.72035e-17
3836.4969222160016 5.2306442e-17
3839.5383324006684 2.7258154e-17
3842.579742585335 2.92193e-17
3845.621152770002 6.4265594e-17
3848.662562954669 5.0708997e-17
3851.7039731393356 4.9337022e-17
3854.7453833240024 5.634045e-17
3857.7867935086692 3.008519e-17
3860.828203693336 3.6181446e-17
3863.869613878003 4.069674e-17
3866.9110240626696 4.5482632e-17
3869.9524342473364 5.769915e-17
3872.9938444320032 2.9932255e-17
3876.03525461667 3.326203e-17
3879.076664801337 2.9813604e-17
3882.1180749860036 5.278481e-17
3885.1594851706705 3.2629334e-17
3888.2008953553373 5.1046487e-17
3891.242305540004 3.056635e-17
3894.283715724671 5.599796e-17
3897.3251259093377 7.060436e-17
3900.3665360940045 6.245313e-17
3903.4079462786713 6.5007615e-17
3906.449356463338 7.077946e-17
3909.490766648005 4.4272033e-17
3912.5321768326717 4.4772087e-17
3915.5735870173385 8.678357e-17
3918.6149972020053 6.2155185e-17
3921.656407386672 6.216086e-17
3924.697817571339 8.488991e-17
3927.7392277560057 8.275332e-17
3930.7806379406725 7.2233607e-17
3933.8220481253393 7.7022036e-17
3936.863458310006 9.762071e-17
3939.904868494673 1.1813467e-16
3942.9462786793397 6.5123076e-17
3945.9876888640065 9.1466165e-17
3949.0290990486733 8.99639e-17
3952.07050923334 9.932695e-17
3955.111919418007 6.0932447e-17
3958.1533296026737 7.7574156e-17
3961.1947397873405 9.485012e-17
3964.2361499720073 1.1414545e-16
3967.277560156674 1.019449e-16
3970.318970341341 1.2450091e-16
3973.3603805260077 1.3681853e-16
3976.4017907106745 1.380276e-16
3979.4432008953413 1.10269767e-16
3982.484611080008 9.5354496e-17
3985.526021264675 1.1778873e-16
3988.5674314493417 9.381405e-17
3991.6088416340085 1.3995737e-16
3994.6502518186753 1.6475001e-16
3997.691662003342 1.329724e-16
4000.733072188009 1.2792679e-16
4003.7744823726757 1.5355766e-16
4006.8158925573425 1.1740414e-16
4009.8573027420093 1.5518215e-16
4012.898712926676 1.3559466e-16
4015.940123111343 1.1712782e-16
4018.9815332960097 1.2561971e-16
4022.0229434806765 1.551606e-16
4025.0643536653433 1.3674398e-16
4028.10576385001 1.423712e-16
4031.147174034677 1.5926978e-16
4034.1885842193437 1.8036338e-16
4037.2299944040105 1.7103617e-16
4040.2714045886773 1.5977782e-16
4043.312814773344 1.3259942e-16
4046.354224958011 1.2268753e-16
4049.3956351426777 1.5919952e-16
4052.4370453273445 1.6350487e-16
4055.4784555120114 1.6585167e-16
4058.519865696678 1.4215504e-16
4061.561275881345 1.2235927e-16
4064.6026860660118 1.3195957e-16
4067.6440962506786 1.3490579e-16
4070.6855064353454 1.0599506e-16
4073.726916620012 9.678504e-17
4076.768326804679 1.1854377e-16
4079.8097369893458 1.2399509e-16
4082.8511471740126 1.5670051e-16
4085.8925573586794 1.2473387e-16
4088.933967543346 9.707471e-17
4091.975377728013 9.3996735e-17
4095.01678791268 1.2570964e-16
4098.058198097347 1.0798183e-16
4101.099608282014 9.69795e-17
4104.141018466681 9.2592884e-17
4107.182428651348 1.2699787e-16
4110.223838836016 1.3049407e-16
4113.265249020683 1.0417316e-16
4116.30665920535 1.1531381e-16
4119.348069390017 1.0678012e-16
4122.389479574685 1.1979928e-16
4125.430889759352 9.165395e-17
4128.472299944019 1.0688123e-16
4131.513710128686 1.350903e-16
4134.555120313354 1.208382e-16
4137.596530498021 1.2071497e-16
4140.637940682688 1.2117827e-16
4143.679350867355 1.2335433e-16
4146.720761052023 1.07119744e-16
4149.76217123669 9.974595e-17
4152.803581421357 9.7719e-17
4155.844991606024 1.1309436e-16
4158.886401790692 1.3386311e-16
4161.927811975359 1.3675817e-16
4164.969222160026 1.3429263e-16
4168.0106323446935 1.414632e-16
4171.052042529361 1.395457e-16
4174.093452714028 1.1700099e-16
4177.134862898695 1.2118972e-16
4180.1762730833625 1.2250758e-16
4183.21768326803 1.3546869e-16
4186.259093452697 1.2326064e-16
4189.300503637364 1.0484598e-16
4192.3419138220315 1.1725856e-16
4195.383324006699 1.0334481e-16
4198.424734191366 1.0636928e-16
4201.466144376033 1.3584611e-16
4204.507554560701 1.1214486e-16
4207.548964745368 1.3962295e-16
4210.590374930035 1.1715637e-16
4213.631785114702 1.1338893e-16
4216.67319529937 9.816607e-17
4219.714605484037 9.005214e-17
4222.756015668704 8.432412e-17
4225.797425853371 9.813407e-17
4228.838836038039 1.1223815e-16
4231.880246222706 1.1550149e-16
4234.921656407373 9.9646544e-17
4237.96306659204 8.424116e-17
4241.004476776708 9.828177e-17
4244.045886961375 6.965426e-17
4247.087297146042 8.886081e-17
4250.128707330709 9.413804e-17
4253.170117515377 9.0890156e-17
4256.211527700044 9.714347e-17
4259.252937884711 1.152484e-16
4262.294348069378 1.0368899e-16
4265.335758254046 8.015399e-17
4268.377168438713 9.397987e-17
4271.41857862338 1.2488783e-16
4274.4599888080475 9.1964425e-17
4277.501398992715 9.647918e-17
4280.542809177382 1.0433738e-16
4283.584219362049 9.591762e-17
4286.6256295467165 1.0506291e-16
4289.667039731384 8.73736e-17
4292.708449916051 1.1221029e-16
4295.749860100718 1.0179005e-16
4298.7912702853855 1.0082064e-16
4301.832680470053 1.05449084e-16
4304.87409065472 8.13751e-17
4307.915500839387 1.0001823e-16
4310.9569110240545 8.4548314e-17
4313.998321208722 7.914041e-17
4317.039731393389 8.995524e-17
4320.081141578056 7.219219e-17
4323.122551762724 8.2926345e-17
4326.163961947391 7.7443805e-17
4329.205372132058 8.282383e-17
4332.246782316725 8.650616e-17
4335.288192501393 8.492556e-17
4338.32960268606 7.60081e-17
4341.371012870727 1.0084473e-16
4344.412423055394 8.610922e-17
4347.453833240062 9.2176514e-17
4350.495243424729 6.442185e-17
4353.536653609396 5.682315e-17
4356.578063794063 7.0155147e-17
4359.619473978731 7.2099444e-17
4362.660884163398 7.373924e-17
4365.702294348065 8.552932e-17
4368.743704532732 8.263533e-17
4371.7851147174 8.627446e-17
4374.826524902067 8.0431516e-17
4377.867935086734 6.6834585e-17
4380.909345271401 8.039105e-17
4383.950755456069 7.7943694e-17
4386.992165640736 8.848833e-17
4390.033575825403 8.530028e-17
4393.0749860100705 7.973011e-17
4396.116396194738 8.776105e-17
4399.157806379405 9.2564455e-17
4402.199216564072 6.3427515e-17
4405.2406267487395 7.5367556e-17
4408.282036933407 8.607797e-17
4411.323447118074 7.391478e-17
4414.364857302741 7.0465816e-17
4417.4062674874085 8.685307e-17
4420.447677672076 1.0262769e-16
4423.489087856743 7.886349e-17
4426.53049804141 7.944226e-17
4429.5719082260775 6.376245e-17
4432.613318410745 7.4255296e-17
4435.654728595412 6.002683e-17
4438.696138780079 7.887241e-17
4441.737548964747 8.352919e-17
4444.778959149414 5.947702e-17
4447.820369334081 6.23467e-17
4450.861779518748 7.857618e-17
4453.903189703416 8.431064e-17
4456.944599888083 8.021532e-17
4459.98601007275 8.319259e-17
4463.027420257417 7.7016e-17
4466.068830442085 8.2566317e-17
4469.110240626752 8.903345e-17
4472.151650811419 6.9983675e-17
4475.193060996086 6.619041e-17
4478.234471180754 7.000239e-17
4481.275881365421 7.27931e-17
4484.317291550088 5.647821e-17
4487.358701734755 7.477334e-17
4490.400111919423 7.7666476e-17
4493.44152210409 6.029457e-17
4496.482932288757 7.506861e-17
4499.524342473424 8.52662e-17
4502.565752658092 9.91545e-17
4505.607162842759 9.3363644e-17
4508.648573027426 8.855667e-17
4511.6899832120935 1.05808676e-16
4514.731393396761 1.0120057e-16
4517.772803581428 1.0492711e-16
4520.814213766095 9.400837e-17
4523.8556239507625 7.855734e-17
4526.89703413543 9.418518e-17
4529.938444320097 1.1872185e-16
4532.979854504764 1.0369586e-16
4536.0212646894315 1.1433472e-16
4539.062674874099 1.0944814e-16
4542.104085058766 1.1499306e-16
4545.145495243433 1.1484254e-16
4548.1869054281005 1.1307362e-16
4551.228315612768 1.2337937e-16
4554.269725797435 1.366494e-16
4557.311135982102 1.1665838e-16
4560.35254616677 1.2520763e-16
4563.393956351437 1.4475314e-16
4566.435366536104 1.4549762e-16
4569.476776720771 1.3885968e-16
4572.518186905439 1.3252165e-16
4575.559597090106 1.1628162e-16
4578.601007274773 1.303516e-16
4581.64241745944 1.3686716e-16
4584.683827644108 1.2996556e-16
4587.725237828775 1.5092969e-16
4590.766648013442 1.4889524e-16
4593.808058198109 1.441326e-16
4596.849468382777 1.4125496e-16
4599.890878567444 1.3412841e-16
4602.932288752111 1.2519612e-16
4605.973698936778 1.1857883e-16
4609.015109121446 1.366375e-16
4612.056519306113 1.4568005e-16
4615.09792949078 1.470447e-16
4618.139339675447 1.5190643e-16
4621.180749860115 1.4174048e-16
4624.222160044782 1.5004168e-16
4627.263570229449 1.5172008e-16
4630.3049804141165 1.573311e-16
4633.346390598784 1.5960725e-16
4636.387800783451 1.5811801e-16
4639.429210968118 1.5919002e-16
4642.4706211527855 1.6821885e-16
4645.512031337453 1.439584e-16
4648.55344152212 1.4909515e-16
4651.594851706787 1.6035702e-16
4654.6362618914545 1.6281126e-16
4657.677672076122 1.6690369e-16
4660.719082260789 1.3590722e-16
4663.760492445456 1.3649133e-16
4666.801902630124 1.4952458e-16
4669.843312814791 1.4728004e-16
4672.884722999458 1.3569776e-16
4675.926133184125 1.403126e-16
4678.967543368793 1.3328597e-16
4682.00895355346 1.3481247e-16
4685.050363738127 1.5171366e-16
4688.091773922794 1.3214451e-16
4691.133184107462 1.3604019e-16
4694.174594292129 1.4015771e-16
4697.216004476796 1.406103e-16
4700.257414661463 1.225845e-16
4703.298824846131 1.4107542e-16
4706.340235030798 1.3619862e-16
4709.381645215465 1.4024412e-16
4712.423055400132 1.2969326e-16
4715.4644655848 1.3223516e-16
4718.505875769467 1.193574e-16
4721.547285954134 1.3562658e-16
4724.588696138801 1.4452392e-16
4727.630106323469 1.208481e-16
4730.671516508136 1.2957496e-16
4733.712926692803 1.2387572e-16
4736.75433687747 1.1505836e-16
4739.795747062138 1.3634132e-16
4742.837157246805 1.1588091e-16
4745.878567431472 1.1148468e-16
4748.9199776161395 1.3088362e-16
4751.961387800807 1.10257624e-16
4755.002797985474 1.0227878e-16
4758.044208170141 1.00221666e-16
4761.0856183548085 1.216055e-16
4764.127028539476 1.2077059e-16
4767.168438724143 1.1416548e-16
4770.20984890881 1.091268e-16
4773.2512590934775 1.1484646e-16
4776.292669278145 1.1172443e-16
4779.334079462812 1.2709541e-16
4782.375489647479 1.2246017e-16
4785.416899832147 1.109623e-16
4788.458310016814 1.209538e-16
4791.499720201481 1.2237685e-16
4794.541130386148 1.1861405e-16
4797.582540570816 1.0185876e-16
4800.623950755483 9.991862e-17
4803.66536094015 1.1565537e-16
4806.706771124817 1.143896e-16
4809.748181309485 1.0225436e-16
4812.789591494152 1.0700158e-16
4815.831001678819 1.0813069e-16
4818.872411863486 1.1609346e-16
4821.913822048154 1.2064149e-16
4824.955232232821 1.2496922e-16
4827.996642417488 1.2079132e-16
4831.038052602155 1.2587886e-16
4834.079462786823 1.1598081e-16
4837.12087297149 1.1927649e-16
4840.162283156157 1.2926334e-16
4843.203693340824 1.109341e-16
4846.245103525492 1.2270281e-16
4849.286513710159 1.1468707e-16
4852.327923894826 1.1030097e-16
4855.3693340794935 1.2169063e-16
4858.410744264161 1.2618259e-16
4861.452154448828 1.3300257e-16
4864.493564633495 1.2852895e-16
4867.5349748181625 1.1554129e-16
4870.57638500283 1.1963152e-16
4873.617795187497 1.2506295e-16
4876.659205372164 1.10457576e-16
4879.7006155568315 1.253632e-16
4882.742025741499 1.1630036e-16
4885.783435926166 1.2281974e-16
4888.824846110833 1.3413627e-16
4891.8662562955005 1.156357e-16
4894.907666480168 1.0853179e-16
4897.949076664835 1.189102e-16
4900.990486849502 1.1532346e-16
4904.03189703417 1.1846148e-16
4907.073307218837 1.169937e-16
4910.114717403504 1.1991242e-16
4913.156127588171 1.2663987e-16
4916.197537772839 1.392736e-16
4919.238947957506 1.2316782e-16
4922.280358142173 1.2139359e-16
4925.32176832684 1.1833291e-16
4928.363178511508 1.1436758e-16
4931.404588696175 1.1569508e-16
4934.445998880842 1.1766088e-16
4937.487409065509 1.0657187e-16
4940.528819250177 9.7436265e-17
4943.570229434844 1.0742826e-16
4946.611639619511 1.172805e-16
4949.653049804178 1.0160669e-16
4952.694459988846 8.0159016e-17
4955.735870173513 7.3787125e-17
4958.77728035818 7.809896e-17
4961.818690542847 9.5146596e-17
4964.860100727515 8.4714015e-17
4967.901510912182 9.826919e-17
4970.942921096849 8.2814974e-17
4973.9843312815165 9.084996e-17
4977.025741466184 8.7145145e-17
4980.067151650851 8.3923495e-17
4983.108561835518 9.9546164e-17
4986.1499720201855 7.981875e-17
4989.191382204853 8.981765e-17
4992.23279238952 8.690612e-17
4995.274202574187 9.2189756e-17
4998.3156127588545 9.2257545e-17
5001.357022943522 8.7236386e-17
5004.398433128189 1.0857834e-16
5007.439843312856 1.0639456e-16
5010.4812534975235 9.507052e-17
5013.522663682191 1.0888194e-16
5016.564073866858 1.1317107e-16
5019.605484051525 1.00620056e-16
5022.646894236193 8.908888e-17
5025.68830442086 1.01959374e-16
5028.729714605527 1.0167054e-16
5031.771124790194 1.03837207e-16
5034.812534974862 1.0806666e-16
5037.853945159529 1.0663373e-16
5040.895355344196 1.0737276e-16
5043.936765528863 1.0143309e-16
5046.978175713531 9.2016114e-17
5050.019585898198 1.0849338e-16
5053.060996082865 1.1180676e-16
5056.102406267532 9.191433e-17
5059.1438164522 7.9467215e-17
5062.185226636867 9.436324e-17
5065.226636821534 9.1126776e-17
5068.268047006201 9.758405e-17
5071.309457190869 9.3552506e-17
5074.350867375536 1.0236634e-16
5077.392277560203 1.03216914e-16
5080.43368774487 9.9268364e-17
5083.475097929538 9.241881e-17
5086.516508114205 9.7180136e-17
5089.557918298872 8.7720426e-17
5092.5993284835395 9.214769e-17
5095.640738668207 9.687793e-17
5098.682148852874 1.1110045e-16
5101.723559037541 1.0005238e-16
5104.7649692222085 9.722898e-17
5107.806379406876 9.012634e-17
5110.847789591543 9.679521e-17
5113.88919977621 9.753415e-17
5116.9306099608775 1.06690774e-16
5119.972020145545 9.326394e-17
5123.013430330212 8.5529615e-17
5126.054840514879 1.03464916e-16
5129.0962506995465 9.931444e-17
5132.137660884214 9.695188e-17
5135.179071068881 1.0434717e-16
5138.220481253548 1.00130716e-16
5141.261891438216 9.478184e-17
5144.303301622883 1.1277999e-16
5147.34471180755 8.996801e-17
5150.386121992217 9.379726e-17
5153.427532176885 1.1346522e-16
5156.468942361552 1.00360844e-16
5159.510352546219 9.915812e-17
5162.551762730886 1.0180631e-16
5165.593172915554 9.2738415e-17
5168.634583100221 9.770642e-17
5171.675993284888 1.0272812e-16
5174.717403469555 1.1582138e-16
5177.758813654223 9.9577994e-17
5180.80022383889 9.608055e-17
5183.841634023557 9.6517935e-17
5186.883044208224 1.04455554e-16
5189.924454392892 1.02654054e-16
5192.965864577559 1.0223391e-16
5196.007274762226 1.00892463e-16
5199.048684946893 1.01911557e-16
5202.090095131561 1.0494225e-16
5205.131505316228 1.1963537e-16
5208.172915500895 1.140849e-16
5211.2143256855625 1.0001955e-16
5214.25573587023 9.483496e-17
5217.297146054897 1.2836015e-16
5220.338556239564 1.1421263e-16
5223.3799664242315 1.1035132e-16
5226.421376608899 1.2750826e-16
5229.462786793566 1.3109623e-16
5232.504196978233 1.1537281e-16
5235.5456071629005 1.2219677e-16
5238.587017347568 1.1367758e-16
5241.628427532235 1.1514407e-16
5244.669837716902 1.2909891e-16
5247.71124790157 1.1209289e-16
5250.752658086237 1.05274363e-16
5253.794068270904 1.06512024e-16
5256.835478455571 1.1880782e-16
5259.876888640239 1.1595096e-16
5262.918298824906 1.0496856e-16
5265.959709009573 1.1525846e-16
5269.00111919424 1.2656548e-16
5272.042529378908 1.2801806e-16
5275.083939563575 1.1358357e-16
5278.125349748242 1.09197304e-16
5281.166759932909 1.0885093e-16
5284.208170117577 1.1999025e-16
5287.249580302244 1.2327137e-16
5290.290990486911 1.1924752e-16
5293.332400671578 1.2101051e-16
5296.373810856246 1.0815743e-16
5299.415221040913 1.1721525e-16
5302.45663122558 1.2779236e-16
5305.498041410247 1.1113317e-16
5308.539451594915 1.235072e-16
5311.580861779582 1.2883924e-16
5314.622271964249 1.1264841e-16
5317.663682148916 1.2982743e-16
5320.705092333584 1.3593951e-16
5323.746502518251 1.1692594e-16
5326.787912702918 1.1745265e-16
5329.8293228875855 1.0812383e-16
5332.870733072253 1.1874374e-16
5335.91214325692 1.1941637e-16
5338.953553441587 1.281486e-16
5341.9949636262545 1.3635187e-16
5345.036373810922 1.266079e-16
5348.077783995589 1.07902746e-16
5351.119194180256 1.03806985e-16
5354.1606043649235 1.07186745e-16
5357.202014549591 1.3342354e-16
5360.243424734258 1.2126408e-16
5363.284834918925 9.9767623e-17
5366.326245103593 1.0562443e-16
5369.36765528826 1.0010632e-16
5372.409065472927 1.09141115e-16
5375.450475657594 1.1437445e-16
5378.491885842262 9.502264e-17
5381.533296026929 9.8373196e-17
5384.574706211596 1.0353926e-16
5387.616116396263 9.5047354e-17
5390.657526580931 9.095762e-17
5393.698936765598 1.0976249e-16
5396.740346950265 1.0723321e-16
5399.781757134932 9.749924e-17
5402.8231673196 9.81909e-17
5405.864577504267 1.0535142e-16
5408.905987688934 1.0328406e-16
5411.947397873601 1.03600884e-16
5414.988808058269 8.957394e-17
5418.030218242936 1.04115675e-16
5421.071628427603 1.1373248e-16
5424.11303861227 1.02731716e-16
5427.154448796938 1.0450371e-16
5430.195858981605 1.0887098e-16
5433.237269166272 1.07963475e-16
5436.2786793509395 9.0531675e-17
5439.320089535607 9.721426e-17
5442.361499720274 1.1503533e-16
5445.402909904941 1.2115762e-16
5448.4443200896085 1.1673472e-16
5451.485730274276 1.1290058e-16
5454.527140458943 9.489729e-17
5457.56855064361 8.5866946e-17
5460.6099608282775 1.1434799e-16
5463.651371012945 1.2612826e-16
5466.692781197612 1.1400308e-16
5469.734191382279 1.019843e-16
5472.7756015669465 1.1458862e-16
5475.817011751614 1.04800845e-16
5478.858421936281 1.09194974e-16
5481.899832120948 1.1007159e-16
5484.941242305616 9.4910366e-17
5487.982652490283 1.0806163e-16
5491.02406267495 1.0627056e-16
5494.065472859617 1.0658138e-16
5497.106883044285 1.1186264e-16
5500.148293228952 1.0798211e-16
5503.189703413619 1.10367453e-16
5506.231113598286 9.2952e-17
5509.272523782954 9.830862e-17
5512.313933967621 9.001488e-17
5515.355344152288 8.368559e-17
5518.396754336955 9.349935e-17
5521.438164521623 9.350623e-17
5524.47957470629 8.636104e-17
5527.520984890957 9.648907e-17
5530.562395075624 9.2679605e-17
5533.603805260292 7.68454e-17
5536.645215444959 9.544821e-17
5539.686625629626 9.3442544e-17
5542.728035814293 8.07995e-17
5545.769445998961 9.135614e-17
5548.810856183628 9.9288745e-17
5551.852266368295 8.843558e-17
5554.8936765529625 8.6347796e-17
5557.93508673763 8.554381e-17
5560.976496922297 8.145132e-17
5564.017907106964 8.501463e-17
5567.0593172916315 7.784726e-17
5570.100727476299 6.571397e-17
5573.142137660966 8.33682e-17
5576.183547845633 7.4584963e-17
5579.2249580303005 8.752002e-17
5582.266368214968 9.273381e-17
5585.307778399635 8.5125395e-17
5588.349188584302 8.813824e-17
5591.3905987689695 1.01875326e-16
5594.432008953637 8.8517365e-17
5597.473419138304 7.635178e-17
5600.514829322971 7.163934e-17
5603.556239507639 7.7862994e-17
5606.597649692306 7.977441e-17
5609.639059876973 6.613632e-17
5612.68047006164 8.4622324e-17
5615.721880246308 8.54513e-17
5618.763290430975 8.3264755e-17
5621.804700615642 8.811526e-17
5624.846110800309 8.3065087e-17
5627.887520984977 9.9044906e-17
5630.928931169644 1.0004175e-16
5633.970341354311 9.634458e-17
5637.011751538978 8.117718e-17
5640.053161723646 8.427329e-17
5643.094571908313 9.705674e-17
5646.13598209298 8.060849e-17
5649.177392277647 8.455883e-17
5652.218802462315 9.646281e-17
5655.260212646982 1.1168914e-16
5658.301622831649 9.2843745e-17
5661.343033016316 8.701986e-17
5664.384443200984 1.00595896e-16
5667.425853385651 8.261045e-17
5670.467263570318 9.2872054e-17
5673.5086737549855 9.624356e-17
5676.550083939653 1.01778566e-16
5679.59149412432 9.873688e-17
5682.632904308987 9.120574e-17
5685.6743144936545 1.0494083e-16
5688.715724678322 1.0419537e-16
5691.757134862989 1.0481073e-16
5694.798545047656 1.0485096e-16
5697.8399552323235 1.0122416e-16
5700.881365416991 9.421901e-17
5703.922775601658 1.07217675e-16
5706.964185786325 9.048107e-17
5710.0055959709925 9.774388e-17
5713.04700615566 1.08694543e-16
5716.088416340327 9.4509183e-17
5719.129826524994 9.724309e-17
5722.171236709662 8.830001e-17
5725.212646894329 9.438388e-17
5728.254057078996 9.1962255e-17
5731.295467263663 1.0180315e-16
5734.336877448331 1.0205932e-16
5737.378287632998 1.0132416e-16
5740.419697817665 1.0189258e-16
5743.461108002332 9.766757e-17
5746.502518187 9.577219e-17
5749.543928371667 7.7718846e-17
5752.585338556334 9.1333584e-17
5755.626748741001 9.4928796e-17
5758.668158925669 1.00105384e-16
5761.709569110336 9.452023e-17
5764.750979295003 9.440413e-17
5767.79238947967 9.9160294e-17
5770.833799664338 1.0947819e-16
5773.875209849005 1.0830733e-16
5776.916620033672 1.0176613e-16
5779.958030218339 9.158884e-17
5782.999440403007 9.653122e-17
5786.040850587674 1.02779454e-16
5789.082260772341 9.9409587e-17
5792.1236709570085 1.01050084e-16
5795.165081141676 9.841448e-17
5798.206491326343 9.162444e-17
5801.24790151101 9.199994e-17
5804.2893116956775 8.697857e-17
5807.330721880345 8.822329e-17
5810.372132065012 9.214513e-17
5813.413542249679 9.8047075e-17
5816.4549524343465 9.796396e-17
5819.496362619014 9.693887e-17
5822.537772803681 1.048712e-16
5825.579182988348 9.412202e-17
5828.620593173016 1.0298853e-16
5831.662003357683 9.5593525e-17
5834.70341354235 8.557752e-17
5837.744823727017 9.1763645e-17
5840.786233911685 9.096039e-17
5843.827644096352 7.429434e-17
5846.869054281019 8.3780254e-17
5849.910464465686 9.005553e-17
5852.951874650354 9.618223e-17
5855.993284835021 8.193486e-17
5859.034695019688 8.272929e-17
5862.076105204355 7.135178e-17
5865.117515389023 7.321088e-17
5868.15892557369 6.927721e-17
5871.200335758357 7.86999e-17
5874.241745943024 8.7096196e-17
5877.283156127692 8.442396e-17
5880.324566312359 6.41336e-17
5883.365976497026 7.189138e-17
5886.407386681693 6.123719e-17
5889.448796866361 6.0937555e-17
5892.490207051028 7.015846e-17
5895.531617235695 6.6665066e-17
5898.573027420362 7.2457554e-17
5901.61443760503 8.477736e-17
5904.655847789697 6.7818275e-17
5907.697257974364 7.213794e-17
5910.7386681590315 6.885257e-17
5913.780078343699 7.308635e-17
5916.821488528366 8.781344e-17
5919.862898713033 9.0484665e-17
5922.9043088977005 8.314537e-17
5925.945719082368 8.569542e-17
5928.987129267035 7.94793e-17
5932.028539451702 7.0124084e-17
5935.0699496363695 8.290457e-17
5938.111359821037 8.880111e-17
5941.152770005704 8.8616e-17
5944.194180190371 7.6112965e-17
5947.235590375039 7.588397e-17
5950.277000559706 8.31922e-17
5953.318410744373 7.167804e-17
5956.35982092904 6.9845185e-17
5959.401231113708 8.4586126e-17
5962.442641298375 7.610465e-17
5965.484051483042 7.976666e-17
5968.525461667709 9.394565e-17
5971.566871852377 8.346537e-17
5974.608282037044 7.349371e-17
5977.649692221711 9.236794e-17
5980.691102406378 8.864292e-17
5983.732512591046 8.9220846e-17
5986.773922775713 9.0879e-17
5989.81533296038 1.015694e-16
5992.856743145047 9.5598355e-17
5995.898153329715 8.915047e-17
5998.939563514382 9.057282e-17
6001.980973699049 9.579197e-17
6005.022383883716 9.163026e-17
6008.063794068384 7.192882e-17
6011.105204253051 8.6794546e-17
6014.146614437718 8.866589e-17
6017.1880246223855 8.454541e-17
6020.229434807053 8.152583e-17
6023.27084499172 8.595698e-17
6026.312255176387 9.723154e-17
6029.3536653610545 9.5425025e-17
6032.395075545722 8.179608e-17
6035.436485730389 7.835153e-17
6038.477895915056 7.7767094e-17
6041.5193060997235 9.13833e-17
6044.560716284391 9.259987e-17
6047.602126469058 1.04594904e-16
6050.643536653725 1.04808336e-16
6053.6849468383925 9.249703e-17
6056.72635702306 9.3817277e-17
6059.767767207727 9.855322e-17
6062.809177392394 9.074366e-17
6065.850587577062 8.421064e-17
6068.891997761729 8.4707636e-17
6071.933407946396 8.771577e-17
6074.974818131063 9.096698e-17
6078.016228315731 9.33858e-17
6081.057638500398 9.441603e-17
6084.099048685065 9.4115075e-17
6087.140458869732 1.0697641e-16
6090.1818690544 9.1188655e-17
6093.223279239067 8.16204e-17
6096.264689423734 9.4825597e-17
6099.306099608401 8.476309e-17
6102.347509793069 8.7724496e-17
6105.388919977736 9.148911e-17
6108.430330162403 8.192786e-17
6111.47174034707 8.522138e-17
6114.513150531738 9.469529e-17
6117.554560716405 9.9338026e-17
6120.595970901072 9.193827e-17
6123.637381085739 8.513535e-17
6126.678791270407 7.058069e-17
6129.720201455074 8.025137e-17
6132.761611639741 9.704639e-17
6135.8030218244085 9.8256795e-17
6138.844432009076 9.202832e-17
6141.885842193743 8.911841e-17
6144.92725237841 1.03807785e-16
6147.9686625630775 9.5900514e-17
6151.010072747745 8.608716e-17
6154.051482932412 7.451593e-17
6157.092893117079 7.231937e-17
6160.1343033017465 9.235293e-17
6163.175713486414 8.483231e-17
6166.217123671081 9.180252e-17
6169.258533855748 8.343162e-17
6172.2999440404155 9.047452e-17
6175.341354225083 8.909304e-17
6178.38276440975 9.098176e-17
6181.424174594417 6.840466e-17
6184.465584779085 7.735401e-17
6187.506994963752 9.5641415e-17
6190.548405148419 7.686781e-17
6193.589815333086 8.579859e-17
6196.631225517754 7.658838e-17
6199.672635702421 7.2955126e-17
6202.714045887088 7.19613e-17
6205.755456071755 6.95675e-17
6208.796866256423 5.699482e-17
6211.83827644109 5.642285e-17
6214.879686625757 5.880134e-17
6217.921096810424 5.613625e-17
6220.962506995092 6.480131e-17
6224.003917179759 5.4562388e-17
6227.045327364426 6.5921716e-17
6230.086737549093 7.217954e-17
6233.128147733761 5.6004435e-17
6236.169557918428 5.7072954e-17
6239.210968103095 5.940311e-17
6242.252378287762 6.335313e-17
6245.29378847243 5.486277e-17
6248.335198657097 4.574074e-17
6251.376608841764 4.6843754e-17
6254.4180190264315 3.7001486e-17
6257.459429211099 3.7896737e-17
6260.500839395766 3.9126037e-17
6263.542249580433 4.4605996e-17
6266.5836597651005 3.9720813e-17
6269.625069949768 5.737378e-17
6272.666480134435 4.7734436e-17
6275.707890319102 4.1776955e-17
6278.7493005037695 3.8565364e-17
6281.790710688437 5.4828155e-17
6284.832120873104 5.197831e-17
6287.873531057771 6.2581845e-17
6290.9149412424385 3.7530663e-17
6293.956351427106 5.6872684e-17
6296.997761611773 4.1826593e-17
6300.03917179644 4.181843e-17
6303.080581981108 5.4105057e-17
6306.121992165775 5.844825e-17
6309.163402350442 4.2171454e-17
6312.204812535109 5.1742344e-17
6315.246222719777 5.144725e-17
6318.287632904444 4.4674328e-17
6321.329043089111 6.394058e-17
6324.370453273778 5.480742e-17
6327.411863458446 5.1643605e-17
6330.453273643113 4.785819e-17
6333.49468382778 4.6294394e-17
6336.536094012447 5.5832124e-17
6339.577504197115 5.627005e-17
6342.618914381782 6.1872084e-17
6345.660324566449 5.903554e-17
6348.701734751116 5.2240403e-17
6351.743144935784 5.7778036e-17
6354.784555120451 6.740657e-17
6357.825965305118 5.697837e-17
6360.867375489785 5.5919256e-17
6363.908785674453 6.563293e-17
6366.95019585912 7.1895184e-17
6369.991606043787 6.5688345e-17
6373.0330162284545 6.9034396e-17
6376.074426413122 7.504422e-17
6379.115836597789 6.537918e-17
6382.157246782456 6.427789e-17
6385.1986569671235 7.659191e-17
6388.240067151791 8.593062e-17
6391.281477336458 6.387854e-17
6394.322887521125 8.4203195e-17
6397.3642977057925 7.78791e-17
6400.40570789046 6.9315684e-17
6403.447118075127 7.0840575e-17
6406.488528259794 7.599869e-17
6409.529938444462 6.74027e-17
6412.571348629129 7.1793176e-17
6415.612758813796 7.4173034e-17
6418.654168998463 8.1958405e-17
6421.695579183131 8.7068456e-17
6424.736989367798 8.6485975e-17
6427.778399552465 7.554683e-17
6430.819809737132 6.7277564e-17
6433.8612199218 8.3202346e-17
6436.902630106467 7.064457e-17
6439.944040291134 8.512071e-17
6442.985450475801 7.9615664e-17
6446.026860660469 7.854912e-17
6449.068270845136 8.507177e-17
6452.109681029803 9.132891e-17
6455.15109121447 8.2917974e-17
6458.192501399138 8.620643e-17
6461.233911583805 8.186863e-17
6464.275321768472 8.36062e-17
6467.316731953139 8.201549e-17
6470.358142137807 8.232337e-17
6473.399552322474 7.8821677e-17
6476.440962507141 8.420705e-17
6479.482372691808 8.610181e-17
6482.523782876476 7.5887025e-17
6485.565193061143 8.280908e-17
6488.60660324581 7.2658566e-17
6491.6480134304775 7.815279e-17
6494.689423615145 7.8627905e-17
6497.730833799812 7.408517e-17
6500.772243984479 7.817978e-17
6503.8136541691465 8.459013e-17
6506.855064353814 7.2767945e-17
6509.896474538481 7.0286304e-17
6512.937884723148 8.0855767e-17
6515.9792949078155 7.939129e-17
6519.020705092483 7.847647e-17
6522.06211527715 7.9513617e-17
6525.103525461817 8.2314086e-17
6528.144935646485 7.942762e-17
6531.186345831152 7.488232e-17
6534.227756015819 6.7692504e-17
6537.269166200486 7.260984e-17
6540.310576385154 8.708267e-17
6543.351986569821 7.382088e-17
6546.393396754488 7.4099e-17
6549.434806939155 7.8035207e-17
6552.476217123823 8.766112e-17
6555.51762730849 7.302283e-17
6558.559037493157 8.701659e-17
6561.600447677824 8.247849e-17
6564.641857862492 8.0708456e-17
6567.683268047159 8.709665e-17
6570.724678231826 7.318039e-17
6573.766088416493 7.457079e-17
6576.807498601161 7.1678357e-17
6579.848908785828 6.5424534e-17
6582.890318970495 6.9015305e-17
6585.931729155162 8.795724e-17
6588.97313933983 6.950361e-17
6592.014549524497 7.1659834e-17
6595.055959709164 8.2534685e-17
6598.0973698938315 7.554032e-17
6601.138780078499 6.244223e-17
6604.180190263166 7.8230984e-17
6607.221600447833 7.395396e-17
6610.2630106325005 7.5062266e-17
6613.304420817168 8.6505026e-17
6616.345831001835 7.8265824e-17
6619.387241186502 7.7830456e-17
6622.4286513711695 8.6227894e-17
6625.470061555837 7.401938e-17
6628.511471740504 7.328907e-17
6631.552881925171 8.0849606e-17
6634.5942921098385 7.561423e-17
6637.635702294506 7.158746e-17
6640.677112479173 6.833037e-17
6643.71852266384 7.2532146e-17
6646.759932848508 9.078757e-17
6649.801343033175 7.7397675e-17
6652.842753217842 6.647667e-17
6655.884163402509 7.971782e-17
6658.925573587177 8.414071e-17
6661.966983771844 7.57769e-17
6665.008393956511 7.499601e-17
6668.049804141178 7.728539e-17
6671.091214325846 7.025356e-17
6674.132624510513 6.784656e-17
6677.17403469518 7.499985e-17
6680.215444879847 8.3896205e-17
6683.256855064515 7.6361165e-17
6686.298265249182 8.2322576e-17
6689.339675433849 8.546267e-17
6692.381085618516 8.6719286e-17
6695.422495803184 8.4754454e-17
6698.463905987851 8.091571e-17
6701.505316172518 7.9193034e-17
6704.546726357185 7.543669e-17
6707.588136541853 8.4870795e-17
6710.62954672652 7.418132e-17
6713.670956911187 7.246556e-17
6716.7123670958545 7.38492e-17
6719.753777280522 7.507051e-17
6722.795187465189 6.3374396e-17
6725.836597649856 6.545898e-17
6728.8780078345235 7.708217e-17
6731.919418019191 7.8228376e-17
6734.960828203858 7.58487e-17
6738.002238388525 7.085184e-17
6741.0436485731925 7.3045144e-17
6744.08505875786 8.278415e-17
6747.126468942527 8.3704345e-17
6750.167879127194 7.57031e-17
6753.2092893118615 7.860353e-17
6756.250699496529 8.190085e-17
6759.292109681196 7.861151e-17
6762.333519865863 7.097689e-17
6765.374930050531 7.984352e-17
6768.416340235198 7.485956e-17
6771.457750419865 8.094297e-17
6774.499160604532 8.748993e-17
6777.5405707892 6.452832e-17
6780.581980973867 6.7780443e-17
6783.623391158534 7.5690527e-17
6786.664801343201 7.758556e-17
6789.706211527869 6.24566e-17
6792.747621712536 6.9476825e-17
6795.789031897203 6.818228e-17
6798.83044208187 6.279006e-17
6801.871852266538 6.438389e-17
6804.913262451205 7.8343024e-17
6807.954672635872 7.371305e-17
6810.996082820539 7.763241e-17
6814.037493005207 8.696795e-17
6817.078903189874 8.17956e-17
6820.120313374541 7.7460045e-17
6823.161723559208 6.9942945e-17
6826.203133743876 7.3887505e-17
6829.244543928543 8.451605e-17
6832.28595411321 6.7159045e-17
6835.3273642978775 6.6384685e-17
6838.368774482545 7.652205e-17
6841.410184667212 6.8169284e-17
6844.451594851879 7.3861716e-17
6847.4930050365465 6.9043495e-17
6850.534415221214 6.42902e-17
6853.575825405881 7.5837077e-17
6856.617235590548 7.697189e-17
6859.6586457752155 7.82624e-17
6862.700055959883 5.925203e-17
6865.74146614455 7.014888e-17
6868.782876329217 7.560104e-17
6871.8242865138845 6.098856e-17
6874.865696698552 5.572794e-17
6877.907106883219 5.6334083e-17
6880.948517067886 6.579971e-17
6883.989927252554 6.0513926e-17
6887.031337437221 7.042799e-17
6890.072747621888 6.055668e-17
6893.114157806555 4.8769166e-17
6896.155567991223 5.894452e-17
6899.19697817589 6.324132e-17
6902.238388360557 4.815135e-17
6905.279798545224 4.8891063e-17
6908.321208729892 6.598952e-17
6911.362618914559 6.882453e-17
6914.404029099226 4.9253044e-17
6917.445439283893 6.277575e-17
6920.486849468561 5.913449e-17
6923.528259653228 3.928207e-17
6926.569669837895 4.415144e-17
6929.611080022562 6.4202953e-17
6932.65249020723 5.7120534e-17
6935.693900391897 7.5685855e-17
6938.735310576564 6.226471e-17
6941.776720761231 6.4836355e-17
6944.818130945899 6.0408014e-17
6947.859541130566 5.7975666e-17
6950.900951315233 7.091802e-17
6953.9423614999005 7.1244464e-17
6956.983771684568 5.4059482e-17
6960.025181869235 5.369841e-17
6963.066592053902 5.3745723e-17
6966.1080022385695 5.5114568e-17
6969.149412423237 5.45468e-17
6972.190822607904 6.151882e-17
6975.232232792571 5.572722e-17
6978.2736429772385 5.3126512e-17
6981.315053161906 4.798092e-17
6984.356463346573 5.2006566e-17
6987.39787353124 6.111168e-17
6990.439283715908 4.896329e-17
6993.480693900575 4.891918e-17
6996.522104085242 5.696574e-17
6999.563514269909 4.4568452e-17
7002.604924454577 3.6717393e-17
7005.646334639244 6.636197e-17
7008.687744823911 5.579443e-17
7011.729155008578 5.1910613e-17
7014.770565193246 5.1442842e-17
7017.811975377913 5.1026717e-17
7020.85338556258 4.815905e-17
7023.894795747247 4.528992e-17
7026.936205931915 5.703546e-17
7029.977616116582 5.7503095e-17
7033.019026301249 5.690047e-17
7036.060436485916 6.624211e-17
7039.101846670584 6.174339e-17
7042.143256855251 7.611683e-17
7045.184667039918 6.8469955e-17
7048.226077224585 6.3319366e-17
7051.267487409253 6.984477e-17
7054.30889759392 5.0278655e-17
7057.350307778587 6.9100346e-17
7060.391717963254 5.816726e-17
7063.433128147922 7.067726e-17
7066.474538332589 6.044549e-17
7069.515948517256 6.437816e-17
7072.5573587019235 6.644917e-17
7075.598768886591 5.2491194e-17
7078.640179071258 5.682907e-17
7081.681589255925 7.077376e-17
7084.7229994405925 5.912357e-17
7087.76440962526 5.3448834e-17
7090.805819809927 5.7814975e-17
7093.847229994594 6.542319e-17
7096.8886401792615 5.4822398e-17
7099.930050363929 4.30101e-17
7102.971460548596 5.595552e-17
7106.012870733263 4.6706095e-17
7109.054280917931 5.1199747e-17
7112.095691102598 6.3422624e-17
7115.137101287265 5.997838e-17
7118.178511471932 5.986747e-17
7121.2199216566 4.1956033e-17
7124.261331841267 5.998516e-17
7127.302742025934 6.4151437e-17
7130.344152210601 5.8091485e-17
7133.385562395269 5.310449e-17
7136.426972579936 5.274045e-17
7139.468382764603 4.8457736e-17
7142.50979294927 5.669479e-17
7145.551203133938 6.205738e-17
7148.592613318605 5.604942e-17
7151.634023503272 5.240093e-17
7154.675433687939 6.290024e-17
7157.716843872607 5.5515506e-17
7160.758254057274 5.1971285e-17
7163.799664241941 6.120434e-17
7166.841074426608 6.22185e-17
7169.882484611276 5.4580626e-17
7172.923894795943 4.7650672e-17
7175.96530498061 4.9901993e-17
7179.0067151652775 4.8314627e-17
7182.048125349945 6.356279e-17
7185.089535534612 5.648795e-17
7188.130945719279 5.3518615e-17
7191.1723559039465 5.839687e-17
7194.213766088614 4.1597907e-17
7197.255176273281 3.9770748e-17
7200.296586457948 4.5974103e-17
7203.3379966426155 5.0084334e-17
7206.379406827283 4.9578082e-17
7209.42081701195 4.7705435e-17
7212.462227196617 5.4941495e-17
7215.5036373812845 5.937222e-17
7218.545047565952 5.9589714e-17
7221.586457750619 5.599959e-17
7224.627867935286 6.584353e-17
7227.669278119954 5.989852e-17
7230.710688304621 6.5651783e-17
7233.752098489288 4.8252668e-17
7236.793508673955 4.801108e-17
7239.834918858623 4.803148e-17
7242.87632904329 4.3299573e-17
7245.917739227957 4.400122e-17
7248.959149412624 6.079069e-17
7252.000559597292 7.275691e-17
7255.041969781959 5.4725568e-17
7258.083379966626 5.62922e-17
7261.124790151293 5.2763724e-17
7264.166200335961 4.503144e-17
7267.207610520628 3.7132015e-17
7270.249020705295 4.689093e-17
7273.290430889962 4.2147913e-17
7276.33184107463 7.4245733e-17
7279.373251259297 6.1141406e-17
7282.414661443964 6.7726875e-17
7285.456071628631 6.918201e-17
7288.497481813299 4.267033e-17
7291.538891997966 6.932568e-17
7294.580302182633 6.5174944e-17
7297.6217123673005 5.531713e-17
7300.663122551968 5.9757764e-17
7303.704532736635 6.094316e-17
7306.745942921302 5.807671e-17
7309.7873531059695 5.176531e-17
7312.828763290637 5.018856e-17
7315.870173475304 4.58552e-17
7318.911583659971 6.682534e-17
7321.9529938446385 6.200454e-17
7324.994404029306 5.955892e-17
7328.035814213973 5.3427027e-17
7331.07722439864 4.8322988e-17
7334.1186345833075 5.8201076e-17
7337.160044767975 4.5331877e-17
7340.201454952642 5.4926556e-17
7343.242865137309 6.332415e-17
7346.284275321977 6.3302855e-17
7349.325685506644 5.4535852e-17
7352.367095691311 5.40848e-17
7355.408505875978 6.3737615e-17
7358.449916060646 6.175655e-17
7361.491326245313 6.064293e-17
7364.53273642998 6.0017797e-17
7367.574146614647 6.258095e-17
7370.615556799315 5.6206056e-17
7373.656966983982 5.951685e-17
7376.698377168649 5.926773e-17
7379.739787353316 6.1677306e-17
7382.781197537984 6.285732e-17
7385.822607722651 4.839116e-17
7388.864017907318 5.4051945e-17
7391.905428091985 5.222524e-17
7394.946838276653 5.9396385e-17
7397.98824846132 5.863394e-17
7401.029658645987 5.2645824e-17
7404.071068830654 6.134168e-17
7407.112479015322 5.523408e-17
7410.153889199989 6.781222e-17
7413.195299384656 5.2766788e-17
7416.2367095693235 5.4642595e-17
7419.278119753991 6.000623e-17
7422.319529938658 6.2013664e-17
7425.360940123325 4.504951e-17
7428.4023503079925 3.732887e-17
7431.44376049266 4.7937313e-17
7434.485170677327 5.2822712e-17
7437.526580861994 7.0795914e-17
7440.5679910466615 6.103778e-17
7443.609401231329 5.0136214e-17
7446.650811415996 5.381773e-17
7449.692221600663 5.9024306e-17
7452.7336317853305 5.48573e-17
7455.775041969998 5.8800134e-17
7458.816452154665 5.0160404e-17
7461.857862339332 6.583331e-17
7464.899272524 4.616564e-17
7467.940682708667 4.335468e-17
7470.982092893334 5.8120436e-17
7474.023503078001 5.708029e-17
7477.064913262669 5.850254e-17
7480.106323447336 5.3693356e-17
7483.147733632003 5.925343e-17
7486.18914381667 5.6483605e-17
7489.230554001338 5.2460377e-17
7492.271964186005 5.220267e-17
7495.313374370672 4.1902558e-17
7498.354784555339 4.4069973e-17
7501.396194740007 4.8820183e-17
7504.437604924674 5.224426e-17
7507.479015109341 5.4245658e-17
7510.520425294008 3.795477e-17
7513.561835478676 3.7722665e-17
7516.603245663343 4.3023358e-17
7519.64465584801 6.056489e-17
7522.686066032677 6.594088e-17
7525.727476217345 4.8341937e-17
7528.768886402012 4.867069e-17
7531.810296586679 4.1811594e-17
7534.8517067713465 4.0437346e-17
7537.893116956014 4.9080166e-17
7540.934527140681 5.751733e-17
7543.975937325348 5.021496e-17
7547.0173475100155 3.7970932e-17
7550.058757694683 4.2401536e-17
7553.10016787935 3.9048798e-17
7556.141578064017 4.553577e-17
7559.1829882486845 3.090157e-17
7562.224398433352 3.9142498e-17
7565.265808618019 4.258781e-17
7568.307218802686 6.03392e-17
7571.348628987354 4.244517e-17
7574.390039172021 2.860847e-17
7577.431449356688 3.660726e-17
7580.472859541355 5.3186582e-17
7583.514269726023 4.268942e-17
7586.55567991069 3.927866e-17
7589.597090095357 5.975061e-17
7592.638500280024 6.366897e-17
7595.679910464692 5.894869e-17
7598.721320649359 4.22805e-17
7601.762730834026 2.7872625e-17
7604.804141018693 3.0497276e-17
7607.845551203361 2.4613707e-17
7610.886961388028 2.1057552e-17
7613.928371572695 3.756837e-17
7616.969781757362 3.294216e-17
7620.01119194203 5.010932e-17
7623.052602126697 3.489898e-17
7626.094012311364 2.5853874e-17
7629.135422496031 3.439004e-17
7632.176832680699 3.877925e-17
7635.218242865366 2.6830784e-17
7638.259653050033 2.3895041e-17
7641.3010632347 2.337554e-17
7644.342473419368 2.558724e-17
7647.383883604035 3.7025094e-17
7650.425293788702 4.331458e-17
7653.4667039733695 3.5895658e-17
7656.508114158037 3.658622e-17
7659.549524342704 3.4474224e-17
7662.590934527371 3.0954214e-17
7665.6323447120385 1.7022915e-17
7668.673754896706 3.0635438e-17
7671.715165081373 3.1698395e-17
7674.75657526604 2.9655702e-17
7677.7979854507075 4.0230958e-17
7680.839395635375 4.344074e-17
7683.880805820042 4.0450426e-17
7686.922216004709 2.6568176e-17
7689.963626189377 3.053999e-17
7693.005036374044 3.7630206e-17
7696.046446558711 3.103378e-17
7699.087856743378 2.8233554e-17
7702.129266928046 3.833611e-17
7705.170677112713 3.119177e-17
7708.21208729738 1.104731e-17
7711.253497482047 4.108116e-17
7714.294907666715 2.940737e-17
7717.336317851382 1.2678597e-17
7720.377728036049 4.035264e-17
7723.419138220716 4.1377e-17
7726.460548405384 1.8407158e-17
7729.501958590051 2.7046922e-17
7732.543368774718 2.1312181e-17
7735.584778959385 2.542527e-17
7738.626189144053 2.894194e-17
7741.66759932872 2.7761442e-17
7744.709009513387 1.8563718e-17
7747.750419698054 3.186868e-17
7750.791829882722 4.4343227e-17
7753.833240067389 3.353895e-17
7756.874650252056 3.5830443e-17
7759.9160604367235 2.7769333e-17
7762.957470621391 2.2364532e-17
7765.998880806058 3.5020723e-17
7769.040290990725 3.045188e-17
7772.0817011753925 1.4592422e-17
7775.12311136006 3.8813425e-17
7778.164521544727 4.159274e-17
7781.205931729394 3.0520864e-17
7784.2473419140615 5.819799e-17
7787.288752098729 5.5289103e-17
7790.330162283396 4.38666e-17
7793.371572468063 4.0193814e-17
7796.4129826527305 5.590692e-17
7799.454392837398 6.383315e-17
7802.495803022065 5.296893e-17
7805.537213206732 3.7713963e-17
7808.5786233914 4.247162e-17
7811.620033576067 5.2572016e-17
7814.661443760734 5.6121994e-17
7817.702853945401 5.554932e-17
7820.744264130069 4.163573e-17
7823.785674314736 2.987858e-17
7826.827084499403 3.42827e-17
7829.86849468407 3.7979657e-17
7832.909904868738 2.9873095e-17
7835.951315053405 3.093031e-17
7838.992725238072 5.2952956e-17
7842.034135422739 5.5468e-17
7845.075545607407 6.38717e-17
7848.116955792074 5.5679367e-17
7851.158365976741 5.221945e-17
7854.199776161408 3.2689433e-17
7857.241186346076 5.1343134e-17
7860.282596530743 7.2961234e-17
7863.32400671541 5.485023e-17
7866.365416900077 3.4292076e-17
7869.406827084745 5.1474986e-17
7872.448237269412 3.917806e-17
7875.489647454079 6.490064e-17
7878.5310576387465 6.910542e-17
7881.572467823414 4.8947493e-17
7884.613878008081 5.1901864e-17
7887.655288192748 6.3338364e-17
7890.6966983774155 4.46074e-17
7893.738108562083 3.9118824e-17
7896.77951874675 4.5986176e-17
7899.820928931417 5.4789297e-17
7902.8623391160845 5.690356e-17
7905.903749300752 6.1367147e-17
7908.945159485419 4.5658666e-17
7911.986569670086 5.594102e-17
7915.0279798547535 5.512815e-17
7918.069390039421 4.8564445e-17
7921.110800224088 6.559488e-17
7924.152210408755 4.7454895e-17
7927.193620593423 4.125543e-17
7930.23503077809 6.204774e-17
7933.276440962757 5.37766e-17
7936.317851147424 4.0612004e-17
7939.359261332092 5.160294e-17
7942.400671516759 5.0845303e-17
7945.442081701426 6.9606666e-17
7948.483491886093 7.6621317e-17
7951.524902070761 7.296126e-17
7954.566312255428 5.4448896e-17
7957.607722440095 5.3483543e-17
7960.649132624762 5.538301e-17
7963.69054280943 5.970151e-17
7966.731952994097 6.119861e-17
7969.773363178764 5.607933e-17
7972.814773363431 5.738063e-17
7975.856183548099 5.0327055e-17
7978.897593732766 4.2950007e-17
7981.939003917433 6.233099e-17
7984.9804141021 6.0089894e-17
7988.021824286768 4.231957e-17
7991.063234471435 5.6930825e-17
7994.104644656102 4.2128577e-17
7997.1460548407695 6.890934e-17
8000.187465025437 6.712661e-17
8003.228875210104 5.446061e-17
8006.270285394771 4.9467422e-17
8009.3116955794385 5.2237508e-17
8012.353105764106 6.014005e-17
8015.394515948773 5.3976976e-17
8018.43592613344 6.154101e-17
8021.4773363181075 3.735451e-17
8024.518746502775 3.3882714e-17
8027.560156687442 5.5381605e-17
8030.601566872109 7.2985964e-17
8033.6429770567765 3.8375013e-17
8036.684387241444 5.633139e-17
8039.725797426111 6.4714085e-17
8042.767207610778 4.970347e-17
8045.808617795446 5.4044676e-17
8048.850027980113 5.0363103e-17
8051.89143816478 4.667989e-17
8054.932848349447 3.2549746e-17
8057.974258534115 6.47398e-17
8061.015668718782 3.7524304e-17
8064.057078903449 2.5198575e-17
8067.098489088116 5.742496e-17
8070.139899272784 4.6055464e-17
8073.181309457451 4.2997325e-17
8076.222719642118 3.315317e-17
8079.264129826785 3.31862e-17
8082.305540011453 3.4095247e-17
8085.34695019612 4.4414573e-17
8088.388360380787 5.274801e-17
8091.429770565454 4.0794543e-17
8094.471180750122 6.3134845e-17
8097.512590934789 5.3238664e-17
8100.554001119456 4.5778802e-17
8103.595411304123 3.652177e-17
8106.636821488791 3.097403e-17
8109.678231673458 5.4327396e-17
8112.719641858125 5.3045084e-17
8115.7610520427925 4.4809294e-17
8118.80246222746 6.025164e-17
8121.843872412127 4.1636804e-17
8124.885282596794 2.605789e-17
8127.9266927814615 2.5169902e-17
8130.968102966129 3.305472e-17
8134.009513150796 5.040653e-17
8137.050923335463 4.4409037e-17
8140.0923335201305 4.589407e-17
8143.133743704798 3.428402e-17
8146.175153889465 5.2239946e-17
8149.216564074132 4.3923525e-17
8152.2579742588 3.1972116e-17
8155.299384443467 2.9045015e-17
8158.340794628134 3.435784e-17
8161.382204812801 3.8644965e-17
8164.423614997469 3.9621905e-17
8167.465025182136 3.674412e-17
8170.506435366803 3.233221e-17
8173.54784555147 4.6778917e-17
8176.589255736138 4.144335e-17
8179.630665920805 4.224027e-17
8182.672076105472 4.613401e-17
8185.713486290139 4.6516323e-17
8188.754896474807 3.5223753e-17
8191.796306659474 3.7789975e-17
8194.83771684414 3.955865e-17
8197.879127028807 4.2364796e-17
8200.920537213475 4.6120752e-17
8203.961947398142 5.111169e-17
8207.00335758281 4.9622376e-17
8210.044767767477 4.1168948e-17
8213.086177952144 3.5159954e-17
8216.127588136811 4.442176e-17
8219.168998321478 3.6631475e-17
8222.210408506146 5.0156358e-17
8225.251818690813 5.171339e-17
8228.29322887548 3.091099e-17
8231.334639060147 4.416771e-17
8234.376049244815 4.2268367e-17
8237.417459429482 2.8419233e-17
8240.458869614149 3.592876e-17
8243.500279798816 4.3417116e-17
8246.541689983484 4.061937e-17
8249.58310016815 3.6004585e-17
8252.624510352818 3.4478175e-17
8255.665920537485 5.9091784e-17
8258.707330722153 3.343894e-17
8261.74874090682 3.0147858e-17
8264.790151091487 5.0837108e-17
8267.831561276154 4.4266286e-17
8270.872971460822 5.2559132e-17
8273.914381645489 2.811971e-17
8276.955791830156 1.3813481e-17
8279.997202014823 4.3914115e-17
8283.03861219949 5.2996873e-17
8286.080022384158 1.5099282e-17
8289.121432568825 3.680358e-17
8292.162842753492 1.1571075e-17
8295.20425293816 7.633284e-18
8298.245663122827 2.9744402e-17
8301.287073307494 2.7600752e-17
8304.328483492161 2.4945345e-17
8307.369893676829 2.8983823e-17
8310.411303861496 4.8699643e-17
8313.452714046163 3.8437025e-17
8316.49412423083 3.1755398e-17
8319.535534415498 3.2129922e-17
8322.576944600165 1.8789828e-17
8325.618354784832 1.4254762e-17
8328.6597649695 1.477763e-17
8331.701175154167 1.6490223e-17
8334.742585338834 3.1847797e-17
8337.783995523501 3.9085766e-17
8340.825405708169 2.1742121e-17
8343.866815892836 3.9591567e-17
8346.908226077503 3.301575e-17
8349.94963626217 3.5718896e-17
8352.991046446838 3.2810887e-17
8356.032456631505 5.1115175e-18
8359.073866816172 3.0563958e-18
8362.11527700084 3.6029403e-17
8365.156687185507 1.6483278e-17
8368.198097370174 6.1866695e-18
8371.239507554841 3.0542891e-18
8374.280917739508 2.1757575e-19
8377.322327924176 2.4708542e-17
8380.363738108843 1.965125e-17
8383.40514829351 8.455553e-18
8386.446558478177 1.7652441e-17
8389.487968662845 2.956659e-17
8392.529378847512 2.058923e-17
8395.57078903218 2.2381411e-17
8398.612199216846 1.7286243e-17
8401.653609401514 1.6805837e-17
8404.695019586181 1.9861386e-17
8407.736429770848 2.5129297e-17
8410.777839955515 1.8567829e-17
8413.819250140183 3.0427882e-17
8416.86066032485 3.6201874e-17
8419.902070509517 3.4210784e-17
8422.943480694184 7.025681e-18
8425.984890878852 2.4638073e-18
8429.026301063519 1.6621711e-17
8432.067711248186 1.3896664e-17
8435.109121432853 2.4189994e-17
8438.15053161752 2.5360304e-17
8441.191941802188 9.580219e-18
8444.233351986855 6.519342e-18
8447.274762171523 3.1332377e-17
8450.31617235619 1.9402752e-17
8453.357582540857 2.5450159e-17
8456.398992725524 3.272394e-17
8459.440402910192 8.419311e-18
8462.481813094859 4.8510925e-18
8465.523223279526 2.63882e-18
8468.564633464193 2.0329985e-17
8471.60604364886 1.4440441e-17
8474.647453833528 2.4807507e-17
8477.688864018195 1.4773332e-17
8480.730274202862 2.360884e-17
8483.77168438753 1.2117947e-17
8486.813094572197 1.9576106e-17
8489.854504756864 2.139107e-17
8492.895914941531 7.620163e-18
8495.937325126199 2.3014764e-17
8498.978735310866 3.94442e-17
8502.020145495533 5.0425385e-18
8505.0615556802 3.043035e-17
8508.102965864868 3.715026e-17
8511.144376049535 2.7758424e-17
8514.185786234202 2.5346543e-17
8517.22719641887 1.8558722e-17
8520.268606603537 1.30079826e-17
8523.310016788204 1.0835636e-17
8526.351426972871 5.265635e-18
8529.392837157538 9.456307e-18
8532.434247342206 2.5629543e-17
8535.475657526873 3.6414287e-17
8538.51706771154 1.7695756e-17
8541.558477896207 3.0032347e-17
8544.599888080875 3.1030417e-17
8547.641298265542 2.9751556e-17
8550.68270845021 3.9307414e-17
8553.724118634877 2.5756029e-17
8556.765528819544 3.368761e-17
8559.806939004211 3.9417724e-17
8562.848349188878 3.842124e-17
8565.889759373546 4.888286e-17
8568.931169558213 3.250902e-17
8571.97257974288 6.8522017e-18
8575.013989927547 2.1577496e-17
8578.055400112215 4.0545194e-17
8581.096810296882 1.7520317e-17
8584.138220481549 1.8285087e-17
8587.179630666216 3.5967626e-17
8590.221040850884 2.4496148e-17
8593.26245103555 4.1906217e-17
8596.303861220218 4.1959792e-17
8599.345271404885 8.619448e-18
8602.386681589553 1.517868e-17
8605.42809177422 3.0667804e-17
8608.469501958887 3.6989194e-17
8611.510912143554 1.4896984e-17
8614.552322328222 1.6769213e-17
8617.593732512889 3.3302834e-17
8620.635142697556 4.3725267e-17
8623.676552882223 5.5091562e-17
8626.71796306689 3.9870198e-17
8629.759373251558 1.9012454e-17
8632.800783436225 4.9729483e-17
8635.842193620892 3.055397e-17
8638.88360380556 6.502963e-17
8641.925013990227 2.7676194e-17
8644.966424174894 1.6740759e-17
8648.007834359561 4.071258e-17
8651.049244544229 1.8582038e-17
8654.090654728896 2.7919516e-17
8657.132064913563 1.408998e-17
8660.17347509823 5.3207837e-17
8663.214885282898 4.2359764e-17
8666.256295467565 5.5589144e-17
8669.297705652232 6.038985e-17
8672.3391158369 5.189873e-17
8675.380526021567 4.286033e-17
8678.421936206234 5.193617e-17
8681.463346390901 4.3287946e-17
8684.504756575569 2.0893985e-17
8687.546166760236 2.3577073e-17
8690.587576944903 4.072021e-17
8693.62898712957 5.406622e-17
8696.670397314238 3.5484477e-17
8699.711807498905 3.063859e-17
8702.753217683572 5.695182e-17
8705.79462786824 3.744139e-17
8708.836038052907 3.041528e-17
8711.877448237574 4.082047e-17
8714.918858422241 5.927707e-17
8717.960268606908 6.015336e-17
8721.001678791576 5.1108436e-17
8724.043088976243 5.2384792e-17
8727.08449916091 3.9712872e-17
8730.125909345577 2.9857855e-17
8733.167319530245 2.25955e-17
8736.208729714912 3.539433e-17
8739.25013989958 4.9817667e-17
8742.291550084246 2.9916714e-17
8745.332960268914 5.3878164e-17
8748.374370453581 3.7308367e-17
8751.415780638248 3.5551068e-17
8754.457190822915 1.7481422e-17
8757.498601007583 5.4315984e-17
8760.54001119225 4.8664005e-17
8763.581421376917 6.220331e-17
8766.622831561584 6.9568556e-17
8769.664241746252 1.9964075e-17
8772.705651930919 1.6105999e-17
8775.747062115586 5.1383093e-17
8778.788472300253 5.3483182e-17
8781.82988248492 2.825919e-17
8784.871292669588 3.943671e-17
8787.912702854255 3.2412397e-17
8790.954113038923 7.039442e-17
8793.99552322359 4.4056407e-17
8797.036933408257 3.5822777e-17
8800.078343592924 3.6456328e-17
8803.119753777592 3.2165987e-17
8806.161163962259 4.449683e-17
8809.202574146926 4.039987e-17
8812.243984331593 4.6125308e-17
8815.28539451626 5.615826e-17
8818.326804700928 4.4528856e-17
8821.368214885595 2.7582867e-17
8824.409625070262 4.008933e-17
8827.45103525493 4.2808317e-17
8830.492445439597 1.5532975e-17
8833.533855624264 2.3305291e-17
8836.575265808931 6.1228736e-17
8839.616675993599 5.394479e-17
8842.658086178266 4.9241116e-17
8845.699496362933 3.68327e-17
8848.7409065476 4.023684e-17
8851.782316732268 5.952631e-17
8854.823726916935 5.667271e-17
8857.865137101602 3.7707382e-17
8860.90654728627 2.7360733e-17
8863.947957470937 5.0990675e-17
8866.989367655604 3.7681892e-17
8870.030777840271 2.3864245e-17
8873.072188024938 2.0797992e-17
8876.113598209606 3.9216765e-17
8879.155008394273 5.1269396e-17
8882.19641857894 1.493554e-17
8885.237828763607 1.6071193e-17
8888.279238948275 4.310384e-17
8891.320649132942 2.0294279e-17
8894.36205931761 6.046735e-17
8897.403469502276 5.1926107e-17
8900.444879686944 3.475639e-17
8903.486289871611 3.6902674e-17
8906.527700056278 2.821527e-17
8909.569110240946 4.2718264e-17
8912.610520425613 4.258737e-17
8915.65193061028 2.809993e-17
8918.693340794947 4.307401e-17
8921.734750979615 6.324543e-17
8924.776161164282 5.1121006e-17
8927.817571348949 2.5408515e-17
8930.858981533616 2.3296162e-17
8933.900391718284 2.6446938e-17
8936.94180190295 1.1784536e-17
8939.983212087618 5.017856e-17
8943.024622272285 6.220346e-17
8946.066032456953 1.9890165e-17
8949.10744264162 3.699009e-17
8952.148852826287 1.2406703e-17
8955.190263010954 1.6263244e-17
8958.231673195622 2.6880483e-17
8961.273083380289 4.9285628e-17
8964.314493564956 2.6209793e-17
8967.355903749623 2.7370627e-17
8970.39731393429 2.0326394e-17
8973.438724118958 3.4965358e-17
8976.480134303625 4.9668642e-17
8979.521544488292 5.1955843e-17
8982.56295467296 5.1053594e-17
8985.604364857627 2.939336e-17
8988.645775042294 1.9849789e-17
8991.687185226961 1.7072172e-17
8994.728595411629 1.8582287e-17
8997.770005596296 2.4987565e-17
9000.811415780963 3.1183637e-17
9003.85282596563 3.7648484e-17
9006.894236150298 1.5759154e-17
9009.935646334965 2.7040478e-17
9012.977056519632 4.001784e-17
9016.0184667043 4.6572413e-17
9019.059876888967 2.7678233e-17
9022.101287073634 5.933657e-17
9025.142697258301 4.3292674e-17
9028.184107442969 2.2965113e-17
9031.225517627636 2.5105302e-17
9034.266927812303 3.8686278e-17
9037.30833799697 2.2255587e-17
9040.349748181638 3.4147078e-17
9043.391158366305 9.474529e-18
9046.432568550972 1.6980243e-17
9049.47397873564 3.25974e-17
9052.515388920307 8.986964e-18
9055.556799104974 1.8743458e-18
9058.598209289641 1.7110123e-17
9061.639619474308 2.058205e-17
9064.681029658976 4.3065342e-17
9067.722439843643 1.450202e-17
9070.76385002831 -1.1668217e-18
9073.805260212977 2.2427083e-17
9076.846670397645 1.7867068e-17
9079.888080582312 8.1118004e-19
9082.92949076698 9.250866e-18
9085.970900951646 1.0145913e-17
9089.012311136314 1.8178143e-17
9092.053721320981 2.1739041e-17
9095.095131505648 2.3275491e-17
9098.136541690315 1.5245448e-17
9101.177951874983 3.1839932e-17
9104.21936205965 2.0242124e-17
9107.260772244317 3.374119e-17
9110.302182428984 2.6658044e-17
9113.343592613652 9.242751e-18
9116.385002798319 2.023969e-18
9119.426412982986 2.2673897e-17
9122.467823167653 2.1092012e-17
9125.50923335232 4.65347e-18
9128.550643536988 2.5020463e-17
9131.592053721655 2.8458097e-17
9134.633463906323 1.7591935e-17
9137.67487409099 2.3634767e-17
9140.716284275657 1.6541323e-17
9143.757694460324 1.348534e-17
9146.799104644992 2.9579664e-17
9149.840514829659 6.3352154e-18
9152.881925014326 1.416874e-17
9155.923335198993 4.1711287e-17
9158.96474538366 1.5396546e-17
9162.006155568328 4.3262668e-17
9165.047565752995 1.676713e-17
9168.088975937662 5.553214e-17
9171.13038612233 5.098821e-17
9174.171796306997 9.4287026e-18
9177.213206491664 2.1201585e-17
9180.254616676331 6.446604e-17
9183.296026860999 4.7351646e-17
9186.337437045666 5.6743386e-17
9189.378847230333 4.5431992e-17
9192.420257415 3.378525e-17
9195.461667599668 5.464263e-17
9198.503077784335 4.6523533e-17
9201.544487969002 6.826656e-17
9204.58589815367 7.3423225e-17
9207.627308338337 1.3209726e-17
9210.668718523004 2.5612764e-17
9213.710128707671 3.8828444e-17
9216.751538892338 6.534507e-17
9219.792949077006 3.6864535e-17
9222.834359261673 1.8496668e-17
9225.87576944634 6.3515315e-17
9228.917179631007 7.74286e-17
9231.958589815675 6.249364e-17
9235.000000000342 1.8245821e-17
