3295.00001500543 -3.7424898e-18
3297.9067527800903 4.4685197e-17
3300.8134905547504 3.938539e-17
3303.7202283294105 8.2586745e-17
3306.6269661040706 4.1651207e-17
3309.5337038787306 -1.14673976e-17
3312.4404416533907 -2.4682059e-17
3315.347179428051 1.25167754e-17
3318.253917202711 5.142048e-17
3321.160654977371 8.895924e-17
3324.067392752031 5.4239344e-17
3326.974130526691 3.0887073e-17
3329.8808683013513 -7.874948e-18
3332.7876060760113 4.623145e-18
3335.6943438506714 2.5956804e-17
3338.6010816253315 3.6170914e-17
3341.5078193999916 1.34045735e-17
3344.4145571746517 1.0807361e-17
3347.321294949312 1.1068502e-17
3350.228032723972 3.0309862e-18
3353.134770498632 1.1619169e-17
3356.041508273292 3.5797068e-17
3358.948246047952 6.244939e-17
3361.854983822612 5.0234037e-17
3364.7617215972723 1.1880773e-17
3367.6684593719324 -1.2529717e-17
3370.5751971465925 2.287963e-18
3373.4819349212526 3.28029e-17
3376.3886726959126 5.08459e-17
3379.2954104705727 4.0338224e-17
3382.202148245233 3.2250217e-17
3385.108886019893 3.9669084e-17
3388.015623794553 2.21682e-17
3390.922361569213 1.1128741e-17
3393.829099343873 2.240299e-17
3396.7358371185333 6.3028615e-17
3399.6425748931933 5.697559e-17
3402.5493126678534 1.8058832e-17
3405.4560504425135 -7.761612e-20
3408.3627882171736 -4.291581e-18
3411.2695259918337 6.3362346e-17
3414.176263766494 8.001401e-17
3417.083001541154 6.214962e-17
3419.989739315814 2.2079588e-17
3422.896477090474 1.6288832e-17
3425.803214865134 8.816117e-18
3428.709952639794 3.5973893e-17
3431.6166904144543 5.813833e-17
3434.5234281891144 6.7648286e-17
3437.4301659637745 5.652115e-17
3440.3369037384346 1.7270994e-17
3443.2436415130946 3.1883002e-17
3446.1503792877547 5.001652e-17
3449.057117062415 5.2752712e-17
3451.963854837075 5.0864213e-17
3454.870592611735 4.7714282e-17
3457.777330386395 1.180552e-17
3460.684068161055 1.6024748e-17
3463.5908059357153 4.3545888e-17
3466.4975437103753 4.6353206e-17
3469.4042814850354 3.95564e-17
3472.3110192596955 3.404467e-17
3475.2177570343556 2.9396887e-17
3478.1244948090157 3.132542e-17
3481.031232583676 1.9050089e-17
3483.937970358336 1.2605832e-17
3486.844708132996 2.1505493e-17
3489.751445907656 2.2035106e-17
3492.658183682316 2.5154132e-17
3495.564921456976 3.177059e-17
3498.4716592316363 3.3337605e-17
3501.3783970062964 3.373222e-17
3504.2851347809565 3.044167e-17
3507.1918725556166 1.8312882e-17
3510.0986103302766 2.0553413e-17
3513.0053481049367 2.6748667e-17
3515.912085879597 2.9455306e-17
3518.818823654257 3.0356503e-17
3521.725561428917 3.915552e-17
3524.632299203577 3.400772e-17
3527.539036978237 2.7058507e-17
3530.4457747528973 2.582911e-17
3533.3525125275573 2.2420732e-17
3536.2592503022174 2.9591397e-17
3539.1659880768775 3.052771e-17
3542.0727258515376 4.1503956e-17
3544.9794636261977 3.3378488e-17
3547.8862014008578 2.0148596e-17
3550.792939175518 2.4349712e-17
3553.699676950178 3.6044948e-17
3556.606414724838 3.8943217e-17
3559.513152499498 4.2927044e-17
3562.419890274158 3.4684514e-17
3565.3266280488183 2.236254e-17
3568.2333658234784 1.6493005e-17
3571.1401035981385 2.4799718e-17
3574.0468413727986 3.1558972e-17
3576.9535791474586 3.582483e-17
3579.8603169221187 3.9834805e-17
3582.767054696779 3.3800774e-17
3585.673792471439 2.865214e-17
3588.580530246099 2.2558378e-17
3591.487268020759 2.2016006e-17
3594.394005795419 3.85155e-17
3597.3007435700792 4.4906186e-17
3600.2074813447393 4.0660953e-17
3603.1142191193994 3.4273666e-17
3606.0209568940595 2.3445907e-17
3608.9276946687196 3.4252434e-17
3611.8344324433797 4.6733706e-17
3614.7411702180398 4.0418063e-17
3617.6479079927 3.4358422e-17
3620.55464576736 3.0308487e-17
3623.46138354202 3.1564342e-17
3626.36812131668 3.1162144e-17
3629.27485909134 3.9708114e-17
3632.1815968660003 3.7151368e-17
3635.0883346406604 3.5078758e-17
3637.9950724153205 2.8560204e-17
3640.9018101899806 2.5832147e-17
3643.8085479646406 2.47485e-17
3646.7152857393007 3.6098857e-17
3649.622023513961 3.517236e-17
3652.528761288621 3.1801048e-17
3655.435499063281 3.9063164e-17
3658.342236837941 3.224382e-17
3661.248974612601 2.217055e-17
3664.1557123872612 3.1523463e-17
3667.0624501619213 3.5553126e-17
3669.9691879365814 3.990947e-17
3672.8759257112415 3.6841106e-17
3675.7826634859016 2.7978e-17
3678.6894012605617 2.965211e-17
3681.5961390352218 3.175994e-17
3684.502876809882 3.532186e-17
3687.409614584542 3.6014468e-17
3690.316352359202 3.5339336e-17
3693.223090133862 4.033869e-17
3696.129827908522 3.653147e-17
3699.0365656831823 2.7033741e-17
3701.9433034578424 3.185825e-17
3704.8500412325025 4.782603e-17
3707.7567790071625 4.875301e-17
3710.6635167818226 3.6195498e-17
3713.5702545564827 3.3512746e-17
3716.476992331143 4.1527064e-17
3719.383730105803 4.5560923e-17
3722.290467880463 4.7406336e-17
3725.197205655123 5.151914e-17
3728.103943429783 4.261869e-17
3731.0106812044432 4.089248e-17
3733.9174189791033 5.4016016e-17
3736.8241567537634 5.8078885e-17
3739.7308945284235 5.6983784e-17
3742.6376323030836 6.042724e-17
3745.5443700777437 5.814734e-17
3748.4511078524038 5.782817e-17
3751.357845627064 5.5072884e-17
3754.264583401724 5.4841853e-17
3757.171321176384 5.663127e-17
3760.078058951044 5.716949e-17
3762.984796725704 5.291734e-17
3765.8915345003643 5.7546485e-17
3768.7982722750244 5.944749e-17
3771.7050100496845 5.9817976e-17
3774.6117478243445 6.624167e-17
3777.5184855990046 6.795541e-17
3780.4252233736647 6.2380926e-17
3783.331961148325 6.1675275e-17
3786.238698922985 6.0114716e-17
3789.145436697645 5.170819e-17
3792.052174472305 5.3554505e-17
3794.958912246965 5.9873966e-17
3797.8656500216252 5.7348094e-17
3800.7723877962853 5.6907386e-17
3803.6791255709454 5.711171e-17
3806.5858633456055 5.3078258e-17
3809.4926011202656 5.039531e-17
3812.3993388949257 5.2989683e-17
3815.3060766695858 4.847839e-17
3818.212814444246 4.5067708e-17
3821.119552218906 4.722231e-17
3824.026289993566 4.565418e-17
3826.933027768226 4.380222e-17
3829.839765542886 4.3013683e-17
3832.7465033175463 4.143914e-17
3835.6532410922064 4.2787227e-17
3838.5599788668665 4.6421717e-17
3841.4667166415265 4.1553077e-17
3844.3734544161866 3.29574e-17
3847.2801921908467 3.3955053e-17
3850.186929965507 3.7382694e-17
3853.093667740167 3.720985e-17
3856.000405514827 3.6316104e-17
3858.907143289487 3.4199637e-17
3861.813881064147 3.3850398e-17
3864.7206188388072 3.3128825e-17
3867.6273566134673 3.3604318e-17
3870.5340943881274 3.3258365e-17
3873.4408321627875 3.2331708e-17
3876.3475699374476 3.322524e-17
3879.2543077121077 3.2789287e-17
3882.1610454867678 2.993901e-17
3885.067783261428 3.0720638e-17
3887.974521036088 3.5003177e-17
3890.881258810748 3.8704165e-17
3893.787996585408 3.513156e-17
3896.694734360068 3.950633e-17
3899.6014721347283 3.8206053e-17
3902.5082099093884 3.6391374e-17
3905.4149476840485 4.024276e-17
3908.3216854587085 4.1751333e-17
3911.2284232333686 4.3297446e-17
3914.1351610080287 4.8667363e-17
3917.041898782689 4.578758e-17
3919.948636557349 4.2226412e-17
3922.855374332009 4.650597e-17
3925.762112106669 4.9647463e-17
3928.668849881329 5.569611e-17
3931.5755876559892 5.5821364e-17
3934.4823254306493 5.2476894e-17
3937.3890632053094 5.3596043e-17
3940.2958009799695 5.2947206e-17
3943.2025387546296 5.3786764e-17
3946.1092765292897 5.812375e-17
3949.0160143039498 6.316401e-17
3951.92275207861 6.2094424e-17
3954.82948985327 5.822155e-17
3957.73622762793 6.0399484e-17
3960.64296540259 6.287713e-17
3963.54970317725 7.075227e-17
3966.4564409519103 7.287111e-17
3969.3631787265704 6.477146e-17
3972.2699165012305 6.6583003e-17
3975.1766542758905 7.1477133e-17
3978.0833920505506 7.6345025e-17
3980.9901298252107 8.251217e-17
3983.896867599871 8.223859e-17
3986.803605374531 7.7796965e-17
3989.710343149191 7.7945004e-17
3992.617080923851 8.4528065e-17
3995.523818698511 8.9239116e-17
3998.4305564731712 9.165297e-17
4001.3372942478313 9.908943e-17
4004.2440320224914 1.0406179e-16
4007.1507697971515 1.0691748e-16
4010.0575075718116 1.0678644e-16
4012.9642453464717 1.1371232e-16
4015.8709831211318 1.1782132e-16
4018.777720895792 1.2050912e-16
4021.684458670452 1.284022e-16
4024.591196445112 1.2905525e-16
4027.497934219772 1.2787341e-16
4030.404671994432 1.3434628e-16
4033.3114097690923 1.404653e-16
4036.2181475437524 1.4421216e-16
4039.1248853184125 1.4989466e-16
4042.0316230930725 1.5219004e-16
4044.9383608677326 1.5469053e-16
4047.8450986423927 1.5391695e-16
4050.751836417053 1.5488056e-16
4053.658574191713 1.5770372e-16
4056.565311966373 1.589277e-16
4059.472049741033 1.655822e-16
4062.378787515693 1.7172612e-16
4065.2855252903532 1.6919442e-16
4068.1922630650133 1.6201384e-16
4071.0990008396734 1.5826837e-16
4074.0057386143335 1.5647012e-16
4076.9124763889936 1.5397704e-16
4079.8192141636537 1.5107169e-16
4082.7259519383138 1.4084145e-16
4085.632689712974 1.3300119e-16
4088.539427487634 1.3022719e-16
4091.446165262294 1.3016836e-16
4094.352903036954 1.261265e-16
4097.259640811614 1.2239311e-16
4100.166378586274 1.1948288e-16
4103.073116360933 1.1263455e-16
4105.979854135593 1.0897913e-16
4108.886591910253 1.0760068e-16
4111.793329684912 1.1186907e-16
4114.700067459572 1.0954614e-16
4117.606805234232 1.0289159e-16
4120.513543008891 1.0360068e-16
4123.420280783551 1.0595006e-16
4126.3270185582105 1.08084666e-16
4129.23375633287 1.1022524e-16
4132.14049410753 1.114375e-16
4135.047231882189 1.09263445e-16
4137.953969656849 1.05033263e-16
4140.860707431509 1.0324467e-16
4143.767445206168 1.0283684e-16
4146.674182980828 9.964261e-17
4149.580920755488 1.02413655e-16
4152.487658530147 1.0370307e-16
4155.394396304807 1.02901844e-16
4158.3011340794665 1.0070537e-16
4161.207871854126 9.9024114e-17
4164.114609628786 9.945956e-17
4167.021347403445 1.01950434e-16
4169.928085178105 1.03559366e-16
4172.834822952765 9.957568e-17
4175.741560727424 9.520884e-17
4178.648298502084 9.5036786e-17
4181.5550362767435 9.3817204e-17
4184.461774051403 9.34025e-17
4187.368511826063 9.266579e-17
4190.275249600722 8.869891e-17
4193.181987375382 8.82796e-17
4196.088725150042 8.773185e-17
4198.995462924701 8.251973e-17
4201.902200699361 7.590103e-17
4204.808938474021 7.545001e-17
4207.71567624868 7.60417e-17
4210.62241402334 7.4333256e-17
4213.5291517979995 7.139085e-17
4216.435889572659 6.885911e-17
4219.342627347319 6.6194725e-17
4222.249365121978 6.296684e-17
4225.156102896638 6.129106e-17
4228.062840671298 6.161411e-17
4230.969578445957 6.225832e-17
4233.876316220617 6.0722905e-17
4236.7830539952765 5.776434e-17
4239.689791769936 5.927778e-17
4242.596529544596 6.2711494e-17
4245.503267319255 6.079847e-17
4248.410005093915 5.715101e-17
4251.316742868575 5.885158e-17
4254.223480643234 5.876894e-17
4257.130218417894 5.81176e-17
4260.036956192554 5.874414e-17
4262.943693967213 6.0732944e-17
4265.850431741873 6.147075e-17
4268.7571695165325 6.1333616e-17
4271.663907291192 6.049632e-17
4274.570645065852 6.272828e-17
4277.477382840511 6.320139e-17
4280.384120615171 6.309983e-17
4283.290858389831 6.628794e-17
4286.19759616449 6.849812e-17
4289.10433393915 6.7163817e-17
4292.0110717138095 6.3809765e-17
4294.917809488469 6.297376e-17
4297.824547263129 6.360685e-17
4300.731285037788 6.235684e-17
4303.638022812448 6.249021e-17
4306.544760587108 6.3871995e-17
4309.451498361767 6.295525e-17
4312.358236136427 6.2490326e-17
4315.264973911087 6.3397935e-17
4318.171711685746 6.235254e-17
4321.078449460406 6.3868005e-17
4323.9851872350655 6.476337e-17
4326.891925009725 6.253958e-17
4329.798662784385 6.1029e-17
4332.705400559044 6.062988e-17
4335.612138333704 6.15743e-17
4338.518876108364 6.3622114e-17
4341.425613883023 6.182809e-17
4344.332351657683 5.92837e-17
4347.239089432343 6.088196e-17
4350.145827207002 6.247677e-17
4353.052564981662 6.107981e-17
4355.959302756321 6.0127607e-17
4358.866040530981 6.2734655e-17
4361.772778305641 5.9334956e-17
4364.6795160803 5.9062535e-17
4367.58625385496 5.6842416e-17
4370.49299162962 5.8230425e-17
4373.399729404279 5.963044e-17
4376.306467178939 5.953321e-17
4379.2132049535985 5.909454e-17
4382.119942728258 6.011385e-17
4385.026680502918 6.1977804e-17
4387.933418277577 6.1718414e-17
4390.840156052237 6.005557e-17
4393.746893826897 6.285684e-17
4396.653631601556 6.450057e-17
4399.560369376216 6.3292274e-17
4402.467107150876 6.3724955e-17
4405.373844925535 6.399197e-17
4408.280582700195 6.217325e-17
4411.1873204748545 6.1030286e-17
4414.094058249514 6.195006e-17
4417.000796024174 6.487676e-17
4419.907533798833 6.850831e-17
4422.814271573493 6.726462e-17
4425.721009348153 6.271295e-17
4428.627747122812 6.237318e-17
4431.534484897472 6.606044e-17
4434.4412226721315 6.7586764e-17
4437.347960446791 6.3938156e-17
4440.254698221451 6.209991e-17
4443.16143599611 6.179116e-17
4446.06817377077 6.1395105e-17
4448.97491154543 6.170172e-17
4451.881649320089 6.155144e-17
4454.788387094749 6.354408e-17
4457.695124869409 6.27778e-17
4460.601862644068 6.00568e-17
4463.508600418728 5.693097e-17
4466.4153381933875 5.753621e-17
4469.322075968047 5.8815076e-17
4472.228813742707 5.971048e-17
4475.135551517366 6.1780466e-17
4478.042289292026 6.420256e-17
4480.949027066686 6.224004e-17
4483.855764841345 6.1053566e-17
4486.762502616005 5.905478e-17
4489.6692403906645 5.9668356e-17
4492.575978165324 6.032897e-17
4495.482715939984 6.024845e-17
4498.389453714643 6.134692e-17
4501.296191489303 6.321752e-17
4504.202929263963 6.609815e-17
4507.109667038622 6.96836e-17
4510.016404813282 7.2133485e-17
4512.923142587942 7.372002e-17
4515.829880362601 7.488309e-17
4518.736618137261 7.642539e-17
4521.6433559119205 7.8874424e-17
4524.55009368658 8.444659e-17
4527.45683146124 8.834353e-17
4530.363569235899 9.038467e-17
4533.270307010559 9.518973e-17
4536.177044785219 9.756757e-17
4539.083782559878 9.844216e-17
4541.990520334538 1.0165531e-16
4544.8972581091975 1.0686193e-16
4547.803995883857 1.1323338e-16
4550.710733658517 1.1534417e-16
4553.617471433176 1.1560225e-16
4556.524209207836 1.1722546e-16
4559.430946982496 1.2021306e-16
4562.337684757155 1.2608811e-16
4565.244422531815 1.2865553e-16
4568.151160306475 1.2964835e-16
4571.057898081134 1.3334899e-16
4573.964635855794 1.3508676e-16
4576.8713736304535 1.3778919e-16
4579.778111405113 1.4068406e-16
4582.684849179773 1.4479124e-16
4585.591586954432 1.4793957e-16
4588.498324729092 1.4985651e-16
4591.405062503752 1.5218213e-16
4594.311800278411 1.5201122e-16
4597.218538053071 1.5447082e-16
4600.125275827731 1.6227752e-16
4603.03201360239 1.6117825e-16
4605.93875137705 1.6317862e-16
4608.845489151709 1.6469019e-16
4611.752226926369 1.6663344e-16
4614.658964701029 1.6788924e-16
4617.565702475688 1.7627465e-16
4620.472440250348 1.7795027e-16
4623.379178025008 1.7757205e-16
4626.285915799667 1.8095922e-16
4629.192653574327 1.8374798e-16
4632.0993913489865 1.883655e-16
4635.006129123646 1.9141887e-16
4637.912866898306 1.9118935e-16
4640.819604672965 1.9451156e-16
4643.726342447625 2.0130743e-16
4646.633080222285 2.084756e-16
4649.539817996944 2.116045e-16
4652.446555771604 2.1559678e-16
4655.353293546264 2.2371175e-16
4658.260031320923 2.2871576e-16
4661.166769095583 2.341871e-16
4664.073506870242 2.3629167e-16
4666.980244644902 2.3717748e-16
4669.886982419562 2.433641e-16
4672.793720194221 2.4393202e-16
4675.700457968881 2.4480144e-16
4678.607195743541 2.444484e-16
4681.5139335182 2.4102937e-16
4684.42067129286 2.4229867e-16
4687.3274090675195 2.4091772e-16
4690.234146842179 2.37692e-16
4693.140884616839 2.3465187e-16
4696.047622391498 2.351341e-16
4698.954360166158 2.3334974e-16
4701.861097940818 2.3032208e-16
4704.767835715477 2.2731739e-16
4707.674573490137 2.1605692e-16
4710.581311264797 2.123034e-16
4713.488049039456 2.133613e-16
4716.394786814116 2.0771805e-16
4719.3015245887755 2.0080348e-16
4722.208262363435 2.0380599e-16
4725.115000138095 2.080867e-16
4728.021737912754 2.1260498e-16
4730.928475687414 2.1415637e-16
4733.835213462074 2.1489005e-16
4736.741951236733 2.1601748e-16
4739.648689011393 2.1647516e-16
4742.5554267860525 2.1659882e-16
4745.462164560712 2.1619526e-16
4748.368902335372 2.1847263e-16
4751.275640110031 2.1899691e-16
4754.182377884691 2.2031222e-16
4757.089115659351 2.2390882e-16
4759.99585343401 2.2592878e-16
4762.90259120867 2.232108e-16
4765.80932898333 2.1749757e-16
4768.716066757989 2.1336076e-16
4771.622804532649 2.123538e-16
4774.5295423073085 2.1264917e-16
4777.436280081968 2.1114013e-16
4780.343017856628 2.0637561e-16
4783.249755631287 2.0013054e-16
4786.156493405947 1.9773811e-16
4789.063231180607 1.9280267e-16
4791.969968955266 1.8813686e-16
4794.876706729926 1.848339e-16
4797.7834445045855 1.7999463e-16
4800.690182279245 1.7991086e-16
4803.596920053905 1.776789e-16
4806.503657828564 1.7149848e-16
4809.410395603224 1.7041984e-16
4812.317133377884 1.6917351e-16
4815.223871152543 1.6783156e-16
4818.130608927203 1.6770873e-16
4821.037346701863 1.6635636e-16
4823.944084476522 1.6025964e-16
4826.850822251182 1.6011343e-16
4829.7575600258415 1.6304537e-16
4832.664297800501 1.620449e-16
4835.571035575161 1.6369891e-16
4838.47777334982 1.6419878e-16
4841.38451112448 1.6613346e-16
4844.29124889914 1.6630102e-16
4847.197986673799 1.6980234e-16
4850.104724448459 1.7239161e-16
4853.0114622231185 1.7315996e-16
4855.918199997778 1.7413473e-16
4858.824937772438 1.7590174e-16
4861.731675547097 1.789644e-16
4864.638413321757 1.8340074e-16
4867.545151096417 1.8603136e-16
4870.451888871076 1.8612493e-16
4873.358626645736 1.8751754e-16
4876.265364420396 1.8931636e-16
4879.172102195055 1.8925224e-16
4882.078839969715 1.8952337e-16
4884.9855777443745 1.9269887e-16
4887.892315519034 1.9318438e-16
4890.799053293694 1.9240147e-16
4893.705791068353 1.9657713e-16
4896.612528843013 1.9697043e-16
4899.519266617673 1.9445807e-16
4902.426004392332 1.9640379e-16
4905.332742166992 1.9912445e-16
4908.239479941652 2.017506e-16
4911.146217716311 2.0498348e-16
4914.052955490971 2.0397592e-16
4916.95969326563 2.0181297e-16
4919.86643104029 2.02191e-16
4922.77316881495 2.0641739e-16
4925.679906589609 2.0814604e-16
4928.586644364269 2.1237189e-16
4931.493382138929 2.1524445e-16
4934.400119913588 2.1618453e-16
4937.306857688248 2.1593973e-16
4940.2135954629075 2.1427412e-16
4943.120333237567 2.1314823e-16
4946.027071012227 2.1320983e-16
4948.933808786886 2.1520432e-16
4951.840546561546 2.17512e-16
4954.747284336206 2.1719189e-16
4957.654022110865 2.1669292e-16
4960.560759885525 2.1454662e-16
4963.467497660185 2.1421708e-16
4966.374235434844 2.1166408e-16
4969.280973209504 2.091041e-16
4972.1877109841635 2.05778e-16
4975.094448758823 1.9790909e-16
4978.001186533483 1.9272858e-16
4980.907924308142 1.9293797e-16
4983.814662082802 1.9030371e-16
4986.721399857462 1.8720488e-16
4989.628137632121 1.8622968e-16
4992.534875406781 1.8116247e-16
4995.4416131814405 1.7551235e-16
4998.3483509561 1.7286586e-16
5001.25508873076 1.6980201e-16
5004.161826505419 1.7012745e-16
5007.068564280079 1.729595e-16
5009.975302054739 1.7160983e-16
5012.882039829398 1.7194107e-16
5015.788777604058 1.7285518e-16
5018.695515378718 1.7257738e-16
5021.602253153377 1.7634849e-16
5024.508990928037 1.7457769e-16
5027.4157287026965 1.7709233e-16
5030.322466477356 1.8287371e-16
5033.229204252016 1.8347818e-16
5036.135942026675 1.8068733e-16
5039.042679801335 1.8205382e-16
5041.949417575995 1.8472983e-16
5044.856155350654 1.8560588e-16
5047.762893125314 1.8719316e-16
5050.6696308999735 1.8901638e-16
5053.576368674633 1.8818041e-16
5056.483106449293 1.8975642e-16
5059.389844223952 1.8837106e-16
5062.296581998612 1.887955e-16
5065.203319773272 1.870164e-16
5068.110057547931 1.8552197e-16
5071.016795322591 1.7968458e-16
5073.923533097251 1.7233126e-16
5076.83027087191 1.6697341e-16
5079.73700864657 1.657562e-16
5082.6437464212295 1.6600018e-16
5085.550484195889 1.6113314e-16
5088.457221970549 1.575478e-16
5091.363959745208 1.5343557e-16
5094.270697519868 1.5210544e-16
5097.177435294528 1.5138664e-16
5100.084173069187 1.4522269e-16
5102.990910843847 1.3878161e-16
5105.8976486185065 1.3786004e-16
5108.804386393166 1.3815436e-16
5111.711124167826 1.343268e-16
5114.617861942485 1.2959694e-16
5117.524599717145 1.2768752e-16
5120.431337491805 1.2969869e-16
5123.338075266464 1.28967e-16
5126.244813041124 1.246954e-16
5129.151550815784 1.2511504e-16
5132.058288590443 1.2669387e-16
5134.965026365103 1.2610727e-16
5137.8717641397625 1.23996e-16
5140.778501914422 1.2435717e-16
5143.685239689082 1.2618923e-16
5146.591977463741 1.2770455e-16
5149.498715238401 1.2880277e-16
5152.405453013061 1.316987e-16
5155.31219078772 1.3343065e-16
5158.21892856238 1.3081452e-16
5161.12566633704 1.3146131e-16
5164.032404111699 1.3745772e-16
5166.939141886359 1.4272296e-16
5169.845879661018 1.413138e-16
5172.752617435678 1.403731e-16
5175.659355210338 1.3757619e-16
5178.566092984997 1.4253432e-16
5181.472830759657 1.4668166e-16
5184.379568534317 1.5073088e-16
5187.286306308976 1.542357e-16
5190.193044083636 1.555807e-16
5193.0997818582955 1.5460612e-16
5196.006519632955 1.6147972e-16
5198.913257407615 1.6699731e-16
5201.819995182274 1.7152403e-16
5204.726732956934 1.7036372e-16
5207.633470731594 1.6978425e-16
5210.540208506253 1.7021913e-16
5213.446946280913 1.6993756e-16
5216.353684055573 1.7393881e-16
5219.260421830232 1.7643631e-16
5222.167159604892 1.7649731e-16
5225.073897379551 1.7723808e-16
5227.980635154211 1.7636632e-16
5230.887372928871 1.7805079e-16
5233.79411070353 1.7833723e-16
5236.70084847819 1.7597472e-16
5239.60758625285 1.7571777e-16
5242.514324027509 1.7712667e-16
5245.421061802169 1.8076295e-16
5248.3277995768285 1.8169634e-16
5251.234537351488 1.7661815e-16
5254.141275126148 1.7346963e-16
5257.048012900807 1.7641464e-16
5259.954750675467 1.7864687e-16
5262.861488450127 1.7739326e-16
5265.768226224786 1.7816199e-16
5268.674963999446 1.786457e-16
5271.581701774106 1.7711099e-16
5274.488439548765 1.7668189e-16
5277.395177323425 1.7962506e-16
5280.3019150980845 1.840397e-16
5283.208652872744 1.8438414e-16
5286.115390647404 1.819941e-16
5289.022128422063 1.8085605e-16
5291.928866196723 1.7981636e-16
5294.835603971383 1.8160802e-16
5297.742341746042 1.8579833e-16
5300.649079520702 1.8974721e-16
5303.5558172953615 1.9234044e-16
5306.462555070021 1.9335905e-16
5309.369292844681 1.9297507e-16
5312.27603061934 1.9414059e-16
5315.182768394 1.9874387e-16
5318.08950616866 2.0551309e-16
5320.996243943319 2.0732566e-16
5323.902981717979 2.0627439e-16
5326.809719492639 2.0937903e-16
5329.716457267298 2.1196084e-16
5332.623195041958 2.1338021e-16
5335.5299328166175 2.1675892e-16
5338.436670591277 2.2061937e-16
5341.343408365937 2.229864e-16
5344.250146140596 2.245422e-16
5347.156883915256 2.2880046e-16
5350.063621689916 2.3490587e-16
5352.970359464575 2.3827841e-16
5355.877097239235 2.4125216e-16
5358.7838350138945 2.4424709e-16
5361.690572788554 2.4599274e-16
5364.597310563214 2.4778893e-16
5367.504048337873 2.4969073e-16
5370.410786112533 2.5202465e-16
5373.317523887193 2.551425e-16
5376.224261661852 2.554055e-16
5379.130999436512 2.5634145e-16
5382.037737211172 2.610764e-16
5384.944474985831 2.6358792e-16
5387.851212760491 2.6195778e-16
5390.7579505351505 2.613892e-16
5393.66468830981 2.6311755e-16
5396.57142608447 2.6366076e-16
5399.478163859129 2.6416192e-16
5402.384901633789 2.6600826e-16
5405.291639408449 2.6850756e-16
5408.198377183108 2.6814887e-16
5411.105114957768 2.667694e-16
5414.0118527324275 2.6452715e-16
5416.918590507087 2.659812e-16
5419.825328281747 2.6452394e-16
5422.732066056406 2.6213632e-16
5425.638803831066 2.5780276e-16
5428.545541605726 2.538579e-16
5431.452279380385 2.5403034e-16
5434.359017155045 2.5512855e-16
5437.265754929705 2.5204543e-16
5440.172492704364 2.4854543e-16
5443.079230479024 2.4613274e-16
5445.9859682536835 2.4228507e-16
5448.892706028343 2.3918485e-16
5451.799443803003 2.3914784e-16
5454.706181577662 2.410699e-16
5457.612919352322 2.4215865e-16
5460.519657126982 2.3919443e-16
5463.426394901641 2.3665778e-16
5466.333132676301 2.3658493e-16
5469.239870450961 2.3578557e-16
5472.14660822562 2.3914376e-16
5475.05334600028 2.4389641e-16
5477.960083774939 2.4275983e-16
5480.866821549599 2.4132453e-16
5483.773559324259 2.420441e-16
5486.680297098918 2.439069e-16
5489.587034873578 2.4860698e-16
5492.493772648238 2.5217314e-16
5495.400510422897 2.537416e-16
5498.307248197557 2.5710272e-16
5501.2139859722165 2.6271802e-16
5504.120723746876 2.6375822e-16
5507.027461521536 2.6594296e-16
5509.934199296195 2.7224936e-16
5512.840937070855 2.7649696e-16
5515.747674845515 2.783751e-16
5518.654412620174 2.8239364e-16
5521.561150394834 2.831356e-16
5524.467888169494 2.8424218e-16
5527.374625944153 2.8854506e-16
5530.281363718813 2.8910084e-16
5533.1881014934725 2.900181e-16
5536.094839268132 2.9440904e-16
5539.001577042792 2.9395347e-16
5541.908314817451 2.9130022e-16
5544.815052592111 2.9090317e-16
5547.721790366771 2.8919605e-16
5550.62852814143 2.8665636e-16
5553.53526591609 2.8327045e-16
5556.4420036907495 2.777125e-16
5559.348741465409 2.7358569e-16
5562.255479240069 2.7107754e-16
5565.162217014728 2.6826132e-16
5568.068954789388 2.7183235e-16
5570.975692564048 2.8997495e-16
5573.882430338707 3.037614e-16
5576.789168113367 3.1367562e-16
5579.695905888027 3.1596727e-16
5582.602643662686 3.15269e-16
5585.509381437346 3.0793017e-16
5588.4161192120055 2.9694977e-16
5591.322856986665 2.8666774e-16
5594.229594761325 2.8205977e-16
5597.136332535984 2.820108e-16
5600.043070310644 2.7944157e-16
5602.949808085304 2.7426075e-16
5605.856545859963 2.7023795e-16
5608.763283634623 2.6918143e-16
5611.6700214092825 2.6623987e-16
5614.576759183942 2.679083e-16
5617.483496958602 2.7019358e-16
5620.390234733261 2.699629e-16
5623.296972507921 2.6571294e-16
5626.203710282581 2.6042237e-16
5629.11044805724 2.6180851e-16
5632.0171858319 2.6339585e-16
5634.92392360656 2.5966203e-16
5637.830661381219 2.608669e-16
5640.737399155879 2.609114e-16
5643.6441369305385 2.6095605e-16
5646.550874705198 2.5929418e-16
5649.457612479858 2.622798e-16
5652.364350254517 2.6217742e-16
5655.271088029177 2.6278882e-16
5658.177825803837 2.6201307e-16
5661.084563578496 2.642663e-16
5663.991301353156 2.6792184e-16
5666.8980391278155 2.6918763e-16
5669.804776902475 2.7047885e-16
5672.711514677135 2.7425063e-16
5675.618252451794 2.7572045e-16
5678.524990226454 2.7742513e-16
5681.431728001114 2.803635e-16
5684.338465775773 2.8318686e-16
5687.245203550433 2.8592942e-16
5690.151941325093 2.8533774e-16
5693.058679099752 2.8585207e-16
5695.965416874412 2.8861298e-16
5698.8721546490715 2.931727e-16
5701.778892423731 2.9732664e-16
5704.685630198391 2.9964368e-16
5707.59236797305 3.049136e-16
5710.49910574771 3.0973994e-16
5713.40584352237 3.09873e-16
5716.312581297029 3.095334e-16
5719.219319071689 3.0873086e-16
5722.126056846349 3.085285e-16
5725.032794621008 3.1335825e-16
5727.939532395668 3.1457067e-16
5730.846270170327 3.12712e-16
5733.753007944987 3.1365712e-16
5736.659745719647 3.1560765e-16
5739.566483494306 3.1800814e-16
5742.473221268966 3.1784162e-16
5745.379959043626 3.134024e-16
5748.286696818285 3.087088e-16
5751.193434592945 3.0823905e-16
5754.1001723676045 3.099652e-16
5757.006910142264 3.157863e-16
5759.913647916924 3.1276877e-16
5762.820385691583 3.069462e-16
5765.727123466243 3.0342856e-16
5768.633861240903 2.9996542e-16
5771.540599015562 2.9867258e-16
5774.447336790222 2.9784617e-16
5777.354074564882 2.9636354e-16
5780.260812339541 2.9754147e-16
5783.167550114201 2.908666e-16
5786.07428788886 2.8496274e-16
5788.98102566352 2.8480948e-16
5791.88776343818 2.8599845e-16
5794.794501212839 2.8488532e-16
5797.701238987499 2.8038426e-16
5800.607976762159 2.7539953e-16
5803.514714536818 2.7101518e-16
5806.421452311478 2.6833477e-16
5809.3281900861375 2.657413e-16
5812.234927860797 2.6330633e-16
5815.141665635457 2.6342486e-16
5818.048403410116 2.6417978e-16
5820.955141184776 2.6103615e-16
5823.861878959436 2.5566977e-16
5826.768616734095 2.5348893e-16
5829.675354508755 2.5183126e-16
5832.582092283415 2.498442e-16
5835.488830058074 2.527512e-16
5838.395567832734 2.5084635e-16
5841.3023056073935 2.474394e-16
5844.209043382053 2.496313e-16
5847.115781156713 2.513933e-16
5850.022518931372 2.5102936e-16
5852.929256706032 2.4689518e-16
5855.835994480692 2.4478786e-16
5858.742732255351 2.4537332e-16
5861.649470030011 2.477929e-16
5864.5562078046705 2.5078454e-16
5867.46294557933 2.50877e-16
5870.36968335399 2.51808e-16
5873.276421128649 2.4935686e-16
5876.183158903309 2.4479477e-16
5879.089896677969 2.4111923e-16
5881.996634452628 2.4126897e-16
5884.903372227288 2.4466666e-16
5887.810110001948 2.4968236e-16
5890.716847776607 2.509266e-16
5893.623585551267 2.531424e-16
5896.5303233259265 2.5322841e-16
5899.437061100586 2.4963077e-16
5902.343798875246 2.4445707e-16
5905.250536649905 2.3072503e-16
5908.157274424565 2.1939646e-16
5911.064012199225 2.1397963e-16
5913.970749973884 2.104777e-16
5916.877487748544 2.0627477e-16
5919.7842255232035 2.0237494e-16
5922.690963297863 1.9586851e-16
5925.597701072523 1.9316025e-16
5928.504438847182 1.9153173e-16
5931.411176621842 1.8793054e-16
5934.317914396502 1.8935482e-16
5937.224652171161 1.9190455e-16
5940.131389945821 1.8956507e-16
5943.038127720481 1.8598132e-16
5945.94486549514 1.8742609e-16
5948.8516032698 1.9395691e-16
5951.7583410444595 1.9966294e-16
5954.665078819119 2.0205874e-16
5957.571816593779 2.0402561e-16
5960.478554368438 2.0597677e-16
5963.385292143098 2.0809899e-16
5966.292029917758 2.1139041e-16
5969.198767692417 2.1653186e-16
5972.105505467077 2.1932452e-16
5975.0122432417365 2.2180815e-16
5977.918981016396 2.2390675e-16
5980.825718791056 2.2718827e-16
5983.732456565715 2.3360015e-16
5986.639194340375 2.361525e-16
5989.545932115035 2.4087558e-16
5992.452669889694 2.4875124e-16
5995.359407664354 2.4921983e-16
5998.266145439014 2.4790621e-16
6001.172883213673 2.5021488e-16
6004.079620988333 2.5586605e-16
6006.9863587629925 2.592778e-16
6009.893096537652 2.6394507e-16
6012.799834312312 2.6652246e-16
6015.706572086971 2.6387326e-16
6018.613309861631 2.6310252e-16
6021.520047636291 2.6178353e-16
6024.42678541095 2.5561263e-16
6027.33352318561 2.440546e-16
6030.24026096027 2.321365e-16
6033.146998734929 2.27783e-16
6036.053736509589 2.3433542e-16
6038.960474284248 2.511164e-16
6041.867212058908 2.677631e-16
6044.773949833568 2.7794687e-16
6047.680687608227 2.8520835e-16
6050.587425382887 2.910642e-16
6053.494163157547 2.9113012e-16
6056.400900932206 2.9071905e-16
6059.307638706866 2.9147418e-16
6062.2143764815255 2.8956592e-16
6065.121114256185 2.8820105e-16
6068.027852030845 2.8712733e-16
6070.934589805504 2.8768143e-16
6073.841327580164 2.87817e-16
6076.748065354824 2.8356186e-16
6079.654803129483 2.8194296e-16
6082.561540904143 2.821707e-16
6085.468278678803 2.8049943e-16
6088.375016453462 2.7961725e-16
6091.281754228122 2.7814704e-16
6094.1884920027815 2.7552298e-16
6097.095229777441 2.7511696e-16
6100.001967552101 2.7146278e-16
6102.90870532676 2.6797473e-16
6105.81544310142 2.6328124e-16
6108.72218087608 2.5757666e-16
6111.628918650739 2.563479e-16
6114.535656425399 2.5885724e-16
6117.4423942000585 2.6146205e-16
6120.349131974718 2.562106e-16
6123.255869749378 2.5298645e-16
6126.162607524037 2.5254756e-16
6129.069345298697 2.53825e-16
6131.976083073357 2.5173536e-16
6134.882820848016 2.5084677e-16
6137.789558622676 2.5320824e-16
6140.696296397336 2.5411457e-16
6143.603034171995 2.5341447e-16
6146.509771946655 2.5127505e-16
6149.4165097213145 2.491258e-16
6152.323247495974 2.5134236e-16
6155.229985270634 2.5309866e-16
6158.136723045293 2.53948e-16
6161.043460819953 2.534903e-16
6163.950198594613 2.5208463e-16
6166.856936369272 2.5180895e-16
6169.763674143932 2.5392073e-16
6172.6704119185915 2.5612948e-16
6175.577149693251 2.547184e-16
6178.483887467911 2.5153382e-16
6181.39062524257 2.489573e-16
6184.29736301723 2.4798396e-16
6187.20410079189 2.4882665e-16
6190.110838566549 2.482653e-16
6193.017576341209 2.4675086e-16
6195.924314115869 2.436615e-16
6198.831051890528 2.4090416e-16
6201.737789665188 2.3850394e-16
6204.6445274398475 2.3526692e-16
6207.551265214507 2.3369864e-16
6210.458002989167 2.3351608e-16
6213.364740763826 2.305686e-16
6216.271478538486 2.2690422e-16
6219.178216313146 2.2701928e-16
6222.084954087805 2.2346677e-16
6224.991691862465 2.2107449e-16
6227.8984296371245 2.2034257e-16
6230.805167411784 2.1526461e-16
6233.711905186444 2.1306505e-16
6236.618642961103 2.117155e-16
6239.525380735763 2.0835428e-16
6242.432118510423 2.0164245e-16
6245.338856285082 1.9291537e-16
6248.245594059742 1.8444886e-16
6251.152331834402 1.7889263e-16
6254.059069609061 1.7329116e-16
6256.965807383721 1.6533257e-16
6259.8725451583805 1.5985656e-16
6262.77928293304 1.5658946e-16
6265.6860207077 1.5246499e-16
6268.592758482359 1.4586294e-16
6271.499496257019 1.3722376e-16
6274.406234031679 1.2901494e-16
6277.312971806338 1.2106877e-16
6280.219709580998 1.1372713e-16
6283.126447355658 1.0829752e-16
6286.033185130317 1.0411635e-16
6288.939922904977 1.0201752e-16
6291.846660679636 1.0117709e-16
6294.753398454296 1.0632351e-16
6297.660136228956 1.2014298e-16
6300.566874003615 1.3693923e-16
6303.473611778275 1.4955783e-16
6306.380349552935 1.5357033e-16
6309.287087327594 1.4953026e-16
6312.193825102254 1.3952897e-16
6315.1005628769135 1.2431333e-16
6318.007300651573 1.212834e-16
6320.914038426233 1.2273507e-16
6323.820776200892 1.2443563e-16
6326.727513975552 1.2704758e-16
6329.634251750212 1.3044989e-16
6332.540989524871 1.3153895e-16
6335.447727299531 1.3048455e-16
6338.354465074191 1.2917546e-16
6341.26120284885 1.2750826e-16
6344.16794062351 1.2931116e-16
6347.074678398169 1.3390311e-16
6349.981416172829 1.3783211e-16
6352.888153947489 1.4176272e-16
6355.794891722148 1.4569627e-16
6358.701629496808 1.4963147e-16
6361.608367271468 1.5356963e-16
6364.515105046127 1.5750936e-16
6367.421842820787 1.614521e-16
6370.3285805954465 1.6539642e-16
6373.235318370106 1.6934306e-16
6376.142056144766 1.7329266e-16
6379.048793919425 1.7688557e-16
6381.955531694085 1.7857121e-16
6384.862269468745 1.8025744e-16
6387.769007243404 1.8194498e-16
6390.675745018064 1.8363317e-16
6393.582482792724 1.85418e-16
6396.489220567383 1.8716104e-16
6399.395958342043 1.8658329e-16
6402.3026961167025 1.8576187e-16
6405.209433891362 1.8703732e-16
6408.116171666022 1.9017871e-16
6411.022909440681 1.9138343e-16
6413.929647215341 1.9274576e-16
6416.836384990001 1.9410864e-16
6419.74312276466 1.9547252e-16
6422.64986053932 1.9683693e-16
6425.5565983139795 1.9820232e-16
6428.463336088639 1.9956831e-16
6431.370073863299 2.0093522e-16
6434.276811637958 2.0588201e-16
6437.183549412618 2.1122544e-16
6440.090287187278 2.1236315e-16
6442.997024961937 2.1058053e-16
6445.903762736597 2.1233382e-16
6448.810500511257 2.1555772e-16
6451.717238285916 2.2198192e-16
6454.623976060576 2.2244274e-16
6457.5307138352355 2.1788849e-16
6460.437451609895 2.203263e-16
6463.344189384555 2.2433583e-16
6466.250927159214 2.2816667e-16
6469.157664933874 2.3358686e-16
6472.064402708534 2.3553157e-16
6474.971140483193 2.3411202e-16
6477.877878257853 2.3490127e-16
6480.7846160325125 2.3502017e-16
6483.691353807172 2.32904e-16
6486.598091581832 2.3373742e-16
6489.504829356491 2.3677663e-16
6492.411567131151 2.397932e-16
6495.318304905811 2.440141e-16
6498.22504268047 2.4954146e-16
6501.13178045513 2.542688e-16
6504.03851822979 2.5436582e-16
6506.945256004449 2.552033e-16
6509.851993779109 2.5792185e-16
6512.7587315537685 2.5755315e-16
6515.665469328428 2.5478812e-16
6518.572207103088 2.544447e-16
6521.478944877747 2.5626548e-16
6524.385682652407 2.5858293e-16
6527.292420427067 2.595988e-16
6530.199158201726 2.6377003e-16
6533.105895976386 2.6613368e-16
6536.0126337510455 2.6527598e-16
6538.919371525705 2.671732e-16
6541.826109300365 2.6756998e-16
6544.732847075024 2.642453e-16
6547.639584849684 2.648384e-16
6550.546322624344 2.6994032e-16
6553.453060399003 2.6919387e-16
6556.359798173663 2.684171e-16
6559.266535948323 2.7085096e-16
6562.173273722982 2.706221e-16
6565.080011497642 2.697995e-16
6567.9867492723015 2.7046037e-16
6570.893487046961 2.69549e-16
6573.800224821621 2.6819747e-16
6576.70696259628 2.6593568e-16
6579.61370037094 2.66998e-16
6582.5204381456 2.69094e-16
6585.427175920259 2.6634054e-16
6588.333913694919 2.6357685e-16
6591.240651469579 2.6396712e-16
6594.147389244238 2.646969e-16
6597.054127018898 2.629077e-16
6599.960864793557 2.6145766e-16
6602.867602568217 2.6182275e-16
6605.774340342877 2.6437786e-16
6608.681078117536 2.658649e-16
6611.587815892196 2.623563e-16
6614.494553666856 2.6083022e-16
6617.401291441515 2.6113335e-16
6620.308029216175 2.6184928e-16
6623.2147669908345 2.6247793e-16
6626.121504765494 2.6421051e-16
6629.028242540154 2.6516028e-16
6631.934980314813 2.6422348e-16
6634.841718089473 2.6283374e-16
6637.748455864133 2.6205172e-16
6640.655193638792 2.6141205e-16
6643.561931413452 2.582364e-16
6646.468669188112 2.546729e-16
6649.375406962771 2.5531127e-16
6652.282144737431 2.5625635e-16
6655.1888825120905 2.5487142e-16
6658.09562028675 2.5438088e-16
6661.00235806141 2.5636373e-16
6663.909095836069 2.579251e-16
6666.815833610729 2.570651e-16
6669.722571385389 2.5408199e-16
6672.629309160048 2.516356e-16
6675.536046934708 2.53446e-16
6678.4427847093675 2.5337998e-16
6681.349522484027 2.5063758e-16
6684.256260258687 2.507708e-16
6687.162998033346 2.5180585e-16
6690.069735808006 2.517288e-16
6692.976473582666 2.5000035e-16
6695.883211357325 2.4951505e-16
6698.789949131985 2.4995566e-16
6701.696686906645 2.4872712e-16
6704.603424681304 2.4813454e-16
6707.510162455964 2.479343e-16
6710.4169002306235 2.4717703e-16
6713.323638005283 2.4648468e-16
6716.230375779943 2.4587974e-16
6719.137113554602 2.4284382e-16
6722.043851329262 2.3947268e-16
6724.950589103922 2.4061527e-16
6727.857326878581 2.4161636e-16
6730.764064653241 2.4029771e-16
6733.6708024279005 2.3753723e-16
6736.57754020256 2.357196e-16
6739.48427797722 2.3408536e-16
6742.391015751879 2.3345562e-16
6745.297753526539 2.349901e-16
6748.204491301199 2.3570733e-16
6751.111229075858 2.318733e-16
6754.017966850518 2.284411e-16
6756.924704625178 2.2972344e-16
6759.831442399837 2.2872206e-16
6762.738180174497 2.245209e-16
6765.6449179491565 2.2199419e-16
6768.551655723816 2.2184178e-16
6771.458393498476 2.2321288e-16
6774.365131273135 2.2340595e-16
6777.271869047795 2.2295707e-16
6780.178606822455 2.1904522e-16
6783.085344597114 2.1339767e-16
6785.992082371774 2.1150013e-16
6788.8988201464335 2.1251183e-16
6791.805557921093 2.137521e-16
6794.712295695753 2.1482438e-16
6797.619033470412 2.1606773e-16
6800.525771245072 2.1444013e-16
6803.432509019732 2.0996075e-16
6806.339246794391 2.0686608e-16
6809.245984569051 2.0502529e-16
6812.152722343711 2.0473666e-16
6815.05946011837 2.0686607e-16
6817.96619789303 2.0716425e-16
6820.8729356676895 2.0435971e-16
6823.779673442349 2.0583554e-16
6826.686411217009 2.113853e-16
6829.593148991668 2.1210224e-16
6832.499886766328 2.101779e-16
6835.406624540988 2.0603751e-16
6838.313362315647 2.0534738e-16
6841.220100090307 2.0824664e-16
6844.126837864967 2.0636069e-16
6847.033575639626 2.0247849e-16
6849.940313414286 2.024687e-16
6852.847051188945 2.0120998e-16
6855.753788963605 2.0111372e-16
6858.660526738265 2.0299031e-16
6861.567264512924 2.0372157e-16
6864.474002287584 2.0841086e-16
6867.380740062244 2.0443643e-16
6870.287477836903 2.0329973e-16
6873.194215611563 1.985789e-16
6876.1009533862225 1.93939e-16
6879.007691160882 1.986316e-16
6881.914428935542 1.9697378e-16
6884.821166710201 1.9010471e-16
6887.727904484861 1.9004996e-16
6890.634642259521 1.8711285e-16
6893.54138003418 1.8556464e-16
6896.44811780884 1.850743e-16
6899.3548555835 1.8552778e-16
6902.261593358159 1.8450493e-16
6905.168331132819 1.8593484e-16
6908.075068907478 1.8553546e-16
6910.981806682138 1.8444894e-16
6913.888544456798 1.8235713e-16
6916.795282231457 1.8301754e-16
6919.702020006117 1.8254693e-16
6922.608757780777 1.8457338e-16
6925.515495555436 1.866121e-16
6928.422233330096 1.8595256e-16
6931.3289711047555 1.8654762e-16
6934.235708879415 1.8581464e-16
6937.142446654075 1.8372093e-16
6940.049184428734 1.8295611e-16
6942.955922203394 1.8171252e-16
6945.862659978054 1.8393646e-16
6948.769397752713 1.8777258e-16
6951.676135527373 1.9026515e-16
6954.582873302033 1.894164e-16
6957.489611076692 1.8685735e-16
6960.396348851352 1.8206752e-16
6963.3030866260115 1.7740872e-16
6966.209824400671 1.7963719e-16
6969.116562175331 1.8428842e-16
6972.02329994999 1.8539856e-16
6974.93003772465 1.8517248e-16
6977.83677549931 1.854497e-16
6980.743513273969 1.839129e-16
6983.650251048629 1.8224151e-16
6986.5569888232885 1.7716639e-16
6989.463726597948 1.738028e-16
6992.370464372608 1.7369037e-16
6995.277202147267 1.7276065e-16
6998.183939921927 1.7311197e-16
7001.090677696587 1.7597998e-16
7003.997415471246 1.7825131e-16
7006.904153245906 1.7747193e-16
7009.810891020566 1.7746738e-16
7012.717628795225 1.7683605e-16
7015.624366569885 1.7710172e-16
7018.5311043445445 1.7822345e-16
7021.437842119204 1.7904422e-16
7024.344579893864 1.7876403e-16
7027.251317668523 1.8090613e-16
7030.158055443183 1.8199034e-16
7033.064793217843 1.8342468e-16
7035.971530992502 1.8386923e-16
7038.878268767162 1.8401103e-16
7041.7850065418215 1.8454172e-16
7044.691744316481 1.84197e-16
7047.598482091141 1.8427369e-16
7050.5052198658 1.864066e-16
7053.41195764046 1.8692539e-16
7056.31869541512 1.8501827e-16
7059.225433189779 1.8525442e-16
7062.132170964439 1.8489322e-16
7065.038908739099 1.8431592e-16
7067.945646513758 1.834198e-16
7070.852384288418 1.8288926e-16
7073.7591220630775 1.8316524e-16
7076.665859837737 1.8387918e-16
7079.572597612397 1.8381743e-16
7082.479335387056 1.847627e-16
7085.386073161716 1.8414062e-16
7088.292810936376 1.843018e-16
7091.199548711035 1.8211116e-16
7094.106286485695 1.7820309e-16
7097.0130242603545 1.766761e-16
7099.919762035014 1.7669567e-16
7102.826499809674 1.774594e-16
7105.733237584333 1.7848735e-16
7108.639975358993 1.7759098e-16
7111.546713133653 1.7645995e-16
7114.453450908312 1.7661473e-16
7117.360188682972 1.7629553e-16
7120.266926457632 1.7606261e-16
7123.173664232291 1.7497316e-16
7126.080402006951 1.7337303e-16
7128.9871397816105 1.7407292e-16
7131.89387755627 1.7616147e-16
7134.80061533093 1.7656416e-16
7137.707353105589 1.7452471e-16
7140.614090880249 1.7211712e-16
7143.520828654909 1.7027085e-16
7146.427566429568 1.6844739e-16
7149.334304204228 1.6818713e-16
7152.241041978888 1.69803e-16
7155.147779753547 1.7265333e-16
7158.054517528207 1.7270797e-16
7160.961255302866 1.7102408e-16
7163.867993077526 1.7263026e-16
7166.774730852186 1.7087994e-16
7169.681468626845 1.6831504e-16
7172.588206401505 1.6726272e-16
7175.494944176165 1.6715518e-16
7178.401681950824 1.6802741e-16
7181.308419725484 1.6714665e-16
7184.2151575001435 1.6850603e-16
7187.121895274803 1.6750467e-16
7190.028633049463 1.6652423e-16
7192.935370824122 1.6672181e-16
7195.842108598782 1.6645165e-16
7198.748846373442 1.66212e-16
7201.655584148101 1.6498112e-16
7204.562321922761 1.6072835e-16
7207.469059697421 1.5704897e-16
7210.37579747208 1.5874856e-16
7213.28253524674 1.6033262e-16
7216.1892730213995 1.5985326e-16
7219.096010796059 1.5803116e-16
7222.002748570719 1.539683e-16
7224.909486345378 1.5116069e-16
7227.816224120038 1.4955476e-16
7230.722961894698 1.4991516e-16
7233.629699669357 1.515893e-16
7236.536437444017 1.5609177e-16
7239.4431752186765 1.6662481e-16
7242.349912993336 1.7194503e-16
7245.256650767996 1.7415633e-16
7248.163388542655 1.7096902e-16
7251.070126317315 1.6712867e-16
7253.976864091975 1.630589e-16
7256.883601866634 1.559702e-16
7259.790339641294 1.5351562e-16
7262.697077415954 1.5268877e-16
7265.603815190613 1.5095882e-16
7268.510552965273 1.5357045e-16
7271.4172907399325 1.5738514e-16
7274.324028514592 1.6186894e-16
7277.230766289252 1.6971679e-16
7280.137504063911 1.7857446e-16
7283.044241838571 1.7965517e-16
7285.950979613231 1.754945e-16
7288.85771738789 1.7041398e-16
7291.76445516255 1.6685755e-16
7294.6711929372095 1.6741082e-16
7297.577930711869 1.6556175e-16
7300.484668486529 1.6084733e-16
7303.391406261188 1.562426e-16
7306.298144035848 1.5518541e-16
7309.204881810508 1.567124e-16
7312.111619585167 1.6317915e-16
7315.018357359827 1.7299152e-16
7317.925095134487 1.8092829e-16
7320.831832909146 1.853177e-16
7323.738570683806 1.8124222e-16
7326.6453084584655 1.7657397e-16
7329.552046233125 1.7323354e-16
7332.458784007785 1.6700051e-16
7335.365521782444 1.6668702e-16
7338.272259557104 1.7412811e-16
7341.178997331764 1.8170796e-16
7344.085735106423 1.8794488e-16
7346.992472881083 1.8980588e-16
7349.8992106557425 1.826387e-16
7352.805948430402 1.7296969e-16
7355.712686205062 1.6828708e-16
7358.619423979721 1.6788152e-16
7361.526161754381 1.7084369e-16
7364.432899529041 1.754974e-16
7367.3396373037 1.8009194e-16
7370.24637507836 1.8345978e-16
7373.15311285302 1.8625704e-16
7376.059850627679 1.8549335e-16
7378.966588402339 1.7840605e-16
7381.8733261769985 1.727886e-16
7384.780063951658 1.7015158e-16
7387.686801726318 1.6810835e-16
7390.593539500977 1.6797623e-16
7393.500277275637 1.7095483e-16
7396.407015050297 1.7135373e-16
7399.313752824956 1.7626236e-16
7402.220490599616 1.8313398e-16
7405.127228374276 1.8519622e-16
7408.033966148935 1.8616479e-16
7410.940703923595 1.8132702e-16
7413.847441698254 1.7404718e-16
7416.754179472914 1.6976323e-16
7419.660917247574 1.682433e-16
7422.567655022233 1.680101e-16
7425.474392796893 1.6698398e-16
7428.381130571553 1.7001795e-16
7431.287868346212 1.7484013e-16
7434.194606120872 1.7597505e-16
7437.1013438955315 1.7482699e-16
7440.008081670191 1.733531e-16
7442.914819444851 1.7034252e-16
7445.82155721951 1.656336e-16
7448.72829499417 1.6413009e-16
7451.63503276883 1.6228902e-16
7454.541770543489 1.6127227e-16
7457.448508318149 1.6507347e-16
7460.355246092809 1.6777692e-16
7463.261983867468 1.6786584e-16
7466.168721642128 1.6797631e-16
7469.075459416787 1.6928264e-16
7471.982197191447 1.7101432e-16
7474.888934966107 1.7248716e-16
7477.795672740766 1.742102e-16
7480.702410515426 1.7665195e-16
7483.609148290086 1.7838081e-16
7486.515886064745 1.7836084e-16
7489.422623839405 1.7859483e-16
7492.3293616140645 1.7558519e-16
7495.236099388724 1.6958709e-16
7498.142837163384 1.6432583e-16
7501.049574938043 1.6010662e-16
7503.956312712703 1.5966019e-16
7506.863050487363 1.6080336e-16
7509.769788262022 1.6324505e-16
7512.676526036682 1.6583599e-16
7515.583263811342 1.6970562e-16
7518.490001586001 1.729485e-16
7521.396739360661 1.7777698e-16
7524.3034771353205 1.8626621e-16
7527.21021490998 1.886621e-16
7530.11695268464 1.8908019e-16
7533.023690459299 1.8582587e-16
7535.930428233959 1.8146747e-16
7538.837166008619 1.8044294e-16
7541.743903783278 1.7943604e-16
7544.650641557938 1.7495986e-16
7547.5573793325975 1.7497451e-16
7550.464117107257 1.7620615e-16
7553.370854881917 1.7298822e-16
7556.277592656576 1.7043977e-16
7559.184330431236 1.7222926e-16
7562.091068205896 1.7317975e-16
7564.997805980555 1.74741e-16
7567.904543755215 1.8168337e-16
7570.811281529875 1.839461e-16
7573.718019304534 1.878641e-16
7576.624757079194 1.8917468e-16
7579.5314948538535 1.8547071e-16
7582.438232628513 1.8140917e-16
7585.344970403173 1.7296758e-16
7588.251708177832 1.6561061e-16
7591.158445952492 1.56642e-16
7594.065183727152 1.5443278e-16
7596.971921501811 1.6446378e-16
7599.878659276471 1.6573843e-16
7602.7853970511305 1.6741257e-16
7605.69213482579 1.6677057e-16
7608.59887260045 1.5789266e-16
7611.505610375109 1.3994578e-16
7614.412348149769 1.3030363e-16
7617.319085924429 1.2857746e-16
7620.225823699088 1.2801663e-16
7623.132561473748 1.3132478e-16
7626.039299248408 1.3225374e-16
7628.946037023067 1.285869e-16
7631.852774797727 1.2261805e-16
7634.7595125723865 1.1586601e-16
7637.666250347046 1.10626215e-16
7640.572988121706 1.0874198e-16
7643.479725896365 1.0672777e-16
7646.386463671025 1.0164794e-16
7649.293201445685 1.00326705e-16
7652.199939220344 1.00433226e-16
7655.106676995004 9.754504e-17
7658.0134147696635 9.842598e-17
7660.920152544323 9.7717294e-17
7663.826890318983 9.229701e-17
7666.733628093642 8.839633e-17
7669.640365868302 8.3837104e-17
7672.547103642962 7.9703835e-17
7675.453841417621 7.948999e-17
7678.360579192281 7.967451e-17
7681.267316966941 7.864771e-17
7684.1740547416 7.974642e-17
7687.08079251626 8.195227e-17
7689.9875302909195 8.221513e-17
7692.894268065579 7.749298e-17
7695.801005840239 7.095282e-17
7698.707743614898 6.796404e-17
7701.614481389558 6.709532e-17
7704.521219164218 6.7472534e-17
7707.427956938877 6.9883706e-17
7710.334694713537 7.597522e-17
7713.241432488197 8.696859e-17
7716.148170262856 9.7467585e-17
7719.054908037516 1.0091105e-16
7721.961645812175 1.00307336e-16
7724.868383586835 9.6618706e-17
7727.775121361495 8.8960085e-17
7730.681859136154 8.535367e-17
7733.588596910814 8.529428e-17
7736.495334685474 8.6928444e-17
7739.402072460133 8.963616e-17
7742.308810234793 9.413719e-17
7745.2155480094525 1.02316643e-16
7748.122285784112 1.121903e-16
7751.029023558772 1.2352892e-16
7753.935761333431 1.2961366e-16
7756.842499108091 1.320975e-16
7759.749236882751 1.2453924e-16
7762.65597465741 1.1891543e-16
7765.56271243207 1.1937643e-16
7768.46945020673 1.2074665e-16
7771.376187981389 1.2243361e-16
7774.282925756049 1.2103704e-16
7777.1896635307085 1.196098e-16
7780.096401305368 1.2027812e-16
7783.003139080028 1.1772616e-16
7785.909876854687 1.1695754e-16
7788.816614629347 1.2134745e-16
7791.723352404007 1.3123645e-16
7794.630090178666 1.3475122e-16
7797.536827953326 1.3088417e-16
7800.4435657279855 1.2786689e-16
7803.350303502645 1.2045031e-16
7806.257041277305 1.1813451e-16
7809.163779051964 1.1944059e-16
7812.070516826624 1.1961356e-16
7814.977254601284 1.2522289e-16
7817.883992375943 1.2934139e-16
7820.790730150603 1.351026e-16
7823.697467925263 1.4626704e-16
7826.604205699922 1.4750842e-16
7829.510943474582 1.3887173e-16
7832.4176812492415 1.2877928e-16
7835.324419023901 1.208913e-16
7838.231156798561 1.2265185e-16
7841.13789457322 1.2516909e-16
7844.04463234788 1.2387547e-16
7846.95137012254 1.3049404e-16
7849.858107897199 1.452367e-16
7852.764845671859 1.5854407e-16
7855.6715834465185 1.6555774e-16
7858.578321221178 1.6599416e-16
7861.485058995838 1.6757259e-16
7864.391796770497 1.6361651e-16
7867.298534545157 1.6628641e-16
7870.205272319817 1.7467688e-16
7873.112010094476 1.8309372e-16
7876.018747869136 1.829362e-16
7878.925485643796 1.8354693e-16
7881.832223418455 1.7703191e-16
7884.738961193115 1.7058333e-16
7887.6456989677745 1.7359005e-16
7890.552436742434 1.7916127e-16
7893.459174517094 1.8135407e-16
7896.365912291753 1.8161812e-16
7899.272650066413 1.7573964e-16
7902.179387841073 1.743238e-16
7905.086125615732 1.7839055e-16
7907.992863390392 1.8269557e-16
7910.8996011650515 1.9263092e-16
7913.806338939711 1.9604507e-16
7916.713076714371 2.02956e-16
7919.61981448903 2.0750963e-16
7922.52655226369 2.1067697e-16
7925.43329003835 2.0930388e-16
7928.340027813009 2.1481252e-16
7931.246765587669 2.139885e-16
7934.153503362329 2.0059314e-16
7937.060241136988 1.9620867e-16
7939.966978911648 2.0326698e-16
7942.8737166863075 1.9886313e-16
7945.780454460967 1.8898696e-16
7948.687192235627 1.8610354e-16
7951.593930010286 1.9218466e-16
7954.500667784946 1.9384893e-16
7957.407405559606 2.0286099e-16
7960.314143334265 2.052988e-16
7963.220881108925 2.0250778e-16
7966.127618883585 1.9455244e-16
7969.034356658244 1.9236863e-16
7971.941094432904 1.9483563e-16
7974.847832207563 2.0321058e-16
7977.754569982223 2.0748783e-16
7980.661307756883 2.0926282e-16
7983.568045531542 2.0352972e-16
7986.474783306202 2.0543694e-16
7989.381521080862 2.1829723e-16
7992.288258855521 2.2026558e-16
7995.194996630181 2.2247868e-16
7998.1017344048405 2.2111642e-16
8001.0084721795 2.182415e-16
8003.91520995416 2.086733e-16
8006.821947728819 1.999858e-16
8009.728685503479 1.9545478e-16
8012.635423278139 1.971032e-16
8015.542161052798 2.0123184e-16
8018.448898827458 2.1014242e-16
8021.355636602118 2.1805609e-16
8024.262374376777 2.1931409e-16
8027.169112151437 2.1713596e-16
8030.075849926096 2.0802395e-16
8032.982587700756 2.0869985e-16
8035.889325475416 2.0872558e-16
8038.796063250075 2.0879415e-16
8041.702801024735 2.0412811e-16
8044.609538799395 1.9801391e-16
8047.516276574054 1.9365432e-16
8050.423014348714 1.9281165e-16
8053.3297521233735 1.9225374e-16
8056.236489898033 2.0086602e-16
8059.143227672693 2.0516726e-16
8062.049965447352 2.0859074e-16
8064.956703222012 2.1120508e-16
8067.863440996672 2.095664e-16
8070.770178771331 2.033077e-16
8073.676916545991 1.9436309e-16
8076.583654320651 1.8735794e-16
8079.49039209531 1.8483801e-16
8082.39712986997 1.8374158e-16
8085.3038676446295 1.8497332e-16
8088.210605419289 1.8453988e-16
8091.117343193949 1.8241637e-16
8094.024080968608 1.8212312e-16
8096.930818743268 1.8369752e-16
8099.837556517928 1.8509267e-16
8102.744294292587 1.8628109e-16
8105.651032067247 1.8641915e-16
8108.5577698419065 1.8719326e-16
8111.464507616566 1.8512212e-16
8114.371245391226 1.8014583e-16
8117.277983165885 1.7558051e-16
8120.184720940545 1.703752e-16
8123.091458715205 1.6866219e-16
8125.998196489864 1.7049234e-16
8128.904934264524 1.6785029e-16
8131.811672039184 1.6234965e-16
8134.718409813843 1.6017917e-16
8137.625147588503 1.5917e-16
8140.5318853631625 1.586599e-16
8143.438623137822 1.5850357e-16
8146.345360912482 1.5762754e-16
8149.252098687141 1.5533038e-16
8152.158836461801 1.514889e-16
8155.065574236461 1.4664141e-16
8157.97231201112 1.4235113e-16
8160.87904978578 1.3736396e-16
8163.7857875604395 1.3540256e-16
8166.692525335099 1.369625e-16
8169.599263109759 1.3727961e-16
8172.506000884418 1.3605202e-16
8175.412738659078 1.3369996e-16
8178.319476433738 1.308092e-16
8181.226214208397 1.2607888e-16
8184.132951983057 1.249539e-16
8187.039689757717 1.2495979e-16
8189.946427532376 1.2899835e-16
8192.853165307037 1.3226063e-16
8195.759903081696 1.3798576e-16
8198.666640856356 1.4005498e-16
8201.573378631016 1.4451001e-16
8204.480116405675 1.4947929e-16
8207.386854180335 1.4909486e-16
8210.293591954995 1.4768258e-16
8213.200329729654 1.4545577e-16
8216.107067504314 1.4322264e-16
8219.013805278973 1.4205182e-16
8221.920543053633 1.3762509e-16
8224.827280828293 1.3430284e-16
8227.734018602952 1.3312092e-16
8230.640756377612 1.330568e-16
8233.547494152272 1.350775e-16
8236.454231926931 1.35392e-16
8239.36096970159 1.3314895e-16
8242.26770747625 1.376872e-16
8245.17444525091 1.4508274e-16
8248.08118302557 1.4530113e-16
8250.98792080023 1.4334668e-16
8253.894658574889 1.3975927e-16
8256.801396349549 1.3343552e-16
8259.708134124208 1.2949164e-16
8262.614871898868 1.2868711e-16
8265.521609673528 1.2730918e-16
8268.428347448187 1.2251238e-16
8271.335085222847 1.1643119e-16
8274.241822997506 1.1492765e-16
8277.148560772166 1.1806099e-16
8280.055298546826 1.2011147e-16
8282.962036321485 1.209376e-16
8285.868774096145 1.2005702e-16
8288.775511870805 1.168369e-16
8291.682249645464 1.2009199e-16
8294.588987420124 1.2859231e-16
8297.495725194784 1.3234244e-16
8300.402462969443 1.3438817e-16
8303.309200744103 1.3538972e-16
8306.215938518762 1.2477689e-16
8309.122676293422 1.0954308e-16
8312.029414068082 9.8143305e-17
8314.936151842741 9.13958e-17
8317.842889617401 8.1595405e-17
8320.74962739206 7.3956194e-17
8323.65636516672 6.8039305e-17
8326.56310294138 6.184458e-17
8329.46984071604 5.716984e-17
8332.3765784907 5.6280787e-17
8335.283316265359 5.016561e-17
8338.190054040018 4.8075016e-17
8341.096791814678 5.58777e-17
8344.003529589338 6.673279e-17
8346.910267363997 7.0691993e-17
8349.817005138657 7.2881593e-17
8352.723742913317 7.273223e-17
8355.630480687976 6.711076e-17
8358.537218462636 5.7973694e-17
8361.443956237295 5.126316e-17
8364.350694011955 4.4556765e-17
8367.257431786615 3.9882983e-17
8370.164169561274 3.72003e-17
8373.070907335934 3.1971017e-17
8375.977645110594 2.9426133e-17
8378.884382885253 3.141901e-17
8381.791120659913 3.5629018e-17
8384.697858434572 3.9192585e-17
8387.604596209232 3.785703e-17
8390.511333983892 3.5140915e-17
8393.418071758551 3.613938e-17
8396.324809533211 4.2699738e-17
8399.23154730787 4.8300502e-17
8402.13828508253 4.7249668e-17
8405.04502285719 4.488075e-17
8407.95176063185 3.7581538e-17
8410.85849840651 3.327886e-17
8413.765236181169 3.062616e-17
8416.671973955828 3.1228037e-17
8419.578711730488 3.781428e-17
8422.485449505148 4.2487533e-17
8425.392187279807 4.337125e-17
8428.298925054467 4.6515334e-17
8431.205662829127 5.360778e-17
8434.112400603786 5.4759446e-17
8437.019138378446 5.3368446e-17
8439.925876153105 4.919923e-17
8442.832613927765 4.2886952e-17
8445.739351702425 3.8862825e-17
8448.646089477084 4.0836352e-17
8451.552827251744 4.386128e-17
8454.459565026404 4.6503584e-17
8457.366302801063 5.3082393e-17
8460.273040575723 5.871324e-17
8463.179778350383 6.0858245e-17
8466.086516125042 6.024044e-17
8468.993253899702 5.826016e-17
8471.899991674361 5.644686e-17
8474.806729449021 4.852375e-17
8477.71346722368 4.4410477e-17
8480.62020499834 3.919805e-17
8483.526942773 3.5684535e-17
8486.43368054766 3.9515473e-17
8489.34041832232 4.3622756e-17
8492.247156096979 4.411565e-17
8495.153893871639 4.809891e-17
8498.060631646298 5.1072702e-17
8500.967369420958 5.1169072e-17
8503.874107195617 5.5236663e-17
8506.780844970277 5.811775e-17
8509.687582744937 5.6726756e-17
8512.594320519596 5.206087e-17
8515.501058294256 4.2309163e-17
8518.407796068916 4.22077e-17
8521.314533843575 4.9870355e-17
8524.221271618235 5.1160218e-17
8527.128009392894 5.0668773e-17
8530.034747167554 5.045988e-17
8532.941484942214 5.1621265e-17
8535.848222716873 5.338758e-17
8538.754960491533 5.6449684e-17
8541.661698266193 5.709594e-17
8544.568436040852 5.761534e-17
8547.475173815512 5.9503634e-17
8550.381911590172 5.990104e-17
8553.288649364831 6.014187e-17
8556.19538713949 6.0425583e-17
8559.10212491415 6.197907e-17
8562.00886268881 6.416373e-17
8564.91560046347 6.465292e-17
8567.82233823813 6.551328e-17
8570.729076012789 6.523059e-17
8573.635813787449 6.656188e-17
8576.542551562108 7.332694e-17
8579.449289336768 7.763179e-17
8582.356027111427 7.832554e-17
8585.262764886087 7.997136e-17
8588.169502660747 8.067732e-17
8591.076240435406 8.1095735e-17
8593.982978210066 8.242143e-17
8596.889715984726 8.428237e-17
8599.796453759385 8.769041e-17
8602.703191534045 8.778193e-17
8605.609929308705 8.56472e-17
8608.516667083364 8.544921e-17
8611.423404858024 8.572508e-17
8614.330142632683 8.865767e-17
8617.236880407343 9.1866963e-17
8620.143618182003 9.673573e-17
8623.050355956662 9.914203e-17
8625.957093731322 1.0220329e-16
8628.863831505982 1.07566044e-16
8631.770569280641 1.1078039e-16
8634.6773070553 1.142784e-16
8637.58404482996 1.2030926e-16
8640.49078260462 1.2099143e-16
8643.39752037928 1.187874e-16
8646.30425815394 1.2060825e-16
8649.210995928599 1.2274307e-16
8652.117733703259 1.2908044e-16
8655.024471477918 1.361644e-16
8657.931209252578 1.4166458e-16
8660.837947027238 1.5082109e-16
8663.744684801897 1.5508928e-16
8666.651422576557 1.5064979e-16
8669.558160351216 1.4378233e-16
8672.464898125876 1.4474562e-16
8675.371635900536 1.5107799e-16
8678.278373675195 1.557243e-16
8681.185111449855 1.5607661e-16
8684.091849224515 1.5415464e-16
8686.998586999174 1.5456366e-16
8689.905324773834 1.552036e-16
8692.812062548493 1.5689999e-16
8695.718800323153 1.5866284e-16
8698.625538097813 1.5813236e-16
8701.532275872472 1.6184547e-16
8704.439013647132 1.6278108e-16
8707.345751421792 1.6203787e-16
8710.252489196451 1.6334661e-16
8713.159226971111 1.644007e-16
8716.06596474577 1.623384e-16
8718.97270252043 1.6108241e-16
8721.87944029509 1.6349406e-16
8724.78617806975 1.6593116e-16
8727.692915844409 1.6845783e-16
8730.599653619069 1.6853037e-16
8733.506391393728 1.7005261e-16
8736.413129168388 1.7424401e-16
8739.319866943048 1.7658677e-16
8742.226604717707 1.7034232e-16
8745.133342492367 1.6276428e-16
8748.040080267026 1.6016681e-16
8750.946818041686 1.5965977e-16
8753.853555816346 1.6043386e-16
8756.760293591005 1.5793447e-16
8759.667031365665 1.6301027e-16
8762.573769140325 1.7163688e-16
8765.480506914984 1.76287e-16
8768.387244689644 1.7842907e-16
8771.293982464304 1.8166572e-16
8774.200720238963 1.8739574e-16
8777.107458013623 1.846009e-16
8780.014195788282 1.8373493e-16
8782.920933562942 1.9189185e-16
8785.827671337602 1.9741678e-16
8788.734409112261 1.9903085e-16
8791.641146886921 1.998358e-16
8794.54788466158 1.9929926e-16
8797.45462243624 1.9345998e-16
8800.3613602109 1.8465854e-16
8803.26809798556 1.7076651e-16
8806.17483576022 1.5856375e-16
8809.081573534879 1.5319454e-16
8811.988311309538 1.523466e-16
8814.895049084198 1.5024301e-16
8817.801786858858 1.4633488e-16
8820.708524633517 1.4755587e-16
8823.615262408177 1.4901329e-16
8826.522000182837 1.6732939e-16
8829.428737957496 1.7499233e-16
8832.335475732156 1.8545825e-16
8835.242213506815 1.9292904e-16
8838.148951281475 1.9249054e-16
8841.055689056135 1.9034458e-16
8843.962426830794 1.8962738e-16
8846.869164605454 1.8643551e-16
8849.775902380114 1.8067826e-16
8852.682640154773 1.7227043e-16
8855.589377929433 1.6568217e-16
8858.496115704093 1.6052524e-16
8861.402853478752 1.5561078e-16
8864.309591253412 1.5605628e-16
8867.216329028071 1.5833902e-16
8870.123066802731 1.5424781e-16
8873.02980457739 1.4891419e-16
8875.93654235205 1.407439e-16
8878.84328012671 1.4003313e-16
8881.75001790137 1.4540933e-16
8884.65675567603 1.6010233e-16
8887.563493450689 1.7822739e-16
8890.470231225348 1.8087949e-16
8893.376969000008 1.8380763e-16
8896.283706774668 1.8208584e-16
8899.190444549327 1.6875844e-16
8902.097182323987 1.5563701e-16
8905.003920098647 1.5365004e-16
8907.910657873306 1.5027786e-16
8910.817395647966 1.440258e-16
8913.724133422626 1.4105175e-16
8916.630871197285 1.5019147e-16
8919.537608971945 1.6591722e-16
8922.444346746604 1.8369826e-16
8925.351084521264 1.8246621e-16
8928.257822295924 1.7674182e-16
8931.164560070583 1.5616483e-16
8934.071297845243 1.4328515e-16
8936.978035619903 1.3749985e-16
8939.884773394562 1.3629815e-16
8942.791511169222 1.3812373e-16
8945.698248943881 1.4131785e-16
8948.604986718541 1.4289913e-16
8951.5117244932 1.4360337e-16
8954.41846226786 1.4545113e-16
8957.32520004252 1.5118573e-16
8960.23193781718 1.6226667e-16
8963.13867559184 1.6923252e-16
8966.045413366499 1.576993e-16
8968.952151141159 1.4270435e-16
8971.858888915818 1.3658928e-16
8974.765626690478 1.3413513e-16
8977.672364465137 1.3046134e-16
8980.579102239797 1.2411195e-16
8983.485840014457 1.2257084e-16
8986.392577789116 1.2447959e-16
8989.299315563776 1.2472307e-16
8992.206053338436 1.2888823e-16
8995.112791113095 1.3299558e-16
8998.019528887755 1.3616433e-16
9000.926266662414 1.4561727e-16
9003.833004437074 1.5506153e-16
9006.739742211734 1.5219194e-16
9009.646479986393 1.4256723e-16
9012.553217761053 1.3588433e-16
9015.459955535713 1.3298523e-16
9018.366693310372 1.3012069e-16
9021.273431085032 1.2735814e-16
9024.180168859692 1.2576436e-16
9027.086906634351 1.3117385e-16
9029.99364440901 1.3694626e-16
9032.90038218367 1.3681345e-16
9035.80711995833 1.3880899e-16
9038.71385773299 1.477435e-16
9041.62059550765 1.5053268e-16
9044.527333282309 1.4642003e-16
9047.434071056969 1.4336066e-16
9050.340808831628 1.4475246e-16
9053.247546606288 1.504532e-16
9056.154284380948 1.4844677e-16
9059.061022155607 1.4115068e-16
9061.967759930267 1.3259716e-16
9064.874497704926 1.2259803e-16
9067.781235479586 1.1552124e-16
9070.687973254246 1.1307543e-16
9073.594711028905 1.1395875e-16
9076.501448803565 1.1479198e-16
9079.408186578225 1.1158197e-16
9082.314924352884 1.03274095e-16
9085.221662127544 9.810866e-17
9088.128399902203 9.913715e-17
9091.035137676863 9.67538e-17
9093.941875451523 9.706043e-17
9096.848613226182 9.780983e-17
9099.755351000842 9.6314475e-17
9102.662088775502 9.1236546e-17
9105.568826550161 8.978051e-17
9108.47556432482 8.9194925e-17
9111.38230209948 9.052438e-17
9114.28903987414 9.020367e-17
9117.1957776488 8.857121e-17
9120.10251542346 8.725947e-17
9123.009253198119 8.365734e-17
9125.915990972779 7.911355e-17
9128.822728747438 7.633016e-17
9131.729466522098 7.8104174e-17
9134.636204296758 7.969874e-17
9137.542942071417 7.5162395e-17
9140.449679846077 7.250793e-17
9143.356417620736 7.214307e-17
9146.263155395396 6.7722256e-17
9149.169893170056 6.7460225e-17
9152.076630944715 6.9727554e-17
9154.983368719375 6.75744e-17
9157.890106494035 6.8035413e-17
9160.796844268694 7.2273966e-17
9163.703582043354 7.54029e-17
9166.610319818014 7.6281e-17
9169.517057592673 7.692595e-17
9172.423795367333 7.257816e-17
9175.330533141992 7.6907395e-17
9178.237270916652 8.092194e-17
9181.144008691312 8.394497e-17
9184.050746465971 8.370028e-17
9186.957484240631 7.759589e-17
9189.86422201529 7.357442e-17
9192.77095978995 7.117449e-17
9195.67769756461 7.044587e-17
9198.58443533927 7.2118225e-17
9201.49117311393 7.253124e-17
9204.397910888589 7.3792954e-17
9207.304648663248 7.508942e-17
9210.211386437908 7.524689e-17
9213.118124212568 7.748695e-17
9216.024861987227 8.053473e-17
9218.931599761887 8.184233e-17
9221.838337536547 8.539263e-17
9224.745075311206 9.0345805e-17
9227.651813085866 9.076388e-17
9230.558550860525 9.116474e-17
9233.465288635185 9.7209624e-17
9236.372026409845 9.6613e-17
9239.278764184504 9.432454e-17
9242.185501959164 9.4007905e-17
9245.092239733824 9.081517e-17
9247.998977508483 8.795831e-17
9250.905715283143 8.610993e-17
9253.812453057802 8.632278e-17
9256.719190832462 8.731448e-17
9259.625928607122 8.7067556e-17
9262.532666381781 8.657326e-17
9265.439404156441 8.489441e-17
9268.3461419311 8.3442056e-17
9271.25287970576 8.3493235e-17
9274.15961748042 8.896977e-17
9277.06635525508 8.822543e-17
9279.97309302974 8.861079e-17
9282.879830804399 9.332129e-17
9285.786568579058 9.291732e-17
9288.693306353718 9.5440006e-17
9291.600044128378 9.8506875e-17
9294.506781903037 9.438202e-17
9297.413519677697 9.000165e-17
9300.320257452357 8.9729026e-17
9303.226995227016 9.029086e-17
9306.133733001676 9.257831e-17
9309.040470776335 1.005911e-16
9311.947208550995 1.04243365e-16
9314.853946325655 9.846457e-17
9317.760684100314 1.0874507e-16
9320.667421874974 1.1024931e-16
9323.574159649634 1.146302e-16
9326.480897424293 1.10995317e-16
9329.387635198953 1.1320476e-16
9332.294372973613 1.195677e-16
9335.201110748272 1.2015267e-16
9338.107848522932 1.1586512e-16
9341.014586297591 1.0913223e-16
9343.921324072251 1.0950544e-16
9346.82806184691 1.1359298e-16
9349.73479962157 1.0872784e-16
9352.64153739623 1.03569174e-16
9355.54827517089 9.706416e-17
9358.45501294555 9.4427835e-17
9361.361750720209 9.323198e-17
9364.268488494869 9.63975e-17
9367.175226269528 1.0863903e-16
9370.081964044188 1.08632816e-16
9372.988701818847 1.0114285e-16
9375.895439593507 1.167787e-16
9378.802177368167 1.2478266e-16
9381.708915142826 1.2552986e-16
9384.615652917486 1.2530999e-16
9387.522390692146 1.2037954e-16
9390.429128466805 1.1862769e-16
9393.335866241465 1.06013016e-16
9396.242604016124 1.08130644e-16
9399.149341790784 1.01166115e-16
9402.056079565444 9.48864e-17
9404.962817340103 9.7314305e-17
9407.869555114763 9.877162e-17
9410.776292889423 9.7586964e-17
9413.683030664082 9.6745145e-17
9416.589768438742 9.2451754e-17
9419.496506213402 9.846715e-17
9422.403243988061 1.0518402e-16
9425.30998176272 1.0299755e-16
9428.21671953738 9.992339e-17
9431.12345731204 9.552027e-17
9434.0301950867 9.640768e-17
9436.93693286136 9.674242e-17
9439.843670636019 1.0165479e-16
9442.750408410679 1.08409107e-16
9445.657146185338 1.08640724e-16
9448.563883959998 1.05280756e-16
9451.470621734657 1.0156616e-16
9454.377359509317 1.0297327e-16
9457.284097283977 1.03706816e-16
9460.190835058636 1.0735484e-16
9463.097572833296 1.09334265e-16
9466.004310607956 1.06079574e-16
9468.911048382615 9.6144486e-17
9471.817786157275 9.448046e-17
9474.724523931935 1.02076893e-16
9477.631261706594 1.1277782e-16
9480.537999481254 1.1503365e-16
9483.444737255913 1.1415393e-16
9486.351475030573 1.083332e-16
9489.258212805233 1.00078154e-16
9492.164950579892 9.3825773e-17
9495.071688354552 9.1711546e-17
9497.978426129212 9.284792e-17
9500.885163903871 1.0083282e-16
9503.79190167853 9.6816045e-17
9506.69863945319 9.9978674e-17
9509.60537722785 9.8012445e-17
9512.51211500251 9.3628e-17
9515.41885277717 9.931213e-17
9518.325590551829 1.04232e-16
9521.232328326489 9.972458e-17
9524.139066101148 9.5651176e-17
9527.045803875808 9.2566924e-17
9529.952541650468 9.207428e-17
9532.859279425127 8.930897e-17
9535.766017199787 8.747934e-17
9538.672754974446 8.7729426e-17
9541.579492749106 8.915021e-17
9544.486230523766 8.886344e-17
9547.392968298425 8.7475925e-17
9550.299706073085 9.233379e-17
9553.206443847745 9.6757235e-17
9556.113181622404 9.869671e-17
9559.019919397064 1.0485885e-16
9561.926657171723 1.04276764e-16
9564.833394946383 9.9010846e-17
9567.740132721043 9.467792e-17
9570.646870495702 9.848129e-17
9573.553608270362 9.9313515e-17
9576.460346045022 9.334884e-17
9579.367083819681 8.347616e-17
9582.273821594341 8.5060716e-17
9585.180559369 8.931341e-17
9588.08729714366 8.595958e-17
9590.99403491832 8.592296e-17
9593.90077269298 8.6116695e-17
9596.807510467639 8.3280584e-17
9599.714248242299 8.544045e-17
9602.620986016958 9.203459e-17
9605.527723791618 9.582916e-17
9608.434461566278 9.674975e-17
9611.341199340937 9.9442105e-17
9614.247937115597 9.773978e-17
9617.154674890257 9.2014843e-17
9620.061412664916 8.858806e-17
9622.968150439576 8.841112e-17
9625.874888214235 8.6775574e-17
9628.781625988895 9.047425e-17
9631.688363763555 9.086736e-17
9634.595101538214 8.507584e-17
9637.501839312874 9.349413e-17
9640.408577087534 9.914794e-17
9643.315314862193 8.995262e-17
9646.222052636853 8.3672945e-17
9649.128790411512 8.179834e-17
9652.035528186172 8.2722746e-17
9654.942265960832 9.007867e-17
9657.849003735491 9.334952e-17
9660.755741510151 9.0642425e-17
9663.66247928481 8.739514e-17
9666.56921705947 8.525323e-17
9669.47595483413 8.955008e-17
9672.38269260879 8.9576116e-17
9675.28943038345 9.4894974e-17
9678.196168158109 9.557454e-17
9681.102905932768 9.490864e-17
9684.009643707428 9.088281e-17
9686.916381482088 9.303152e-17
9689.823119256747 9.581345e-17
9692.729857031407 1.0201791e-16
9695.636594806067 1.0285191e-16
9698.543332580726 1.01997014e-16
9701.450070355386 9.1551186e-17
9704.356808130045 8.7633585e-17
9707.263545904705 8.586562e-17
9710.170283679365 9.93413e-17
9713.077021454024 9.818226e-17
9715.983759228684 1.05361317e-16
9718.890497003344 1.1120706e-16
9721.797234778003 1.142554e-16
9724.703972552663 1.129512e-16
9727.610710327323 1.0790088e-16
9730.517448101982 1.0075357e-16
9733.424185876642 9.7597e-17
9736.330923651301 9.570409e-17
9739.237661425961 1.0823047e-16
9742.14439920062 1.0997287e-16
9745.05113697528 1.04714614e-16
9747.95787474994 9.08225e-17
9750.8646125246 8.3837435e-17
9753.77135029926 8.444036e-17
9756.678088073919 8.1082944e-17
9759.584825848578 7.688919e-17
9762.491563623238 7.701892e-17
9765.398301397898 7.8544445e-17
9768.305039172557 8.745658e-17
9771.211776947217 9.144375e-17
9774.118514721877 8.9337994e-17
9777.025252496536 8.322934e-17
9779.931990271196 7.6051674e-17
9782.838728045856 7.454464e-17
9785.745465820515 7.572953e-17
9788.652203595175 8.166148e-17
9791.558941369834 8.524777e-17
9794.465679144494 9.748341e-17
9797.372416919154 1.0167757e-16
9800.279154693813 1.037666e-16
9803.185892468473 1.0082178e-16
9806.092630243133 9.773587e-17
9808.999368017792 9.636488e-17
9811.906105792452 9.536461e-17
9814.812843567111 9.2263666e-17
9817.719581341771 8.7450745e-17
9820.62631911643 8.459966e-17
9823.53305689109 7.9242824e-17
9826.43979466575 7.6387205e-17
9829.34653244041 7.290457e-17
9832.25327021507 6.9860406e-17
9835.160007989729 6.915146e-17
9838.066745764389 7.2263114e-17
9840.973483539048 7.3389145e-17
9843.880221313708 7.0290295e-17
9846.786959088367 6.878662e-17
9849.693696863027 7.109145e-17
9852.600434637687 6.894847e-17
9855.507172412346 6.781894e-17
9858.413910187006 7.087283e-17
9861.320647961666 7.472767e-17
9864.227385736325 7.7225516e-17
9867.134123510985 7.349497e-17
9870.040861285644 7.203815e-17
9872.947599060304 7.895433e-17
9875.854336834964 8.2512656e-17
9878.761074609623 7.9152926e-17
9881.667812384283 7.6686664e-17
9884.574550158943 7.3929426e-17
9887.481287933602 7.056299e-17
9890.388025708262 7.002775e-17
9893.294763482922 7.025301e-17
9896.201501257581 7.77249e-17
9899.10823903224 7.747729e-17
9902.0149768069 7.5575886e-17
9904.92171458156 7.3763924e-17
9907.82845235622 7.3304475e-17
9910.73519013088 7.4957294e-17
9913.641927905539 8.2117786e-17
9916.548665680199 8.9886905e-17
9919.455403454858 9.085607e-17
9922.362141229518 9.423993e-17
9925.268879004178 9.241372e-17
9928.175616778837 8.329559e-17
9931.082354553497 8.0603927e-17
9933.989092328156 8.1046554e-17
9936.895830102816 8.6779465e-17
9939.802567877476 8.9766474e-17
9942.709305652135 9.129511e-17
9945.616043426795 9.348375e-17
9948.522781201455 9.5978706e-17
9951.429518976114 9.472559e-17
9954.336256750774 9.3756826e-17
9957.242994525433 8.9041215e-17
9960.149732300093 8.369623e-17
9963.056470074753 8.2311327e-17
9965.963207849412 8.4553264e-17
9968.869945624072 8.437733e-17
9971.776683398732 8.3422085e-17
9974.683421173391 7.198177e-17
9977.59015894805 7.276838e-17
9980.49689672271 7.866805e-17
9983.40363449737 7.837411e-17
9986.31037227203 7.7260377e-17
9989.21711004669 6.992725e-17
9992.123847821349 7.0595875e-17
9995.030585596009 7.113624e-17
9997.937323370668 6.6798123e-17
10000.844061145328 6.867145e-17
10003.750798919988 7.527192e-17
10006.657536694647 7.639187e-17
10009.564274469307 7.155518e-17
10012.471012243966 7.4230844e-17
10015.377750018626 7.7518066e-17
10018.284487793286 8.3401934e-17
10021.191225567945 8.3127714e-17
10024.097963342605 8.3701936e-17
10027.004701117265 8.311872e-17
10029.911438891924 7.7569835e-17
10032.818176666584 6.884382e-17
10035.724914441244 6.9031385e-17
10038.631652215903 7.210972e-17
10041.538389990563 6.864812e-17
10044.445127765222 7.050496e-17
10047.351865539882 7.622745e-17
10050.258603314542 7.5214534e-17
10053.165341089201 6.706272e-17
10056.072078863861 6.64873e-17
10058.97881663852 6.925451e-17
10061.88555441318 7.138188e-17
10064.79229218784 7.608545e-17
10067.6990299625 7.5599543e-17
10070.60576773716 7.705067e-17
10073.512505511819 7.5799595e-17
10076.419243286478 6.793984e-17
10079.325981061138 6.748053e-17
10082.232718835798 7.334311e-17
10085.139456610457 7.250838e-17
10088.046194385117 6.877112e-17
10090.952932159777 6.8367503e-17
10093.859669934436 7.3227136e-17
10096.766407709096 7.313609e-17
10099.673145483755 6.7106185e-17
10102.579883258415 7.7077424e-17
10105.486621033075 7.915585e-17
10108.393358807734 8.244982e-17
10111.300096582394 8.044694e-17
10114.206834357054 6.588575e-17
10117.113572131713 6.8954484e-17
10120.020309906373 6.987214e-17
10122.927047681032 7.2913754e-17
10125.833785455692 7.5532495e-17
10128.740523230352 7.2608836e-17
10131.647261005011 7.5871176e-17
10134.553998779671 6.750231e-17
10137.46073655433 5.9445685e-17
10140.36747432899 5.820249e-17
10143.27421210365 6.2594544e-17
10146.18094987831 6.89392e-17
10149.08768765297 6.906378e-17
10151.994425427629 6.840195e-17
10154.901163202288 6.565521e-17
10157.807900976948 6.115249e-17
10160.714638751608 6.3298944e-17
10163.621376526267 7.0294933e-17
10166.528114300927 7.706454e-17
10169.434852075587 7.461376e-17
10172.341589850246 7.153306e-17
10175.248327624906 7.198192e-17
10178.155065399566 6.610175e-17
10181.061803174225 6.119366e-17
10183.968540948885 6.638083e-17
10186.875278723544 7.221146e-17
10189.782016498204 7.353348e-17
10192.688754272864 7.402923e-17
10195.595492047523 7.264785e-17
10198.502229822183 7.32075e-17
10201.408967596843 6.9964114e-17
10204.315705371502 6.746955e-17
10207.222443146162 7.100669e-17
10210.129180920821 6.999337e-17
10213.035918695481 6.708362e-17
10215.94265647014 6.221843e-17
10218.8493942448 6.0443226e-17
10221.75613201946 6.392293e-17
10224.66286979412 6.649164e-17
10227.56960756878 7.134331e-17
10230.476345343439 6.5456615e-17
10233.383083118099 7.037781e-17
10236.289820892758 7.583351e-17
10239.196558667418 7.431913e-17
10242.103296442077 7.0082295e-17
10245.010034216737 7.169778e-17
10247.916771991397 7.4661355e-17
10250.823509766056 7.0654274e-17
10253.730247540716 6.779567e-17
10256.636985315376 6.932072e-17
10259.543723090035 7.092507e-17
10262.450460864695 7.241328e-17
10265.357198639354 7.177048e-17
10268.263936414014 7.169612e-17
10271.170674188674 7.412682e-17
10274.077411963333 7.804014e-17
10276.984149737993 8.0810755e-17
10279.890887512653 7.956385e-17
10282.797625287312 8.052759e-17
10285.704363061972 9.019575e-17
10288.611100836632 9.368623e-17
10291.517838611291 8.908481e-17
10294.42457638595 8.100687e-17
10297.33131416061 7.74577e-17
10300.23805193527 8.221095e-17
10303.14478970993 8.396789e-17
10306.05152748459 8.377872e-17
10308.958265259249 8.708797e-17
10311.865003033909 8.655698e-17
10314.771740808568 7.751259e-17
10317.678478583228 7.0575275e-17
10320.585216357887 6.851616e-17
10323.491954132547 7.758642e-17
10326.398691907207 8.923858e-17
10329.305429681866 9.309353e-17
10332.212167456526 8.586186e-17
10335.118905231186 7.595953e-17
10338.025643005845 7.234236e-17
10340.932380780505 7.468686e-17
10343.839118555165 7.9148836e-17
10346.745856329824 7.971709e-17
10349.652594104484 7.4387605e-17
10352.559331879143 7.014766e-17
10355.466069653803 7.085198e-17
10358.372807428463 7.242716e-17
10361.279545203122 6.963859e-17
10364.186282977782 6.947095e-17
10367.093020752442 7.690419e-17
10369.999758527101 8.565315e-17
10372.90649630176 8.892445e-17
10375.81323407642 8.0312163e-17
10378.71997185108 7.302725e-17
10381.62670962574 8.0542695e-17
10384.5334474004 8.6767064e-17
10387.440185175059 8.039996e-17
10390.346922949719 7.533398e-17
10393.253660724378 7.8417245e-17
10396.160398499038 8.0177505e-17
10399.067136273698 7.512803e-17
10401.973874048357 6.776845e-17
10404.880611823017 6.638635e-17
10407.787349597676 7.225195e-17
10410.694087372336 7.3972803e-17
10413.600825146996 7.447779e-17
10416.507562921655 7.435393e-17
10419.414300696315 7.633711e-17
10422.321038470975 8.374409e-17
10425.227776245634 8.299879e-17
10428.134514020294 7.903636e-17
10431.041251794953 7.2753824e-17
10433.947989569613 7.011055e-17
10436.854727344273 6.935109e-17
10439.761465118932 7.04652e-17
10442.668202893592 7.5433346e-17
10445.574940668252 7.780277e-17
10448.481678442911 8.1725564e-17
10451.388416217571 8.509441e-17
