3198.00107850366 8.803789e-17
3202.666833775572 -3.9240634e-19
3207.3325890474835 4.7057756e-17
3211.998344319395 -2.850875e-17
3216.6640995913067 -4.9364088e-17
3221.3298548632183 -5.557834e-17
3225.99561013513 3.1337046e-17
3230.6613654070416 2.4153226e-17
3235.327120678953 -6.477708e-17
3239.992875950865 7.996513e-18
3244.6586312227764 8.791199e-17
3249.324386494688 8.579382e-17
3253.9901417665997 5.4001566e-17
3258.6558970385113 -3.5894808e-18
3263.321652310423 4.9665112e-17
3267.9874075823345 3.889267e-17
3272.653162854246 -4.4174998e-17
3277.3189181261578 -5.2773544e-17
3281.9846733980694 3.4747297e-17
3286.650428669981 7.88188e-17
3291.3161839418926 5.113497e-17
3295.9819392138043 3.1457722e-17
3300.647694485716 1.677339e-17
3305.3134497576275 -1.7109084e-18
3309.979205029539 2.920417e-17
3314.6449603014507 3.45929e-17
3319.3107155733624 4.111074e-17
3323.976470845274 2.775619e-17
3328.6422261171856 1.0375943e-17
3333.307981389097 4.7539865e-18
3337.973736661009 -4.332488e-18
3342.6394919329205 1.3905627e-17
3347.305247204832 -8.63582e-19
3351.9710024767437 4.485319e-18
3356.6367577486553 -9.096817e-19
3361.302513020567 5.3108893e-19
3365.9682682924786 1.499157e-17
3370.63402356439 -7.576647e-18
3375.299778836302 -2.90523e-19
3379.9655341082134 3.3138303e-18
3384.631289380125 1.3392415e-17
3389.2970446520367 8.125236e-18
3393.9627999239483 1.2544702e-17
3398.62855519586 -2.9179435e-18
3403.2943104677715 -1.0118356e-17
3407.960065739683 3.2474267e-18
3412.625821011595 -5.398256e-18
3417.2915762835064 9.165022e-18
3421.957331555418 9.156941e-19
3426.6230868273296 -6.594213e-18
3431.2888420992413 6.0743727e-18
3435.954597371153 1.7245487e-17
3440.6203526430645 1.3001523e-17
3445.286107914976 8.881445e-19
3449.9518631868877 -3.8373134e-19
3454.6176184587994 1.37209295e-17
3459.283373730711 1.6339242e-17
3463.9491290026226 2.395386e-17
3468.6148842745342 1.75457e-17
3473.280639546446 7.254824e-18
3477.9463948183575 1.06227775e-17
3482.612150090269 1.7524865e-17
3487.2779053621807 1.27550316e-17
3491.9436606340923 4.6990617e-18
3496.609415906004 1.0915294e-17
3501.2751711779156 3.1209005e-17
3505.940926449827 2.6451042e-17
3510.606681721739 1.5633012e-17
3515.2724369936504 1.8283077e-17
3519.938192265562 1.1124642e-17
3524.6039475374737 1.5204845e-17
3529.2697028093853 2.6290796e-17
3533.935458081297 2.004511e-17
3538.6012133532085 9.363011e-18
3543.26696862512 4.419138e-18
3547.932723897032 9.363813e-18
3552.5984791689434 2.3377259e-17
3557.264234440855 2.0052828e-17
3561.9299897127667 1.8695332e-17
3566.5957449846783 8.377688e-18
3571.26150025659 2.7235983e-18
3575.9272555285015 6.8507107e-18
3580.593010800413 2.2133307e-17
3585.2587660723248 2.4914508e-17
3589.9245213442364 2.9803135e-17
3594.590276616148 1.5338981e-17
3599.2560318880596 6.962684e-18
3603.9217871599712 4.1392796e-18
3608.587542431883 5.357534e-18
3613.2532977037945 1.33152e-17
3617.919052975706 8.2024545e-18
3622.5848082476177 2.3096211e-17
3627.2505635195294 1.9584608e-17
3631.916318791441 2.1871549e-17
3636.5820740633526 2.155491e-17
3641.247829335264 4.199513e-18
3645.913584607176 1.2734311e-17
3650.5793398790875 1.8677735e-17
3655.245095150999 1.1648035e-17
3659.9108504229107 2.929178e-18
3664.5766056948223 1.4971711e-18
3669.242360966734 4.012959e-18
3673.9081162386456 1.4075428e-17
3678.573871510557 1.2535569e-17
3683.239626782469 1.6503755e-17
3687.9053820543804 1.4293458e-17
3692.571137326292 7.4923265e-18
3697.2368925982037 4.501795e-18
3701.9026478701153 3.9250584e-18
3706.568403142027 8.392714e-18
3711.2341584139385 1.4202244e-17
3715.89991368585 1.886141e-17
3720.5656689577618 1.2786525e-17
3725.2314242296734 1.1317658e-17
3729.897179501585 1.6407071e-17
3734.5629347734966 6.302078e-18
3739.2286900454083 2.9027482e-19
3743.89444531732 1.88658e-18
3748.5602005892315 1.0379971e-17
3753.225955861143 6.763404e-18
3757.8917111330547 1.0017729e-17
3762.5574664049664 1.4806379e-17
3767.223221676878 1.7177791e-18
3771.8889769487896 -1.1371296e-18
3776.554732220701 3.106067e-18
3781.220487492613 -1.1372224e-18
3785.8862427645245 5.139701e-18
3790.551998036436 1.3578938e-17
3795.2177533083477 4.3120417e-18
3799.8835085802593 -4.2179198e-19
3804.549263852171 -1.8497039e-18
3809.2150191240826 3.7161838e-18
3813.880774395994 1.9907392e-17
3818.546529667906 7.99658e-18
3823.2122849398174 5.3878082e-18
3827.878040211729 5.5768744e-18
3832.5437954836407 1.0029172e-17
3837.2095507555523 2.2887858e-18
3841.875306027464 3.0013572e-18
3846.5410612993755 2.2846992e-17
3851.206816571287 2.2282069e-17
3855.872571843199 1.4552622e-17
3860.5383271151104 1.945195e-17
3865.204082387022 1.8632301e-17
3869.8698376589336 1.0867199e-17
3874.5355929308453 1.5512075e-17
3879.201348202757 2.0743594e-17
3883.8671034746685 2.502134e-17
3888.53285874658 1.8084982e-17
3893.1986140184918 1.3694851e-17
3897.8643692904034 9.977449e-18
3902.530124562315 1.464299e-17
3907.1958798342266 9.94209e-18
3911.8616351061382 1.6597334e-17
3916.52739037805 2.499033e-17
3921.1931456499615 1.6355864e-17
3925.858900921873 1.9981056e-17
3930.5246561937847 3.3278303e-17
3935.1904114656963 2.3347452e-17
3939.856166737608 1.9758068e-17
3944.5219220095196 3.141322e-17
3949.187677281431 3.818097e-17
3953.853432553343 3.4055985e-17
3958.5191878252544 2.6524853e-17
3963.184943097166 2.1027194e-17
3967.8506983690777 3.2317086e-17
3972.5164536409893 3.6485825e-17
3977.182208912901 2.6336954e-17
3981.8479641848126 4.230508e-17
3986.513719456724 3.530034e-17
3991.179474728636 4.6192078e-17
3995.8452300005474 4.3588107e-17
4000.510985272459 4.1886765e-17
4005.1767405443707 3.334548e-17
4009.8424958162823 2.6487946e-17
4014.508251088194 3.237963e-17
4019.1740063601055 2.2976689e-17
4023.839761632017 2.2112344e-17
4028.5055169039288 3.5071485e-17
4033.1712721758404 2.5503087e-17
4037.837027447752 2.6919188e-17
4042.5027827196636 2.7705783e-17
4047.1685379915752 2.1610477e-17
4051.834293263487 1.5366432e-17
4056.5000485353985 1.5871918e-17
4061.16580380731 2.056694e-17
4065.8315590792217 2.489953e-17
4070.4973143511334 2.3674635e-17
4075.163069623045 1.8496796e-17
4079.8288248949566 1.7389474e-17
4084.494580166868 1.498375e-17
4089.16033543878 2.029138e-17
4093.8260907106915 2.8614447e-17
4098.491845982603 2.2814053e-17
4103.157601254515 2.0078e-17
4107.823356526426 2.829896e-17
4112.489111798338 2.3375782e-17
4117.15486707025 1.6090392e-17
4121.820622342161 9.2194e-18
4126.486377614073 1.59801e-17
4131.152132885984 1.1113618e-17
4135.817888157896 4.9609553e-18
4140.483643429808 1.25352125e-17
4145.149398701719 1.0884199e-17
4149.815153973631 3.1659908e-18
4154.4809092455425 6.8151154e-18
4159.146664517454 1.2780753e-17
4163.812419789366 4.7278844e-18
4168.478175061277 1.3081642e-17
4173.143930333189 1.9056221e-17
4177.809685605101 7.105335e-18
4182.475440877012 5.7092283e-18
4187.141196148924 1.2742849e-17
4191.8069514208355 1.6613047e-17
4196.472706692747 2.085704e-17
4201.138461964659 2.2371985e-17
4205.80421723657 2.4919866e-17
4210.469972508482 1.5564953e-17
4215.135727780394 8.765934e-18
4219.801483052305 1.4112648e-17
4224.467238324217 2.1787398e-17
4229.1329935961285 1.9400641e-17
4233.79874886804 1.3878041e-17
4238.464504139952 1.2122381e-17
4243.130259411863 1.0355492e-17
4247.796014683775 1.9074884e-17
4252.461769955687 1.9506674e-17
4257.127525227598 1.9289888e-17
4261.79328049951 1.039192e-17
4266.459035771421 2.4572273e-18
4271.124791043333 4.0147277e-18
4275.790546315245 9.229373e-18
4280.456301587156 1.6622239e-17
4285.122056859068 1.225501e-17
4289.78781213098 6.0373448e-18
4294.453567402891 5.293317e-18
4299.119322674803 3.7323866e-18
4303.785077946714 1.2709522e-17
4308.450833218626 1.692395e-17
4313.116588490538 9.221278e-18
4317.782343762449 1.3227878e-17
4322.448099034361 1.6082836e-17
4327.1138543062725 1.4267168e-17
4331.779609578184 1.32966066e-17
4336.445364850096 9.2697706e-18
4341.111120122007 1.5620661e-18
4345.776875393919 6.9799915e-18
4350.442630665831 4.2438067e-18
4355.108385937742 2.7893138e-18
4359.774141209654 2.6444383e-18
4364.4398964815655 2.1445474e-18
4369.105651753477 1.6223503e-17
4373.771407025389 1.8211222e-17
4378.4371622973 1.0745086e-17
4383.102917569212 5.5894418e-18
4387.768672841124 1.2310854e-17
4392.434428113035 2.4245453e-17
4397.100183384947 1.6182485e-17
4401.765938656858 1.5978054e-17
4406.43169392877 9.273196e-18
4411.097449200682 7.994518e-18
4415.763204472593 6.57738e-18
4420.428959744505 1.9047189e-17
4425.094715016417 2.0380162e-17
4429.760470288328 1.3747302e-17
4434.42622556024 2.7107056e-18
4439.091980832151 9.313121e-18
4443.757736104063 2.0545798e-17
4448.423491375975 2.330022e-17
4453.089246647886 9.162274e-18
4457.755001919798 1.33389806e-17
4462.4207571917095 2.401534e-17
4467.086512463621 1.9192451e-17
4471.752267735533 2.0111274e-17
4476.418023007444 1.8754611e-17
4481.083778279356 2.2478722e-17
4485.749533551268 2.2474525e-17
4490.415288823179 2.1697234e-17
4495.081044095091 2.6138972e-17
4499.7467993670025 2.7291775e-17
4504.412554638914 2.4103534e-17
4509.078309910826 1.9081177e-17
4513.744065182737 1.7801833e-17
4518.409820454649 3.1063643e-17
4523.075575726561 3.5846143e-17
4527.741330998472 3.35352e-17
4532.407086270384 2.1812983e-17
4537.0728415422955 2.6919981e-17
4541.738596814207 3.235532e-17
4546.404352086119 2.238649e-17
4551.07010735803 3.2635217e-17
4555.735862629942 4.111513e-17
4560.401617901854 3.7829335e-17
4565.067373173765 3.1782155e-17
4569.733128445677 3.6250145e-17
4574.398883717588 3.8069072e-17
4579.0646389895 4.3423005e-17
4583.730394261412 4.4675198e-17
4588.396149533323 3.5118816e-17
4593.061904805235 3.586495e-17
4597.7276600771465 4.3534562e-17
4602.393415349058 5.071411e-17
4607.05917062097 4.0037805e-17
4611.724925892881 3.6912124e-17
4616.390681164793 4.419827e-17
4621.056436436705 4.4999333e-17
4625.722191708616 4.6757658e-17
4630.387946980528 4.3896e-17
4635.0537022524395 4.4038202e-17
4639.719457524351 4.2971517e-17
4644.385212796263 4.5707463e-17
4649.050968068174 3.9867283e-17
4653.716723340086 3.7304403e-17
4658.382478611998 2.8293736e-17
4663.048233883909 2.903717e-17
4667.713989155821 3.740981e-17
4672.3797444277325 3.482167e-17
4677.045499699644 2.5728674e-17
4681.711254971556 2.8596954e-17
4686.377010243467 3.3653893e-17
4691.042765515379 3.4882296e-17
4695.708520787291 3.575006e-17
4700.374276059202 3.2622905e-17
4705.040031331114 2.3134367e-17
4709.705786603025 2.384688e-17
4714.371541874937 2.837691e-17
4719.037297146849 1.7209547e-17
4723.70305241876 2.3157762e-17
4728.368807690672 2.1516273e-17
4733.034562962584 1.9416004e-17
4737.700318234495 2.5979075e-17
4742.366073506407 2.9169006e-17
4747.031828778318 2.5132735e-17
4751.69758405023 1.9089395e-17
4756.363339322142 2.6219935e-17
4761.029094594053 2.5144772e-17
4765.694849865965 2.4124201e-17
4770.3606051378765 2.2353241e-17
4775.026360409788 2.3992314e-17
4779.6921156817 2.47195e-17
4784.357870953611 2.837421e-17
4789.023626225523 2.7189418e-17
4793.689381497435 2.86395e-17
4798.355136769346 2.6892123e-17
4803.020892041258 2.8847514e-17
4807.6866473131695 2.9638897e-17
4812.352402585081 2.8231975e-17
4817.018157856993 3.0954568e-17
4821.683913128904 2.8162337e-17
4826.349668400816 3.4382483e-17
4831.015423672728 3.4556476e-17
4835.681178944639 2.8765285e-17
4840.346934216551 2.813599e-17
4845.0126894884625 2.6002143e-17
4849.678444760374 3.528355e-17
4854.344200032286 4.2965634e-17
4859.009955304197 4.2038665e-17
4863.675710576109 3.5932183e-17
4868.341465848021 3.6732973e-17
4873.007221119932 4.212202e-17
4877.672976391844 3.4181568e-17
4882.338731663755 3.1261955e-17
4887.004486935667 3.762135e-17
4891.670242207579 3.7250434e-17
4896.33599747949 3.5651547e-17
4901.001752751402 4.1378536e-17
4905.6675080233135 3.7345468e-17
4910.333263295225 3.438308e-17
4914.999018567137 4.141095e-17
4919.664773839048 3.7418514e-17
4924.33052911096 3.325866e-17
4928.996284382872 3.8401635e-17
4933.662039654783 3.8380003e-17
4938.327794926695 3.5095354e-17
4942.9935501986065 4.24156e-17
4947.659305470518 4.7810007e-17
4952.32506074243 4.3246862e-17
4956.990816014341 4.850424e-17
4961.656571286253 4.896137e-17
4966.322326558165 4.1459652e-17
4970.988081830076 4.1655618e-17
4975.653837101988 4.4960744e-17
4980.3195923738995 3.93845e-17
4984.985347645811 3.6343375e-17
4989.651102917723 3.0945776e-17
4994.316858189634 2.7313156e-17
4998.982613461546 3.181976e-17
5003.648368733458 3.496273e-17
5008.314124005369 3.0690618e-17
5012.979879277281 3.0360582e-17
5017.645634549192 2.7543177e-17
5022.311389821104 2.7952938e-17
5026.977145093016 2.7980278e-17
5031.642900364927 2.8099752e-17
5036.308655636839 2.2097991e-17
5040.9744109087505 1.622536e-17
5045.640166180662 1.4880602e-17
5050.305921452574 2.4573445e-17
5054.971676724485 1.6158345e-17
5059.637431996397 1.4050364e-17
5064.303187268309 2.1418988e-17
5068.96894254022 2.0735856e-17
5073.634697812132 2.401728e-17
5078.3004530840435 1.8553871e-17
5082.966208355955 2.5219086e-17
5087.631963627867 2.6454516e-17
5092.297718899778 1.9025427e-17
5096.96347417169 2.1005727e-17
5101.629229443602 2.412888e-17
5106.294984715513 2.6334633e-17
5110.960739987425 2.4535583e-17
5115.6264952593365 2.3295214e-17
5120.292250531248 2.0958727e-17
5124.95800580316 2.36125e-17
5129.623761075071 3.4236585e-17
5134.289516346983 3.8271837e-17
5138.955271618895 3.5358745e-17
5143.621026890806 2.944114e-17
5148.286782162718 2.74219e-17
5152.952537434629 2.943709e-17
5157.618292706541 3.246032e-17
5162.284047978453 3.5582282e-17
5166.949803250364 2.9635708e-17
5171.615558522276 2.6439811e-17
5176.281313794188 2.5167205e-17
5180.947069066099 3.094816e-17
5185.612824338011 3.7752785e-17
5190.278579609922 3.6891448e-17
5194.944334881834 2.903059e-17
5199.610090153746 2.7904657e-17
5204.275845425657 2.6809484e-17
5208.941600697569 3.0324236e-17
5213.6073559694805 3.5985596e-17
5218.273111241392 4.6298487e-17
5222.938866513304 4.0604496e-17
5227.604621785215 3.053809e-17
5232.270377057127 3.0894723e-17
5236.936132329039 4.2246136e-17
5241.60188760095 3.935862e-17
5246.267642872862 2.9576035e-17
5250.9333981447735 3.082969e-17
5255.599153416685 3.855432e-17
5260.264908688597 4.143626e-17
5264.930663960508 4.2939783e-17
5269.59641923242 4.0131935e-17
5274.262174504332 3.6013846e-17
5278.927929776243 3.547354e-17
5283.593685048155 4.172367e-17
5288.2594403200665 4.204275e-17
5292.925195591978 4.5321428e-17
5297.59095086389 4.8842153e-17
5302.256706135801 5.1550733e-17
5306.922461407713 5.1890684e-17
5311.588216679625 4.6324718e-17
5316.253971951536 4.3688073e-17
5320.919727223448 4.6461984e-17
5325.585482495359 4.9653846e-17
5330.251237767271 5.1226733e-17
5334.916993039183 5.4318066e-17
5339.582748311094 4.5854218e-17
5344.248503583006 3.74091e-17
5348.9142588549175 4.4427943e-17
5353.580014126829 4.335701e-17
5358.245769398741 4.944514e-17
5362.911524670652 5.3286962e-17
5367.577279942564 5.5546085e-17
5372.243035214476 4.322712e-17
5376.908790486387 4.530386e-17
5381.574545758299 3.9492038e-17
5386.2403010302105 4.311142e-17
5390.906056302122 5.2294577e-17
5395.571811574034 4.9354016e-17
5400.237566845945 3.7792357e-17
5404.903322117857 3.7793492e-17
5409.569077389769 4.621985e-17
5414.23483266168 4.0665767e-17
5418.900587933592 4.1689145e-17
5423.5663432055035 5.0327396e-17
5428.232098477415 5.2516566e-17
5432.897853749327 5.725433e-17
5437.563609021238 5.3919692e-17
5442.22936429315 5.7142073e-17
5446.895119565062 6.673006e-17
5451.560874836973 6.2324803e-17
5456.226630108885 5.8919056e-17
5460.892385380796 5.973666e-17
5465.558140652708 6.443939e-17
5470.22389592462 7.674275e-17
5474.889651196531 7.928879e-17
5479.555406468443 8.1726933e-17
5484.221161740355 8.6556014e-17
5488.886917012266 8.692314e-17
5493.552672284178 8.268521e-17
5498.218427556089 8.0539115e-17
5502.884182828001 7.98689e-17
5507.549938099913 8.352059e-17
5512.215693371824 8.474384e-17
5516.881448643736 8.347587e-17
5521.5472039156475 8.7193446e-17
5526.212959187559 8.586699e-17
5530.878714459471 8.1239704e-17
5535.544469731382 8.45608e-17
5540.210225003294 9.0967256e-17
5544.875980275206 8.896404e-17
5549.541735547117 9.3477365e-17
5554.207490819029 9.615133e-17
5558.8732460909405 9.1814785e-17
5563.539001362852 9.123912e-17
5568.204756634764 9.4610185e-17
5572.870511906675 9.0324285e-17
5577.536267178587 8.558245e-17
5582.202022450499 8.5510616e-17
5586.86777772241 9.209256e-17
5591.533532994322 9.130876e-17
5596.199288266233 8.284658e-17
5600.865043538145 8.5747144e-17
5605.530798810057 8.618194e-17
5610.196554081968 8.333638e-17
5614.86230935388 8.1510126e-17
5619.528064625792 7.985354e-17
5624.193819897703 8.648534e-17
5628.859575169615 9.007353e-17
5633.525330441526 8.578988e-17
5638.191085713438 8.675534e-17
5642.85684098535 7.9487775e-17
5647.522596257261 7.971073e-17
5652.188351529173 8.628196e-17
5656.8541068010845 8.2780735e-17
5661.519862072996 6.91158e-17
5666.185617344908 7.0478104e-17
5670.851372616819 7.34979e-17
5675.517127888731 7.0800056e-17
5680.182883160643 6.7975466e-17
5684.848638432554 6.154052e-17
5689.514393704466 4.523948e-17
5694.1801489763775 4.8647322e-17
5698.845904248289 5.0044596e-17
5703.511659520201 3.768878e-17
5708.177414792112 3.8616553e-17
5712.843170064024 3.100389e-17
5717.508925335936 3.8862202e-17
5722.174680607847 3.8335603e-17
5726.840435879759 3.3406645e-17
5731.5061911516705 3.7289223e-17
5736.171946423582 3.4552208e-17
5740.837701695494 3.920201e-17
5745.503456967405 3.7613166e-17
5750.169212239317 3.5228805e-17
5754.834967511229 4.746005e-17
5759.50072278314 4.3949823e-17
5764.166478055052 4.3664727e-17
5768.832233326963 4.794578e-17
5773.497988598875 4.889518e-17
5778.163743870787 5.509634e-17
5782.829499142698 5.1538742e-17
5787.49525441461 4.5856355e-17
5792.1610096865215 4.648915e-17
5796.826764958433 4.9836077e-17
5801.492520230345 4.9613707e-17
5806.158275502256 6.0516646e-17
5810.824030774168 6.028996e-17
5815.48978604608 4.8318647e-17
5820.155541317991 4.8319997e-17
5824.821296589903 5.4059284e-17
5829.4870518618145 6.129184e-17
5834.152807133726 5.8561006e-17
5838.818562405638 5.8436644e-17
5843.484317677549 5.660851e-17
5848.150072949461 5.5990665e-17
5852.815828221373 5.4539578e-17
5857.481583493284 6.083556e-17
5862.147338765196 5.743916e-17
5866.8130940371075 5.3104334e-17
5871.478849309019 5.567871e-17
5876.144604580931 6.265212e-17
5880.810359852842 6.610819e-17
5885.476115124754 6.7003535e-17
5890.141870396666 6.6223325e-17
5894.807625668577 6.226501e-17
5899.473380940489 6.2906186e-17
5904.1391362124 5.82621e-17
5908.804891484312 6.5673045e-17
5913.470646756224 6.5433805e-17
5918.136402028135 5.48356e-17
5922.802157300047 5.1972258e-17
5927.467912571959 4.7841096e-17
5932.13366784387 4.612849e-17
5936.799423115782 5.244905e-17
5941.465178387693 5.19062e-17
5946.130933659605 5.5044112e-17
5950.796688931517 5.8219413e-17
5955.462444203428 5.858232e-17
5960.12819947534 5.5651865e-17
5964.7939547472515 5.9347363e-17
5969.459710019163 6.403252e-17
5974.125465291075 5.8005994e-17
5978.791220562986 6.021962e-17
5983.456975834898 6.496045e-17
5988.12273110681 5.6687614e-17
5992.788486378721 6.449753e-17
5997.454241650633 6.74442e-17
6002.1199969225445 5.710438e-17
6006.785752194456 6.1696034e-17
6011.451507466368 6.129699e-17
6016.117262738279 5.705493e-17
6020.783018010191 5.673371e-17
6025.448773282103 5.145444e-17
6030.114528554014 5.6453965e-17
6034.780283825926 5.817788e-17
6039.4460390978375 4.8156093e-17
6044.111794369749 4.9818507e-17
6048.777549641661 5.5745376e-17
6053.443304913572 4.9632802e-17
6058.109060185484 4.4459082e-17
6062.774815457396 4.607123e-17
6067.440570729307 4.7341806e-17
6072.106326001219 4.88519e-17
6076.77208127313 5.239915e-17
6081.437836545042 5.23209e-17
6086.103591816954 4.9738152e-17
6090.769347088865 5.3387123e-17
6095.435102360777 5.7552157e-17
6100.1008576326885 5.73626e-17
6104.7666129046 5.3618188e-17
6109.432368176512 5.1253355e-17
6114.098123448423 5.4629926e-17
6118.763878720335 5.394232e-17
6123.429633992247 5.5188064e-17
6128.095389264158 4.738396e-17
6132.76114453607 4.5358022e-17
6137.4268998079815 5.033243e-17
6142.092655079893 5.2720287e-17
6146.758410351805 4.785941e-17
6151.424165623716 4.7915817e-17
6156.089920895628 4.7746612e-17
6160.75567616754 4.1485798e-17
6165.421431439451 4.667757e-17
6170.087186711363 5.1016765e-17
6174.7529419832745 4.6406106e-17
6179.418697255186 3.7685842e-17
6184.084452527098 4.091946e-17
6188.750207799009 4.454737e-17
6193.415963070921 3.869977e-17
6198.081718342833 4.1761672e-17
6202.747473614744 4.5566617e-17
6207.413228886656 3.4457823e-17
6212.078984158567 2.9642285e-17
6216.744739430479 3.3426438e-17
6221.410494702391 2.4812687e-17
6226.076249974302 2.5684557e-17
6230.742005246214 2.3222998e-17
6235.4077605181255 3.1413252e-17
6240.073515790037 2.4506579e-17
6244.739271061949 2.6818752e-17
6249.40502633386 3.2630303e-17
6254.070781605772 3.6696005e-17
6258.736536877684 3.669696e-17
6263.402292149595 2.8007925e-17
6268.068047421507 3.047245e-17
6272.7338026934185 3.5689326e-17
6277.39955796533 3.5941742e-17
6282.065313237242 3.032908e-17
6286.731068509153 3.0700838e-17
6291.396823781065 3.4547685e-17
6296.062579052977 4.0617437e-17
6300.728334324888 4.5112048e-17
6305.3940895968 4.261567e-17
6310.0598448687115 4.2536026e-17
6314.725600140623 4.1963362e-17
6319.391355412535 3.8451845e-17
6324.057110684446 3.7000546e-17
6328.722865956358 4.2642577e-17
6333.38862122827 4.7471048e-17
6338.054376500181 4.428276e-17
6342.720131772093 4.427251e-17
6347.385887044004 4.8845263e-17
6352.051642315916 4.7300106e-17
6356.717397587828 4.4448775e-17
6361.383152859739 4.6558198e-17
6366.048908131651 4.8257042e-17
6370.714663403563 4.1976518e-17
6375.380418675474 4.3168035e-17
6380.046173947386 5.1657188e-17
6384.711929219297 5.6730634e-17
6389.377684491209 5.1885202e-17
6394.043439763121 4.9050844e-17
6398.709195035032 5.2965824e-17
6403.374950306944 5.3093987e-17
6408.0407055788555 5.5002253e-17
6412.706460850767 5.3375394e-17
6417.372216122679 5.2936747e-17
6422.03797139459 5.506671e-17
6426.703726666502 6.1337275e-17
6431.369481938414 5.909416e-17
6436.035237210325 5.962396e-17
6440.700992482237 6.307734e-17
6445.3667477541485 5.4940115e-17
6450.03250302606 5.732933e-17
6454.698258297972 6.504678e-17
6459.364013569883 6.296892e-17
6464.029768841795 6.341212e-17
6468.695524113707 7.731323e-17
6473.361279385618 6.947722e-17
6478.02703465753 6.2171014e-17
6482.6927899294415 8.4135154e-17
6487.358545201353 7.965434e-17
6492.024300473265 7.272257e-17
6496.690055745176 7.142306e-17
6501.355811017088 7.250424e-17
6506.021566289 8.457286e-17
6510.687321560911 8.1958855e-17
6515.353076832823 7.685571e-17
6520.018832104734 8.003028e-17
6524.684587376646 8.0637226e-17
6529.350342648558 8.82594e-17
6534.016097920469 9.043815e-17
6538.681853192381 9.02955e-17
6543.3476084642925 8.5216564e-17
6548.013363736204 8.01957e-17
6552.679119008116 8.2601085e-17
6557.344874280027 8.223244e-17
6562.010629551939 8.979772e-17
6566.676384823851 9.117832e-17
6571.342140095762 9.007095e-17
6576.007895367674 8.542525e-17
6580.6736506395855 8.7478856e-17
6585.339405911497 8.7027255e-17
6590.005161183409 8.371907e-17
6594.67091645532 8.66766e-17
6599.336671727232 8.847953e-17
6604.002426999144 7.821459e-17
6608.668182271055 7.428564e-17
6613.333937542967 7.616437e-17
6617.9996928148785 7.813786e-17
6622.66544808679 7.775087e-17
6627.331203358702 8.1367785e-17
6631.996958630613 7.384828e-17
6636.662713902525 7.416522e-17
6641.328469174437 7.4622074e-17
6645.994224446348 7.3382395e-17
6650.65997971826 7.499686e-17
6655.325734990171 7.624969e-17
6659.991490262083 6.4507124e-17
6664.657245533995 6.262405e-17
6669.323000805906 6.1547704e-17
6673.988756077818 6.2587165e-17
6678.65451134973 5.594897e-17
6683.320266621641 5.594654e-17
6687.986021893553 5.964958e-17
6692.651777165464 6.808387e-17
6697.317532437376 6.517576e-17
6701.983287709288 5.838398e-17
6706.649042981199 6.156757e-17
6711.314798253111 6.2929254e-17
6715.9805535250225 5.340025e-17
6720.646308796934 4.6524324e-17
6725.312064068846 5.2494615e-17
6729.977819340757 5.0165523e-17
6734.643574612669 4.632514e-17
6739.309329884581 4.529355e-17
6743.975085156492 5.1837543e-17
6748.640840428404 4.315224e-17
6753.3065957003155 4.740798e-17
6757.972350972227 5.2469125e-17
6762.638106244139 4.1960176e-17
6767.30386151605 4.0778045e-17
6771.969616787962 4.497146e-17
6776.635372059874 3.6571405e-17
6781.301127331785 4.0349417e-17
6785.966882603697 4.8680532e-17
6790.632637875608 4.4866852e-17
6795.29839314752 4.3133267e-17
6799.964148419432 4.7792888e-17
6804.629903691343 3.923324e-17
6809.295658963255 4.1529688e-17
6813.961414235167 4.6489817e-17
6818.627169507078 4.305234e-17
6823.29292477899 3.5292703e-17
6827.958680050901 3.4764906e-17
6832.624435322813 3.975905e-17
6837.290190594725 3.9713398e-17
6841.955945866636 3.306124e-17
6846.621701138548 3.144123e-17
6851.2874564104595 3.461964e-17
6855.953211682371 3.3472932e-17
6860.618966954283 3.4288076e-17
6865.284722226194 4.2813777e-17
6869.950477498106 4.555885e-17
6874.616232770018 4.2024143e-17
6879.281988041929 3.791342e-17
6883.947743313841 3.9147074e-17
6888.6134985857525 3.8257186e-17
6893.279253857664 3.8071888e-17
6897.945009129576 4.4154008e-17
6902.610764401487 4.600792e-17
6907.276519673399 4.7804793e-17
6911.942274945311 4.6351443e-17
6916.608030217222 4.334847e-17
6921.273785489134 4.2745806e-17
6925.9395407610455 3.7785253e-17
6930.605296032957 3.415192e-17
6935.271051304869 3.3827766e-17
6939.93680657678 3.6635733e-17
6944.602561848692 3.950028e-17
6949.268317120604 3.4126157e-17
6953.934072392515 3.5689598e-17
6958.599827664427 3.685714e-17
6963.265582936338 3.9587365e-17
6967.93133820825 4.9478543e-17
6972.597093480162 4.047024e-17
6977.262848752073 3.9675986e-17
6981.928604023985 5.1093623e-17
6986.5943592958965 4.8753115e-17
6991.260114567808 3.894218e-17
6995.92586983972 4.29889e-17
7000.591625111631 4.8176544e-17
7005.257380383543 5.1183048e-17
7009.923135655455 4.9292795e-17
7014.588890927366 4.834759e-17
7019.254646199278 4.3373196e-17
7023.9204014711895 5.075946e-17
7028.586156743101 4.9707956e-17
7033.251912015013 4.2783836e-17
7037.917667286924 4.8327964e-17
7042.583422558836 5.118047e-17
7047.249177830748 5.3664762e-17
7051.914933102659 5.1014197e-17
7056.580688374571 4.8865552e-17
7061.2464436464825 4.362237e-17
7065.912198918394 4.7274947e-17
7070.577954190306 4.0759394e-17
7075.243709462217 3.8553366e-17
7079.909464734129 4.304892e-17
7084.575220006041 3.9787655e-17
7089.240975277952 3.654311e-17
7093.906730549864 4.4172097e-17
7098.572485821775 4.1002493e-17
7103.238241093687 4.4080455e-17
7107.903996365599 4.842192e-17
7112.56975163751 4.43366e-17
7117.235506909422 4.067943e-17
7121.901262181334 3.980017e-17
7126.567017453245 4.2514255e-17
7131.232772725157 3.7102707e-17
7135.898527997068 3.5459956e-17
7140.56428326898 3.9386645e-17
7145.230038540892 4.4320436e-17
7149.895793812803 4.2219576e-17
7154.561549084715 4.4203033e-17
7159.2273043566265 5.336531e-17
7163.893059628538 5.193187e-17
7168.55881490045 3.947555e-17
7173.224570172361 4.5193443e-17
7177.890325444273 5.256604e-17
7182.556080716185 5.3362864e-17
7187.221835988096 5.755865e-17
7191.887591260008 5.4094075e-17
7196.5533465319195 4.6360783e-17
7201.219101803831 4.6002306e-17
7205.884857075743 4.2048522e-17
7210.550612347654 4.1043835e-17
7215.216367619566 5.001427e-17
7219.882122891478 4.3933435e-17
7224.547878163389 4.7600092e-17
7229.213633435301 5.787322e-17
7233.8793887072125 5.7573875e-17
7238.545143979124 5.3079763e-17
7243.210899251036 4.0327785e-17
7247.876654522947 4.1876363e-17
7252.542409794859 4.6782503e-17
7257.208165066771 5.65024e-17
7261.873920338682 5.5035546e-17
7266.539675610594 5.458026e-17
7271.205430882505 5.939621e-17
7275.871186154417 5.5127644e-17
7280.536941426329 4.992734e-17
7285.20269669824 5.793842e-17
7289.868451970152 6.2497135e-17
7294.5342072420635 5.8556824e-17
7299.199962513975 5.053857e-17
7303.865717785887 4.906335e-17
7308.531473057798 6.1242414e-17
7313.19722832971 6.0292454e-17
7317.862983601622 6.294924e-17
7322.528738873533 5.8219585e-17
7327.194494145445 5.623051e-17
7331.8602494173565 5.7581684e-17
7336.526004689268 5.0470528e-17
7341.19175996118 5.519157e-17
7345.857515233091 5.1590173e-17
7350.523270505003 4.9107384e-17
7355.189025776915 6.110977e-17
7359.854781048826 6.600314e-17
7364.520536320738 5.2871082e-17
7369.1862915926495 5.3129205e-17
7373.852046864561 5.4895276e-17
7378.517802136473 5.673113e-17
7383.183557408384 6.0203323e-17
7387.849312680296 5.3647692e-17
7392.515067952208 4.7224668e-17
7397.180823224119 5.5085302e-17
7401.846578496031 6.0739747e-17
7406.512333767942 6.037505e-17
7411.178089039854 5.776209e-17
7415.843844311766 5.6071186e-17
7420.509599583677 5.5024796e-17
7425.175354855589 5.7798153e-17
7429.8411101275005 4.781054e-17
7434.506865399412 4.8878787e-17
7439.172620671324 4.8729054e-17
7443.838375943235 5.5198355e-17
7448.504131215147 4.9023577e-17
7453.169886487059 4.662269e-17
7457.83564175897 4.797105e-17
7462.501397030882 5.686616e-17
7467.1671523027935 5.820543e-17
7471.832907574705 5.648048e-17
7476.498662846617 4.7014885e-17
7481.164418118528 4.3787444e-17
7485.83017339044 5.687379e-17
7490.495928662352 5.994565e-17
7495.161683934263 4.7351905e-17
7499.827439206175 4.749101e-17
7504.4931944780865 5.1356127e-17
7509.158949749998 5.2951256e-17
7513.82470502191 4.9080877e-17
7518.490460293821 5.5270637e-17
7523.156215565733 5.5071422e-17
7527.821970837645 4.6946533e-17
7532.487726109556 4.6755448e-17
7537.153481381468 5.1653042e-17
7541.819236653379 5.194683e-17
7546.484991925291 5.1756294e-17
7551.150747197203 4.5656975e-17
7555.816502469114 4.3813004e-17
7560.482257741026 4.8734765e-17
7565.148013012938 5.260682e-17
7569.813768284849 4.4023528e-17
7574.479523556761 3.742486e-17
7579.145278828672 3.324132e-17
7583.811034100584 2.7905183e-17
7588.476789372496 2.4866879e-17
7593.142544644407 3.075258e-17
7597.808299916319 3.2834375e-17
7602.4740551882305 3.0661726e-17
7607.139810460142 2.2968872e-17
7611.805565732054 2.0667303e-17
7616.471321003965 2.2985888e-17
7621.137076275877 3.124645e-17
7625.802831547789 2.7189318e-17
7630.4685868197 2.6915552e-17
7635.134342091612 2.2264421e-17
7639.8000973635235 2.0841538e-17
7644.465852635435 2.2859277e-17
7649.131607907347 2.6012961e-17
7653.797363179258 2.68429e-17
7658.46311845117 2.9932007e-17
7663.128873723082 2.9487894e-17
7667.794628994993 3.7440607e-17
7672.460384266905 3.6698986e-17
7677.1261395388165 4.3836304e-17
7681.791894810728 5.2806132e-17
7686.45765008264 5.0160325e-17
7691.123405354551 5.2783053e-17
7695.789160626463 4.6256727e-17
7700.454915898375 5.7740357e-17
7705.120671170286 5.706339e-17
7709.786426442198 5.913428e-17
7714.452181714109 5.607309e-17
7719.117936986021 5.5848105e-17
7723.783692257933 6.145192e-17
7728.449447529844 6.966797e-17
7733.115202801756 6.228196e-17
7737.7809580736675 6.3959167e-17
7742.446713345579 6.3648206e-17
7747.112468617491 7.5774264e-17
7751.778223889402 7.682158e-17
7756.443979161314 7.1273945e-17
7761.109734433226 6.9394154e-17
7765.775489705137 8.0598805e-17
7770.441244977049 7.143887e-17
7775.1070002489605 6.5427174e-17
7779.772755520872 6.894052e-17
7784.438510792784 7.890248e-17
7789.104266064695 6.936296e-17
7793.770021336607 6.932934e-17
7798.435776608519 7.5362076e-17
7803.10153188043 6.999966e-17
7807.767287152342 8.4435864e-17
7812.4330424242535 6.816125e-17
7817.098797696165 7.617491e-17
7821.764552968077 6.329328e-17
7826.430308239988 7.044175e-17
7831.0960635119 7.619629e-17
7835.761818783812 6.7587214e-17
7840.427574055723 7.7943264e-17
7845.093329327635 7.629816e-17
7849.759084599546 6.3931704e-17
7854.424839871458 7.06619e-17
7859.09059514337 7.731459e-17
7863.756350415281 6.923808e-17
7868.422105687193 7.2342536e-17
7873.087860959105 6.5240655e-17
7877.753616231016 5.604554e-17
7882.419371502928 5.606046e-17
7887.085126774839 5.968034e-17
7891.750882046751 6.257008e-17
7896.416637318663 5.4491694e-17
7901.082392590574 5.2947758e-17
7905.748147862486 4.9274954e-17
7910.4139031343975 4.964874e-17
7915.079658406309 5.2689377e-17
7919.745413678221 6.034341e-17
7924.411168950132 6.112932e-17
7929.076924222044 4.6220298e-17
7933.742679493956 4.530463e-17
7938.408434765867 5.1597022e-17
7943.074190037779 5.582055e-17
7947.7399453096905 5.640334e-17
7952.405700581602 6.0298846e-17
7957.071455853514 4.8338142e-17
7961.737211125425 4.8017864e-17
7966.402966397337 5.129001e-17
7971.068721669249 4.26665e-17
7975.73447694116 3.6971764e-17
7980.400232213072 4.3017955e-17
7985.065987484983 4.442045e-17
7989.731742756895 4.926921e-17
7994.397498028807 5.1335957e-17
7999.063253300718 3.9501375e-17
8003.72900857263 4.3212802e-17
8008.394763844542 3.7402308e-17
8013.060519116453 3.6690622e-17
8017.726274388365 3.89055e-17
8022.392029660276 3.42765e-17
8027.057784932188 3.670063e-17
8031.7235402041 4.1503446e-17
8036.389295476011 4.756305e-17
8041.055050747923 5.099709e-17
8045.7208060198345 5.1900432e-17
8050.386561291746 4.651211e-17
8055.052316563658 3.456044e-17
8059.718071835569 4.658484e-17
8064.383827107481 4.9377806e-17
8069.049582379393 3.618194e-17
8073.715337651304 4.5151234e-17
8078.381092923216 5.8904795e-17
8083.0468481951275 6.3163975e-17
8087.712603467039 4.106078e-17
8092.378358738951 4.1442768e-17
8097.044114010862 5.4638423e-17
8101.709869282774 4.891922e-17
8106.375624554686 3.781656e-17
8111.041379826597 4.4018516e-17
8115.707135098509 5.682588e-17
8120.3728903704205 3.9874764e-17
8125.038645642332 4.1839546e-17
8129.704400914244 5.3623244e-17
8134.370156186155 4.4592612e-17
8139.035911458067 5.4032516e-17
8143.701666729979 5.165321e-17
8148.36742200189 3.5122304e-17
8153.033177273802 3.6863886e-17
8157.698932545713 4.6497834e-17
8162.364687817625 4.0026122e-17
8167.030443089537 3.7939777e-17
8171.696198361448 5.6281865e-17
8176.36195363336 4.9035604e-17
8181.0277089052715 3.4054295e-17
8185.693464177183 3.5477363e-17
8190.359219449095 2.914929e-17
8195.024974721005 3.1592572e-17
8199.690729992917 4.4746703e-17
8204.356485264829 3.562621e-17
8209.02224053674 3.8401602e-17
8213.687995808652 5.039917e-17
8218.353751080564 4.6095242e-17
8223.019506352475 3.8848117e-17
8227.685261624387 3.4064204e-17
8232.351016896298 2.689142e-17
8237.01677216821 2.5552377e-17
8241.682527440122 1.775958e-17
8246.348282712033 1.3777726e-17
8251.014037983945 1.37779885e-17
8255.679793255857 2.824973e-17
8260.345548527768 2.6805263e-17
8265.01130379968 2.0355388e-17
8269.677059071591 4.553742e-18
8274.342814343503 1.898634e-17
8279.008569615415 1.4289883e-17
8283.674324887326 2.221572e-18
8288.340080159238 7.700698e-18
8293.00583543115 -1.902937e-20
8297.671590703061 1.2526134e-17
8302.337345974973 3.4450691e-18
8307.003101246884 6.2284955e-18
8311.668856518796 1.4756821e-17
8316.334611790708 2.0209333e-18
8321.00036706262 1.2348986e-17
8325.66612233453 1.7400032e-17
8330.331877606443 9.0066295e-18
8334.997632878354 9.182972e-18
8339.663388150266 2.3595555e-17
8344.329143422177 1.7947735e-17
8348.994898694089 1.12621525e-17
8353.660653966 1.26989454e-17
8358.326409237912 3.8814367e-18
8362.992164509824 9.943361e-18
8367.657919781735 1.0070087e-17
8372.323675053647 1.3439802e-17
8376.989430325559 1.9075346e-17
8381.65518559747 2.3195574e-17
8386.320940869382 1.380099e-17
8390.986696141294 1.6453415e-17
8395.652451413205 2.1730799e-17
8400.318206685117 2.337805e-17
8404.983961957028 1.5236819e-17
8409.64971722894 1.4043652e-17
8414.315472500852 1.2145676e-17
8418.981227772763 6.3831514e-18
8423.646983044675 8.293737e-18
8428.312738316587 1.7727179e-17
8432.978493588498 2.1735262e-17
8437.64424886041 7.976405e-18
8442.310004132321 9.329115e-18
8446.975759404233 1.7966156e-17
8451.641514676145 1.14766115e-17
8456.307269948056 2.1847054e-17
8460.973025219968 2.3684831e-17
8465.63878049188 1.4198618e-17
8470.304535763791 2.8524112e-17
8474.970291035703 3.171411e-17
8479.636046307614 3.5893726e-17
8484.301801579526 3.2702456e-17
8488.967556851438 2.4113855e-17
8493.63331212335 2.6097887e-17
8498.29906739526 4.6474646e-17
8502.964822667172 3.9912447e-17
8507.630577939084 3.4887633e-17
8512.296333210996 3.7434648e-17
8516.962088482907 4.4138546e-17
8521.627843754819 5.988146e-17
8526.29359902673 4.251546e-17
8530.959354298642 4.5335106e-17
8535.625109570554 5.2028244e-17
8540.290864842465 4.810394e-17
8544.956620114377 6.170673e-17
8549.622375386289 7.433797e-17
8554.2881306582 6.744256e-17
8558.953885930112 6.810514e-17
8563.619641202024 6.093006e-17
8568.285396473935 6.5543224e-17
8572.951151745847 8.176066e-17
8577.616907017758 8.024965e-17
8582.28266228967 6.177437e-17
8586.948417561582 5.637658e-17
8591.614172833493 6.4972516e-17
8596.279928105405 7.2623334e-17
8600.945683377317 5.9342996e-17
8605.611438649228 6.415994e-17
8610.27719392114 6.9273564e-17
8614.942949193051 8.515873e-17
8619.608704464963 7.695575e-17
8624.274459736875 6.8316734e-17
8628.940215008786 8.508516e-17
8633.605970280698 8.915054e-17
8638.27172555261 8.090769e-17
8642.937480824521 7.9968136e-17
8647.603236096433 7.753974e-17
8652.268991368344 8.279265e-17
8656.934746640256 8.582013e-17
8661.600501912168 8.637571e-17
8666.26625718408 9.0798286e-17
8670.93201245599 9.060737e-17
8675.597767727902 9.060737e-17
