3800.0 1.5743862e-16
3803.041410184667 1.8249387e-16
3806.0828203693336 1.5758235e-16
3809.1242305540004 5.436837e-17
3812.165640738667 -2.5008615e-18
3815.207050923334 1.9314769e-16
3818.248461108001 1.4485805e-17
3821.2898712926676 2.3573515e-16
3824.3312814773344 9.755162e-17
3827.372691662001 1.518183e-16
3830.414101846668 8.554403e-17
3833.455512031335 1.1023088e-16
3836.4969222160016 1.2617337e-16
3839.5383324006684 -4.1965457e-18
3842.579742585335 -5.6449664e-17
3845.621152770002 1.0383011e-17
3848.662562954669 4.3085433e-17
3851.7039731393356 8.688766e-18
3854.7453833240024 7.774704e-17
3857.7867935086692 1.6437009e-16
3860.828203693336 3.9526763e-17
3863.869613878003 -9.762303e-18
3866.9110240626696 4.753252e-17
3869.9524342473364 8.317119e-17
3872.9938444320032 -2.5899488e-17
3876.03525461667 -5.2085297e-18
3879.076664801337 7.643024e-18
3882.1180749860036 2.274293e-16
3885.1594851706705 1.8742866e-16
3888.2008953553373 1.7629174e-16
3891.242305540004 7.628626e-17
3894.283715724671 1.7122365e-16
3897.3251259093377 9.6951464e-17
3900.3665360940045 1.2814979e-16
3903.4079462786713 5.5043708e-17
3906.449356463338 1.368131e-16
3909.490766648005 1.3926803e-16
3912.5321768326717 -3.4690795e-18
3915.5735870173385 9.949168e-17
3918.6149972020053 1.9013943e-16
3921.656407386672 1.0814228e-16
3924.697817571339 5.60998e-17
3927.7392277560057 6.042326e-17
3930.7806379406725 6.939574e-17
3933.8220481253393 1.441947e-16
3936.863458310006 9.814028e-17
3939.904868494673 5.786969e-17
3942.9462786793397 8.0140566e-17
3945.9876888640065 1.8145107e-16
3949.0290990486733 -2.1873675e-18
3952.07050923334 1.0156411e-16
3955.111919418007 4.396175e-17
3958.1533296026737 1.2203172e-16
3961.1947397873405 1.8521838e-16
3964.2361499720073 7.090572e-17
3967.277560156674 1.4242545e-16
3970.318970341341 1.1979222e-16
3973.3603805260077 1.7436729e-16
3976.4017907106745 1.4080632e-16
3979.4432008953413 2.7359482e-16
3982.484611080008 1.9589977e-16
3985.526021264675 1.5704851e-16
3988.5674314493417 1.08892604e-16
3991.6088416340085 1.4058183e-16
3994.6502518186753 3.2012184e-16
3997.691662003342 2.3981573e-16
4000.733072188009 2.6193597e-16
4003.7744823726757 2.8711847e-16
4006.8158925573425 1.3397527e-16
4009.8573027420093 2.0423208e-16
4012.898712926676 3.5892105e-16
4015.940123111343 2.0784903e-16
4018.9815332960097 2.1543687e-16
4022.0229434806765 3.7641623e-16
4025.0643536653433 3.8159679e-16
4028.10576385001 2.8349298e-16
4031.147174034677 1.5721718e-16
4034.1885842193437 3.4916689e-16
4037.2299944040105 3.5548366e-16
4040.2714045886773 2.80103e-16
4043.312814773344 3.0922158e-16
4046.354224958011 6.696012e-17
4049.3956351426777 8.0323115e-17
4052.4370453273445 2.6163037e-16
4055.4784555120114 2.911593e-16
4058.519865696678 2.2507108e-16
4061.561275881345 2.0066298e-16
4064.6026860660118 2.417942e-17
4067.6440962506786 5.937263e-17
4070.6855064353454 9.9329595e-17
4073.726916620012 6.567747e-17
4076.768326804679 1.6365604e-16
4079.8097369893458 1.515628e-16
4082.8511471740126 2.0592117e-16
4085.8925573586794 1.1857747e-16
4088.933967543346 8.876491e-17
4091.975377728013 5.1491083e-17
4095.01678791268 1.8410806e-16
4098.058198097347 2.5633253e-16
4101.099608282014 9.749008e-17
4104.141018466681 1.0761141e-16
4107.182428651348 7.786919e-17
4110.223838836016 1.4665556e-16
4113.265249020683 2.126274e-16
4116.30665920535 1.6923423e-16
4119.348069390017 1.8648805e-16
4122.389479574685 8.937827e-17
4125.430889759352 1.4305493e-16
4128.472299944019 2.2900849e-16
4131.513710128686 2.2853603e-16
4134.555120313354 2.7968565e-16
4137.596530498021 1.7555312e-16
4140.637940682688 7.4364834e-17
4143.679350867355 2.6221657e-16
4146.720761052023 2.284032e-16
4149.76217123669 2.4160328e-16
4152.803581421357 1.0288328e-16
4155.844991606024 2.24744e-16
4158.886401790692 1.8184275e-16
4161.927811975359 2.9111675e-16
4164.969222160026 1.6225567e-16
4168.0106323446935 1.9053968e-16
4171.052042529361 2.375054e-16
4174.093452714028 1.0747809e-16
4177.134862898695 2.5812424e-16
4180.1762730833625 3.05366e-16
4183.21768326803 2.637263e-16
4186.259093452697 2.754515e-16
4189.300503637364 2.4929831e-16
4192.3419138220315 1.4374884e-16
4195.383324006699 1.3949348e-16
4198.424734191366 1.9081754e-16
4201.466144376033 1.7409558e-16
4204.507554560701 1.760783e-16
4207.548964745368 4.8503912e-17
4210.590374930035 1.8320052e-16
4213.631785114702 1.127158e-16
4216.67319529937 1.5602077e-16
4219.714605484037 4.9006487e-17
4222.756015668704 7.284498e-17
4225.797425853371 5.8120535e-17
4228.838836038039 5.8863675e-17
4231.880246222706 1.3855041e-16
4234.921656407373 3.4410168e-17
4237.96306659204 1.7961533e-16
4241.004476776708 9.023306e-17
4244.045886961375 1.1670044e-16
4247.087297146042 1.6233112e-16
4250.128707330709 7.960113e-17
4253.170117515377 1.3875846e-16
4256.211527700044 1.1633132e-16
4259.252937884711 1.6014812e-16
4262.294348069378 1.3226063e-16
4265.335758254046 8.3038716e-17
4268.377168438713 1.1593998e-16
4271.41857862338 5.2323425e-17
4274.4599888080475 2.1847027e-16
4277.501398992715 1.3636107e-16
4280.542809177382 2.256874e-16
4283.584219362049 1.00377414e-16
4286.6256295467165 2.011299e-16
4289.667039731384 1.9188924e-16
4292.708449916051 1.1006462e-16
4295.749860100718 1.7592459e-16
4298.7912702853855 9.04714e-17
4301.832680470053 1.2466788e-16
4304.87409065472 1.7609638e-16
4307.915500839387 1.1826355e-16
4310.9569110240545 7.207024e-17
4313.998321208722 7.7733656e-17
4317.039731393389 1.492734e-16
4320.081141578056 2.0997472e-16
4323.122551762724 9.8607036e-17
4326.163961947391 1.396277e-16
4329.205372132058 2.1853214e-16
4332.246782316725 2.0931554e-16
4335.288192501393 1.248962e-16
4338.32960268606 6.1398924e-17
4341.371012870727 9.626725e-17
4344.412423055394 9.7386495e-17
4347.453833240062 2.4935403e-17
4350.495243424729 1.7614754e-16
4353.536653609396 2.1728691e-16
4356.578063794063 9.403695e-17
4359.619473978731 1.0275307e-16
4362.660884163398 2.1767795e-16
4365.702294348065 1.7060081e-16
4368.743704532732 1.3071484e-16
4371.7851147174 1.3632721e-16
4374.826524902067 1.8150869e-17
4377.867935086734 7.038534e-17
4380.909345271401 1.8353048e-16
4383.950755456069 1.5254633e-16
4386.992165640736 1.4357263e-17
4390.033575825403 8.418927e-17
4393.0749860100705 9.546396e-17
4396.116396194738 4.3968395e-17
4399.157806379405 -1.3814724e-17
4402.199216564072 1.3068432e-16
4405.2406267487395 1.2728172e-16
4408.282036933407 1.1146453e-16
4411.323447118074 8.298396e-17
4414.364857302741 3.7225503e-17
4417.4062674874085 9.733673e-17
4420.447677672076 1.5411084e-16
4423.489087856743 1.4972874e-16
4426.53049804141 1.4841799e-16
4429.5719082260775 1.6219123e-16
4432.613318410745 1.3919832e-16
4435.654728595412 1.8492226e-16
4438.696138780079 1.8414577e-16
4441.737548964747 1.5644933e-16
4444.778959149414 5.6761246e-17
4447.820369334081 -2.0269194e-17
4450.861779518748 2.812396e-17
4453.903189703416 9.6569e-17
4456.944599888083 1.237284e-16
4459.98601007275 8.42296e-17
4463.027420257417 8.042636e-17
4466.068830442085 1.4192874e-17
4469.110240626752 1.2121523e-16
4472.151650811419 -1.36933935e-17
4475.193060996086 1.3775442e-16
4478.234471180754 1.2445746e-16
4481.275881365421 1.6217519e-16
4484.317291550088 1.6387828e-16
4487.358701734755 1.4984914e-16
4490.400111919423 1.4194569e-16
4493.44152210409 6.914954e-17
4496.482932288757 1.6093386e-16
4499.524342473424 1.1258783e-16
4502.565752658092 8.006106e-17
4505.607162842759 5.4749417e-17
4508.648573027426 1.350548e-16
4511.6899832120935 2.3691056e-16
4514.731393396761 2.144064e-16
4517.772803581428 1.5881563e-16
4520.814213766095 2.0643575e-16
4523.8556239507625 1.499596e-16
4526.89703413543 1.4200304e-16
4529.938444320097 2.05936e-16
4532.979854504764 1.9905628e-16
4536.0212646894315 1.4993406e-16
4539.062674874099 2.3405132e-16
4542.104085058766 2.3016127e-16
4545.145495243433 2.2652634e-16
4548.1869054281005 2.1301658e-16
4551.228315612768 2.0593041e-16
4554.269725797435 2.2456336e-16
4557.311135982102 1.5918894e-16
4560.35254616677 2.1468935e-16
4563.393956351437 1.8949556e-16
4566.435366536104 2.1040334e-16
4569.476776720771 2.5469217e-16
4572.518186905439 3.1759924e-16
4575.559597090106 3.032931e-16
4578.601007274773 2.4697443e-16
4581.64241745944 2.0447223e-16
4584.683827644108 2.0761864e-16
4587.725237828775 2.2779244e-16
4590.766648013442 2.631826e-16
4593.808058198109 2.9950005e-16
4596.849468382777 3.045302e-16
4599.890878567444 2.675225e-16
4602.932288752111 2.6854335e-16
4605.973698936778 2.7051842e-16
4609.015109121446 2.507691e-16
4612.056519306113 2.7820247e-16
4615.09792949078 2.6571664e-16
4618.139339675447 2.6914527e-16
4621.180749860115 3.1614642e-16
4624.222160044782 3.0075189e-16
4627.263570229449 3.4151937e-16
4630.3049804141165 2.7583154e-16
4633.346390598784 2.7601715e-16
4636.387800783451 2.4500648e-16
4639.429210968118 2.3301164e-16
4642.4706211527855 2.186773e-16
4645.512031337453 2.4694489e-16
4648.55344152212 2.7788607e-16
4651.594851706787 2.2260537e-16
4654.6362618914545 2.7916485e-16
4657.677672076122 2.6733358e-16
4660.719082260789 2.0715068e-16
4663.760492445456 2.2181567e-16
4666.801902630124 2.8861512e-16
4669.843312814791 2.408377e-16
4672.884722999458 2.4695177e-16
4675.926133184125 1.9980713e-16
4678.967543368793 2.2677677e-16
4682.00895355346 2.4045553e-16
4685.050363738127 2.661142e-16
4688.091773922794 2.8422977e-16
4691.133184107462 2.8676412e-16
4694.174594292129 2.5005995e-16
4697.216004476796 2.2485927e-16
4700.257414661463 1.921619e-16
4703.298824846131 2.6493692e-16
4706.340235030798 2.289152e-16
4709.381645215465 2.556513e-16
4712.423055400132 2.7368646e-16
4715.4644655848 2.4961034e-16
4718.505875769467 2.8248573e-16
4721.547285954134 3.1412426e-16
4724.588696138801 2.8767227e-16
4727.630106323469 1.9941239e-16
4730.671516508136 2.8626328e-16
4733.712926692803 3.0595224e-16
4736.75433687747 2.7597342e-16
4739.795747062138 2.5616214e-16
4742.837157246805 2.458647e-16
4745.878567431472 2.4277725e-16
4748.9199776161395 2.4624455e-16
4751.961387800807 2.7100973e-16
4755.002797985474 2.1215033e-16
4758.044208170141 2.1308895e-16
4761.0856183548085 1.9355024e-16
4764.127028539476 2.3265772e-16
4767.168438724143 2.306958e-16
4770.20984890881 2.343067e-16
4773.2512590934775 1.5629866e-16
4776.292669278145 1.2680635e-16
4779.334079462812 1.9629343e-16
4782.375489647479 1.9709926e-16
4785.416899832147 1.7353205e-16
4788.458310016814 1.7530071e-16
4791.499720201481 2.583522e-16
4794.541130386148 2.1096214e-16
4797.582540570816 1.9406701e-16
4800.623950755483 2.3065753e-16
4803.66536094015 1.4383662e-16
4806.706771124817 1.1839603e-16
4809.748181309485 1.710163e-16
4812.789591494152 1.491403e-16
4815.831001678819 2.0045318e-16
4818.872411863486 2.1987559e-16
4821.913822048154 1.913849e-16
4824.955232232821 1.7876716e-16
4827.996642417488 1.8017651e-16
4831.038052602155 1.7039146e-16
4834.079462786823 1.169886e-16
4837.12087297149 1.343188e-16
4840.162283156157 2.3111098e-16
4843.203693340824 2.1504625e-16
4846.245103525492 1.4454195e-16
4849.286513710159 1.1446201e-16
4852.327923894826 1.9278696e-16
4855.3693340794935 2.108489e-16
4858.410744264161 2.0477329e-16
4861.452154448828 1.6733049e-16
4864.493564633495 2.0299356e-16
4867.5349748181625 1.2654773e-16
4870.57638500283 1.5012114e-16
4873.617795187497 2.0317339e-16
4876.659205372164 2.310457e-16
4879.7006155568315 2.0725563e-16
4882.742025741499 2.0692642e-16
4885.783435926166 2.3815597e-16
4888.824846110833 2.2421587e-16
4891.8662562955005 2.239403e-16
4894.907666480168 1.8412479e-16
4897.949076664835 2.2108944e-16
4900.990486849502 1.8111626e-16
4904.03189703417 2.1919766e-16
4907.073307218837 1.8880421e-16
4910.114717403504 1.3560128e-16
4913.156127588171 1.8211189e-16
4916.197537772839 1.6885991e-16
4919.238947957506 2.0377997e-16
4922.280358142173 2.2510266e-16
4925.32176832684 1.9891249e-16
4928.363178511508 1.6772113e-16
4931.404588696175 2.3816436e-16
4934.445998880842 1.748467e-16
4937.487409065509 1.9335196e-16
4940.528819250177 2.0879145e-16
4943.570229434844 2.1529108e-16
4946.611639619511 2.2103968e-16
4949.653049804178 1.8721928e-16
4952.694459988846 1.3646103e-16
4955.735870173513 2.0479483e-16
4958.77728035818 1.6460573e-16
4961.818690542847 1.7658852e-16
4964.860100727515 1.4674568e-16
4967.901510912182 1.3729646e-16
4970.942921096849 1.7818744e-16
4973.9843312815165 1.3884069e-16
4977.025741466184 1.2983525e-16
4980.067151650851 1.1348222e-16
4983.108561835518 1.5778723e-16
4986.1499720201855 1.2815908e-16
4989.191382204853 1.43992e-16
4992.23279238952 1.6867432e-16
4995.274202574187 1.4908149e-16
4998.3156127588545 1.11016817e-16
5001.357022943522 1.5259418e-16
5004.398433128189 1.4929354e-16
5007.439843312856 1.1990879e-16
5010.4812534975235 1.4909346e-16
5013.522663682191 1.3042923e-16
5016.564073866858 1.425738e-16
5019.605484051525 1.6694339e-16
5022.646894236193 1.3812875e-16
5025.68830442086 1.7802568e-16
5028.729714605527 2.1508839e-16
5031.771124790194 1.5874614e-16
5034.812534974862 2.222241e-16
5037.853945159529 1.7773161e-16
5040.895355344196 1.5150239e-16
5043.936765528863 1.8447884e-16
5046.978175713531 1.5927159e-16
5050.019585898198 1.7772331e-16
5053.060996082865 2.2008877e-16
5056.102406267532 2.0477968e-16
5059.1438164522 1.6602869e-16
5062.185226636867 2.1215982e-16
5065.226636821534 1.6412898e-16
5068.268047006201 1.5294122e-16
5071.309457190869 1.8218951e-16
5074.350867375536 2.2964236e-16
5077.392277560203 1.5609629e-16
5080.43368774487 1.9334549e-16
5083.475097929538 1.796943e-16
5086.516508114205 1.4847909e-16
5089.557918298872 1.6692654e-16
5092.5993284835395 1.3858663e-16
5095.640738668207 1.7535713e-16
5098.682148852874 1.7743199e-16
5101.723559037541 1.3666687e-16
5104.7649692222085 1.2478503e-16
5107.806379406876 1.7778756e-16
5110.847789591543 1.9546238e-16
5113.88919977621 9.649823e-17
5116.9306099608775 1.2099185e-16
5119.972020145545 1.41545e-16
5123.013430330212 1.2200816e-16
5126.054840514879 1.0754674e-16
5129.0962506995465 1.3604605e-16
5132.137660884214 1.1592003e-16
5135.179071068881 9.962605e-17
5138.220481253548 1.6820558e-16
5141.261891438216 1.5956078e-16
5144.303301622883 1.6876584e-16
5147.34471180755 1.3897737e-16
5150.386121992217 1.3704417e-16
5153.427532176885 1.9135156e-16
5156.468942361552 1.7382354e-16
5159.510352546219 1.889687e-16
5162.551762730886 1.82614e-16
5165.593172915554 1.5042225e-16
5168.634583100221 1.8890678e-16
5171.675993284888 1.6820305e-16
5174.717403469555 1.938955e-16
5177.758813654223 2.1473726e-16
5180.80022383889 2.0954694e-16
5183.841634023557 2.0060152e-16
5186.883044208224 1.3154288e-16
5189.924454392892 1.6575638e-16
5192.965864577559 2.0455545e-16
5196.007274762226 1.5774508e-16
5199.048684946893 1.6876177e-16
5202.090095131561 2.1782172e-16
5205.131505316228 2.0616414e-16
5208.172915500895 2.1919128e-16
5211.2143256855625 2.563466e-16
5214.25573587023 2.0531973e-16
5217.297146054897 2.2154716e-16
5220.338556239564 2.0961221e-16
5223.3799664242315 1.4537715e-16
5226.421376608899 1.6769655e-16
5229.462786793566 2.1817069e-16
5232.504196978233 1.7741592e-16
5235.5456071629005 2.3323002e-16
5238.587017347568 2.252232e-16
5241.628427532235 1.7845236e-16
5244.669837716902 1.7309943e-16
5247.71124790157 1.7690238e-16
5250.752658086237 1.84853e-16
5253.794068270904 1.7250059e-16
5256.835478455571 2.1333979e-16
5259.876888640239 2.0527711e-16
5262.918298824906 2.6734035e-16
5265.959709009573 2.753564e-16
5269.00111919424 2.2325253e-16
5272.042529378908 1.9576944e-16
5275.083939563575 2.6465952e-16
5278.125349748242 2.338551e-16
5281.166759932909 1.6818538e-16
5284.208170117577 2.4529958e-16
5287.249580302244 2.1195417e-16
5290.290990486911 1.6790763e-16
5293.332400671578 1.9352638e-16
5296.373810856246 2.338959e-16
5299.415221040913 1.8642536e-16
5302.45663122558 1.7852892e-16
5305.498041410247 1.9949913e-16
5308.539451594915 2.2929057e-16
5311.580861779582 2.314134e-16
5314.622271964249 1.9968638e-16
5317.663682148916 2.0614561e-16
5320.705092333584 2.7801477e-16
5323.746502518251 2.859364e-16
5326.787912702918 2.7669814e-16
5329.8293228875855 2.0393108e-16
5332.870733072253 1.7983138e-16
5335.91214325692 2.0888219e-16
5338.953553441587 2.2101e-16
5341.9949636262545 2.073423e-16
5345.036373810922 2.3768374e-16
5348.077783995589 2.3531303e-16
5351.119194180256 2.0219878e-16
5354.1606043649235 1.7062748e-16
5357.202014549591 1.9695136e-16
5360.243424734258 2.3289714e-16
5363.284834918925 1.6374844e-16
5366.326245103593 1.4899885e-16
5369.36765528826 1.9275583e-16
5372.409065472927 1.8276292e-16
5375.450475657594 1.6378428e-16
5378.491885842262 2.0335489e-16
5381.533296026929 2.4307156e-16
5384.574706211596 1.9574393e-16
5387.616116396263 1.6250958e-16
5390.657526580931 2.1899075e-16
5393.698936765598 2.1360442e-16
5396.740346950265 1.9640756e-16
5399.781757134932 1.7059553e-16
5402.8231673196 1.4574078e-16
5405.864577504267 1.1668686e-16
5408.905987688934 2.0207084e-16
5411.947397873601 1.8345201e-16
5414.988808058269 1.4242564e-16
5418.030218242936 2.2945037e-16
5421.071628427603 2.3742013e-16
5424.11303861227 2.105658e-16
5427.154448796938 1.7806695e-16
5430.195858981605 1.9437373e-16
5433.237269166272 1.9956579e-16
5436.2786793509395 1.9863256e-16
5439.320089535607 2.0827623e-16
5442.361499720274 2.0170585e-16
5445.402909904941 1.433652e-16
5448.4443200896085 1.2595874e-16
5451.485730274276 1.9935528e-16
5454.527140458943 2.085411e-16
5457.56855064361 2.3253251e-16
5460.6099608282775 1.9140021e-16
5463.651371012945 1.8464117e-16
5466.692781197612 2.0401599e-16
5469.734191382279 2.1041386e-16
5472.7756015669465 1.7928412e-16
5475.817011751614 1.9293203e-16
5478.858421936281 1.7048875e-16
5481.899832120948 1.4086053e-16
5484.941242305616 1.9363528e-16
5487.982652490283 1.4391717e-16
5491.02406267495 1.5437836e-16
5494.065472859617 2.0643576e-16
5497.106883044285 1.9042643e-16
5500.148293228952 2.046002e-16
5503.189703413619 1.5506062e-16
5506.231113598286 1.6036634e-16
5509.272523782954 1.6432814e-16
5512.313933967621 1.5100882e-16
5515.355344152288 2.0859527e-16
5518.396754336955 2.1049715e-16
5521.438164521623 1.8658803e-16
5524.47957470629 1.1432394e-16
5527.520984890957 1.7255389e-16
5530.562395075624 2.1224585e-16
5533.603805260292 2.0819715e-16
5536.645215444959 1.3390478e-16
5539.686625629626 1.5287806e-16
5542.728035814293 1.6737581e-16
5545.769445998961 1.691668e-16
5548.810856183628 1.8204509e-16
5551.852266368295 1.9789829e-16
5554.8936765529625 1.843481e-16
5557.93508673763 1.7618486e-16
5560.976496922297 1.14513e-16
5564.017907106964 1.0221566e-16
5567.0593172916315 1.5842728e-16
5570.100727476299 1.6951019e-16
5573.142137660966 2.4095753e-16
5576.183547845633 2.0487175e-16
5579.2249580303005 2.1581384e-16
5582.266368214968 1.4141179e-16
5585.307778399635 1.6684699e-16
5588.349188584302 2.2795682e-16
5591.3905987689695 1.7860083e-16
5594.432008953637 1.2006684e-16
5597.473419138304 1.5546804e-16
5600.514829322971 1.5594497e-16
5603.556239507639 1.04384886e-16
5606.597649692306 1.4755655e-16
5609.639059876973 1.674114e-16
5612.68047006164 1.06939246e-16
5615.721880246308 1.9474587e-16
5618.763290430975 1.7059475e-16
5621.804700615642 1.6210198e-16
5624.846110800309 1.0765071e-16
5627.887520984977 1.20453e-16
5630.928931169644 1.5453509e-16
5633.970341354311 1.2647156e-16
5637.011751538978 9.762268e-17
5640.053161723646 1.408775e-16
5643.094571908313 2.1620716e-16
5646.13598209298 1.5901523e-16
5649.177392277647 1.891421e-16
5652.218802462315 1.5633003e-16
5655.260212646982 1.7332449e-16
5658.301622831649 2.4122437e-16
5661.343033016316 2.0833015e-16
5664.384443200984 1.7078171e-16
5667.425853385651 1.897775e-16
5670.467263570318 1.3543453e-16
5673.5086737549855 1.3330526e-16
5676.550083939653 1.8774637e-16
5679.59149412432 2.2242516e-16
5682.632904308987 2.1914991e-16
5685.6743144936545 1.6201287e-16
5688.715724678322 1.9751802e-16
5691.757134862989 2.0277074e-16
5694.798545047656 1.5198718e-16
5697.8399552323235 1.8627735e-16
5700.881365416991 1.5090256e-16
5703.922775601658 1.5938655e-16
5706.964185786325 2.491739e-16
5710.0055959709925 2.3559242e-16
5713.04700615566 2.12822e-16
5716.088416340327 2.0464628e-16
5719.129826524994 1.645025e-16
5722.171236709662 1.5727092e-16
5725.212646894329 1.409387e-16
5728.254057078996 1.9142921e-16
5731.295467263663 1.5434797e-16
5734.336877448331 1.8581916e-16
5737.378287632998 2.0033691e-16
5740.419697817665 1.9990228e-16
5743.461108002332 1.9537407e-16
5746.502518187 2.1432692e-16
5749.543928371667 1.8196556e-16
5752.585338556334 2.233676e-16
5755.626748741001 1.756311e-16
5758.668158925669 2.1605287e-16
5761.709569110336 2.0834471e-16
5764.750979295003 1.6189636e-16
5767.79238947967 1.7704427e-16
5770.833799664338 1.7871366e-16
5773.875209849005 2.2290188e-16
5776.916620033672 1.812684e-16
5779.958030218339 1.4142615e-16
5782.999440403007 2.0845978e-16
5786.040850587674 1.9900101e-16
5789.082260772341 2.1429421e-16
5792.1236709570085 2.284975e-16
5795.165081141676 2.0455008e-16
5798.206491326343 1.7249806e-16
5801.24790151101 1.6588402e-16
5804.2893116956775 1.5145461e-16
5807.330721880345 2.0714784e-16
5810.372132065012 1.4282785e-16
5813.413542249679 1.239712e-16
5816.4549524343465 1.3695295e-16
5819.496362619014 2.0431043e-16
5822.537772803681 1.577455e-16
5825.579182988348 1.5643061e-16
5828.620593173016 1.9412338e-16
5831.662003357683 1.940581e-16
5834.70341354235 1.7447846e-16
5837.744823727017 1.6937776e-16
5840.786233911685 1.5864848e-16
5843.827644096352 1.83022e-16
5846.869054281019 1.7723299e-16
5849.910464465686 1.6508712e-16
5852.951874650354 1.1635124e-16
5855.993284835021 1.5051805e-16
5859.034695019688 1.376088e-16
5862.076105204355 1.445242e-16
5865.117515389023 1.6155715e-16
5868.15892557369 1.4930073e-16
5871.200335758357 1.4567369e-16
5874.241745943024 1.2045024e-16
5877.283156127692 7.897242e-17
5880.324566312359 1.1305557e-16
5883.365976497026 1.7544145e-16
5886.407386681693 1.1423265e-16
5889.448796866361 9.7362037e-17
5892.490207051028 1.3091675e-16
5895.531617235695 8.00894e-17
5898.573027420362 1.2945428e-16
5901.61443760503 1.1236731e-16
5904.655847789697 1.6896795e-16
5907.697257974364 1.303645e-16
5910.7386681590315 1.4341038e-16
5913.780078343699 1.07479766e-16
5916.821488528366 1.7633913e-16
5919.862898713033 1.3518659e-16
5922.9043088977005 1.2509611e-16
5925.945719082368 9.620174e-17
5928.987129267035 8.671697e-17
5932.028539451702 1.3161145e-16
5935.0699496363695 1.4053867e-16
5938.111359821037 1.2922908e-16
5941.152770005704 1.150408e-16
5944.194180190371 1.405244e-16
5947.235590375039 1.6408034e-16
5950.277000559706 1.5636187e-16
5953.318410744373 1.1640993e-16
5956.35982092904 1.0213081e-16
5959.401231113708 1.6782783e-16
5962.442641298375 1.1630595e-16
5965.484051483042 1.02400467e-16
5968.525461667709 1.2678258e-16
5971.566871852377 1.5777623e-16
5974.608282037044 1.4851424e-16
5977.649692221711 1.3661457e-16
5980.691102406378 1.9698184e-16
5983.732512591046 1.6318716e-16
5986.773922775713 1.6623429e-16
5989.81533296038 1.4570265e-16
5992.856743145047 1.5729136e-16
5995.898153329715 1.1304103e-16
5998.939563514382 1.2326606e-16
6001.980973699049 1.562448e-16
6005.022383883716 1.074154e-16
6008.063794068384 1.1610271e-16
6011.105204253051 1.2681102e-16
6014.146614437718 1.9589823e-16
6017.1880246223855 1.989429e-16
6020.229434807053 1.8713045e-16
6023.27084499172 1.8379581e-16
6026.312255176387 1.4282287e-16
6029.3536653610545 1.2759221e-16
6032.395075545722 9.7743446e-17
6035.436485730389 1.2052865e-16
6038.477895915056 1.7819194e-16
6041.5193060997235 1.5634569e-16
6044.560716284391 1.6437757e-16
6047.602126469058 2.017368e-16
6050.643536653725 1.5329699e-16
6053.6849468383925 1.8871013e-16
6056.72635702306 2.0413644e-16
6059.767767207727 1.8482119e-16
6062.809177392394 2.2565913e-16
6065.850587577062 1.7409455e-16
6068.891997761729 1.7888491e-16
6071.933407946396 1.7326652e-16
6074.974818131063 1.6557805e-16
6078.016228315731 1.6075534e-16
6081.057638500398 1.553686e-16
6084.099048685065 1.630989e-16
6087.140458869732 1.5637901e-16
6090.1818690544 1.2655428e-16
6093.223279239067 1.6968123e-16
6096.264689423734 1.9987827e-16
6099.306099608401 1.8920806e-16
6102.347509793069 1.9688165e-16
6105.388919977736 1.3141597e-16
6108.430330162403 1.6207482e-16
6111.47174034707 1.5619356e-16
6114.513150531738 1.629238e-16
6117.554560716405 1.6616423e-16
6120.595970901072 1.8679889e-16
6123.637381085739 2.0110504e-16
6126.678791270407 2.1336162e-16
6129.720201455074 2.0116822e-16
6132.761611639741 2.0314295e-16
6135.8030218244085 1.2999035e-16
6138.844432009076 1.129216e-16
6141.885842193743 1.352646e-16
6144.92725237841 1.4795721e-16
6147.9686625630775 1.7073843e-16
6151.010072747745 1.6030604e-16
6154.051482932412 1.8624064e-16
6157.092893117079 1.419296e-16
6160.1343033017465 1.635967e-16
6163.175713486414 1.7515847e-16
6166.217123671081 1.7510664e-16
6169.258533855748 1.500946e-16
6172.2999440404155 1.8563341e-16
6175.341354225083 1.6425442e-16
6178.38276440975 1.5358711e-16
6181.424174594417 1.366538e-16
6184.465584779085 7.5564114e-17
6187.506994963752 1.2723625e-16
6190.548405148419 1.4277038e-16
6193.589815333086 1.5929842e-16
6196.631225517754 1.6601769e-16
6199.672635702421 1.4500055e-16
6202.714045887088 1.0687905e-16
6205.755456071755 1.5718472e-16
6208.796866256423 1.780956e-16
6211.83827644109 1.3741327e-16
6214.879686625757 6.6658105e-17
6217.921096810424 8.211826e-17
6220.962506995092 8.172105e-17
6224.003917179759 1.3403738e-16
6227.045327364426 1.0248702e-16
6230.086737549093 1.0637586e-16
6233.128147733761 9.0205885e-17
6236.169557918428 1.1731989e-16
6239.210968103095 1.119119e-16
6242.252378287762 1.1593032e-16
6245.29378847243 1.3185859e-16
6248.335198657097 1.0285903e-16
6251.376608841764 6.967157e-17
6254.4180190264315 5.4016644e-17
6257.459429211099 7.496023e-17
6260.500839395766 8.341727e-17
6263.542249580433 7.524694e-17
6266.5836597651005 8.842715e-17
6269.625069949768 7.1806364e-17
6272.666480134435 1.00374456e-16
6275.707890319102 9.355722e-17
6278.7493005037695 8.5684754e-17
6281.790710688437 6.819727e-17
6284.832120873104 5.591476e-17
6287.873531057771 7.693479e-17
6290.9149412424385 5.804163e-17
6293.956351427106 3.6549985e-17
6296.997761611773 4.662098e-17
6300.03917179644 7.3123845e-17
6303.080581981108 1.3899891e-16
6306.121992165775 1.1182424e-16
6309.163402350442 1.0769951e-16
6312.204812535109 1.2000191e-16
6315.246222719777 1.3997856e-16
6318.287632904444 4.2038196e-17
6321.329043089111 8.606405e-17
6324.370453273778 1.1395503e-16
6327.411863458446 9.216545e-17
6330.453273643113 1.0035578e-16
6333.49468382778 1.2981586e-16
6336.536094012447 1.2327377e-16
6339.577504197115 1.113057e-16
6342.618914381782 1.2598616e-16
6345.660324566449 1.3145921e-16
6348.701734751116 1.2937905e-16
6351.743144935784 9.690997e-17
6354.784555120451 7.984146e-17
6357.825965305118 1.5871007e-16
6360.867375489785 1.5074281e-16
6363.908785674453 1.148474e-16
6366.95019585912 1.3418159e-16
6369.991606043787 1.0004961e-16
6373.0330162284545 9.458019e-17
6376.074426413122 1.4665735e-16
6379.115836597789 1.5881611e-16
6382.157246782456 1.0265542e-16
6385.1986569671235 1.287915e-16
6388.240067151791 1.6142733e-16
6391.281477336458 1.343546e-16
6394.322887521125 1.0358102e-16
6397.3642977057925 1.2350139e-16
6400.40570789046 1.5140711e-16
6403.447118075127 1.4488967e-16
6406.488528259794 1.3533483e-16
6409.529938444462 1.6312233e-16
6412.571348629129 1.5206408e-16
6415.612758813796 1.11558e-16
6418.654168998463 1.4107563e-16
6421.695579183131 1.8132036e-16
6424.736989367798 1.560215e-16
6427.778399552465 1.6659999e-16
6430.819809737132 1.4831973e-16
6433.8612199218 1.4739605e-16
6436.902630106467 1.4828704e-16
6439.944040291134 1.5329712e-16
6442.985450475801 1.5323672e-16
6446.026860660469 1.2132686e-16
6449.068270845136 1.3555985e-16
6452.109681029803 1.4485457e-16
6455.15109121447 1.6376333e-16
6458.192501399138 1.1693258e-16
6461.233911583805 1.5108932e-16
6464.275321768472 1.344763e-16
6467.316731953139 9.767681e-17
6470.358142137807 1.5060526e-16
6473.399552322474 1.6337638e-16
6476.440962507141 1.462065e-16
6479.482372691808 1.2446294e-16
6482.523782876476 1.1686205e-16
6485.565193061143 9.793782e-17
6488.60660324581 1.6789407e-16
6491.6480134304775 1.6467039e-16
6494.689423615145 1.930349e-16
6497.730833799812 1.6102372e-16
6500.772243984479 1.506356e-16
6503.8136541691465 1.4325858e-16
6506.855064353814 1.176696e-16
6509.896474538481 1.5594947e-16
6512.937884723148 1.5973522e-16
6515.9792949078155 1.1897295e-16
6519.020705092483 1.3482257e-16
6522.06211527715 1.7155309e-16
6525.103525461817 1.299379e-16
6528.144935646485 1.4706996e-16
6531.186345831152 1.5265602e-16
6534.227756015819 1.6198842e-16
6537.269166200486 1.5804741e-16
6540.310576385154 1.7295534e-16
6543.351986569821 1.3503467e-16
6546.393396754488 1.4788072e-16
6549.434806939155 1.4987782e-16
6552.476217123823 1.8662669e-16
6555.51762730849 1.9712587e-16
6558.559037493157 1.4393696e-16
6561.600447677824 1.4351676e-16
6564.641857862492 1.4685749e-16
6567.683268047159 1.3074078e-16
6570.724678231826 1.3963228e-16
6573.766088416493 1.8285374e-16
6576.807498601161 1.3970268e-16
6579.848908785828 1.5694016e-16
6582.890318970495 1.4671836e-16
6585.931729155162 1.0599157e-16
6588.97313933983 1.309495e-16
6592.014549524497 1.5229875e-16
6595.055959709164 1.022019e-16
6598.0973698938315 1.3955043e-16
6601.138780078499 1.555655e-16
6604.180190263166 1.6513578e-16
6607.221600447833 1.4879674e-16
6610.2630106325005 1.5406257e-16
6613.304420817168 1.134644e-16
6616.345831001835 1.4098984e-16
6619.387241186502 1.1171512e-16
6622.4286513711695 1.5159965e-16
6625.470061555837 9.581706e-17
6628.511471740504 1.3906571e-16
6631.552881925171 1.7262906e-16
6634.5942921098385 1.2350733e-16
6637.635702294506 1.5455731e-16
6640.677112479173 9.180248e-17
6643.71852266384 8.403726e-17
6646.759932848508 1.496044e-16
6649.801343033175 1.7795878e-16
6652.842753217842 1.2637299e-16
6655.884163402509 1.1686266e-16
6658.925573587177 1.258326e-16
6661.966983771844 9.6190696e-17
6665.008393956511 1.276496e-16
6668.049804141178 1.7412335e-16
6671.091214325846 1.2299918e-16
6674.132624510513 1.3741952e-16
6677.17403469518 1.4389687e-16
6680.215444879847 1.7277141e-16
6683.256855064515 1.5153463e-16
6686.298265249182 1.7346623e-16
6689.339675433849 1.7824182e-16
6692.381085618516 1.3317968e-16
6695.422495803184 1.2656398e-16
6698.463905987851 1.8993291e-16
6701.505316172518 1.3592956e-16
6704.546726357185 1.6099883e-16
6707.588136541853 1.5183783e-16
6710.62954672652 1.3927329e-16
6713.670956911187 1.6788803e-16
6716.7123670958545 1.267998e-16
6719.753777280522 1.3054781e-16
6722.795187465189 1.3390447e-16
6725.836597649856 1.6668416e-16
6728.8780078345235 1.6907067e-16
6731.919418019191 1.5942785e-16
6734.960828203858 1.2419685e-16
6738.002238388525 1.1664747e-16
6741.0436485731925 1.5473656e-16
6744.08505875786 1.4983068e-16
6747.126468942527 1.1846612e-16
6750.167879127194 1.2524699e-16
6753.2092893118615 1.255361e-16
6756.250699496529 1.06659805e-16
6759.292109681196 1.1906274e-16
6762.333519865863 1.4634751e-16
6765.374930050531 9.762342e-17
6768.416340235198 1.01523007e-16
6771.457750419865 1.1735522e-16
6774.499160604532 1.0524142e-16
6777.5405707892 1.5613806e-16
6780.581980973867 1.4589127e-16
6783.623391158534 1.0204362e-16
6786.664801343201 1.2176828e-16
6789.706211527869 1.5253094e-16
6792.747621712536 1.6176601e-16
6795.789031897203 1.3798637e-16
6798.83044208187 1.7083487e-16
6801.871852266538 1.5208392e-16
6804.913262451205 1.6256772e-16
6807.954672635872 1.3130616e-16
6810.996082820539 1.7077198e-16
6814.037493005207 9.333789e-17
6817.078903189874 1.6646053e-16
6820.120313374541 1.4997504e-16
6823.161723559208 1.1489449e-16
6826.203133743876 1.6591789e-16
6829.244543928543 1.4696556e-16
6832.28595411321 9.140556e-17
6835.3273642978775 7.670793e-17
6838.368774482545 9.140556e-17
6841.410184667212 1.7270746e-16
6844.451594851879 1.1668235e-16
6847.4930050365465 8.8169645e-17
6850.534415221214 9.9937725e-17
6853.575825405881 1.1702099e-16
6856.617235590548 1.3930276e-16
6859.6586457752155 1.0448249e-16
6862.700055959883 1.04355326e-16
6865.74146614455 1.2945838e-16
6868.782876329217 1.3793075e-16
6871.8242865138845 1.7737027e-16
6874.865696698552 1.6263837e-16
6877.907106883219 1.03338264e-16
6880.948517067886 1.0206844e-16
6883.989927252554 1.2751941e-16
6887.031337437221 1.179351e-16
6890.072747621888 1.4883809e-16
6893.114157806555 1.4446732e-16
6896.155567991223 1.4571945e-16
6899.19697817589 1.2551478e-16
6902.238388360557 1.3964181e-16
6905.279798545224 1.3664996e-16
6908.321208729892 1.2017361e-16
6911.362618914559 1.4155535e-16
6914.404029099226 1.2383021e-16
6917.445439283893 1.06172926e-16
6920.486849468561 1.4838992e-16
6923.528259653228 1.3067913e-16
6926.569669837895 1.4979721e-16
6929.611080022562 1.7211003e-16
6932.65249020723 1.6129138e-16
6935.693900391897 1.4047965e-16
6938.735310576564 1.3435086e-16
6941.776720761231 1.2930952e-16
6944.818130945899 1.2913586e-16
6947.859541130566 1.2083906e-16
6950.900951315233 1.2225258e-16
6953.9423614999005 8.2643886e-17
6956.983771684568 8.730425e-17
6960.025181869235 1.1857883e-16
6963.066592053902 1.4877255e-16
6966.1080022385695 1.4877255e-16
6969.149412423237 1.0008622e-16
6972.190822607904 9.9470844e-17
6975.232232792571 9.422862e-17
6978.2736429772385 8.7934084e-17
6981.315053161906 1.1441908e-16
6984.356463346573 1.0790378e-16
6987.39787353124 1.2099553e-16
6990.439283715908 1.0733901e-16
6993.480693900575 5.882091e-17
6996.522104085242 6.372597e-17
6999.563514269909 1.3377665e-16
7002.604924454577 1.1132141e-16
7005.646334639244 1.3545675e-16
7008.687744823911 1.3103833e-16
7011.729155008578 9.106448e-17
7014.770565193246 1.3690865e-16
7017.811975377913 4.9306526e-17
7020.85338556258 8.495722e-17
7023.894795747247 7.2236975e-17
7026.936205931915 9.242154e-17
7029.977616116582 1.3165687e-16
7033.019026301249 1.181938e-16
7036.060436485916 8.962303e-17
7039.101846670584 8.391217e-17
7042.143256855251 1.1733123e-16
7045.184667039918 1.0937514e-16
7048.226077224585 8.8254236e-17
7051.267487409253 9.068067e-17
7054.30889759392 9.580677e-17
7057.350307778587 1.04963926e-16
7060.391717963254 1.3020477e-16
7063.433128147922 1.0382065e-16
7066.474538332589 1.05996274e-16
7069.515948517256 7.213429e-17
7072.5573587019235 1.1114117e-16
7075.598768886591 1.2073158e-16
7078.640179071258 1.187699e-16
7081.681589255925 1.1639675e-16
7084.7229994405925 1.1220067e-16
7087.76440962526 1.1554219e-16
7090.805819809927 1.2559822e-16
7093.847229994594 1.1828209e-16
7096.8886401792615 1.1441119e-16
7099.930050363929 1.0690598e-16
7102.971460548596 9.6061954e-17
7106.012870733263 8.051919e-17
7109.054280917931 7.055992e-17
7112.095691102598 6.29728e-17
7115.137101287265 8.620104e-17
7118.178511471932 1.318133e-16
7121.2199216566 1.2941302e-16
7124.261331841267 8.079695e-17
7127.302742025934 7.4955606e-17
7130.344152210601 5.061785e-17
7133.385562395269 5.396617e-17
7136.426972579936 6.708555e-17
7139.468382764603 8.2030145e-17
7142.50979294927 1.012056e-16
7145.551203133938 1.2461886e-16
7148.592613318605 8.461018e-17
7151.634023503272 1.1611455e-16
7154.675433687939 1.3028564e-16
7157.716843872607 5.7123154e-17
7160.758254057274 1.100663e-16
7163.799664241941 1.1370422e-16
7166.841074426608 1.3012098e-16
7169.882484611276 1.2436326e-16
7172.923894795943 8.031478e-17
7175.96530498061 5.2914618e-17
7179.0067151652775 8.1597926e-17
7182.048125349945 1.3594946e-16
7185.089535534612 9.896012e-17
7188.130945719279 8.9617575e-17
7191.1723559039465 8.357287e-17
7194.213766088614 1.0991143e-16
7197.255176273281 1.1026596e-16
7200.296586457948 8.2713085e-17
7203.3379966426155 7.6554004e-17
7206.379406827283 6.917547e-17
7209.42081701195 9.543661e-17
7212.462227196617 1.1349148e-16
7215.5036373812845 1.0621989e-16
7218.545047565952 9.3435304e-17
7221.586457750619 1.2196889e-16
7224.627867935286 9.3109316e-17
7227.669278119954 9.746212e-17
7230.710688304621 1.2809153e-16
7233.752098489288 1.2675947e-16
7236.793508673955 1.1639964e-16
7239.834918858623 8.068702e-17
7242.87632904329 1.0055004e-16
7245.917739227957 9.713004e-17
7248.959149412624 9.1169074e-17
7252.000559597292 9.1304725e-17
7255.041969781959 8.0455795e-17
7258.083379966626 1.04854334e-16
7261.124790151293 8.694213e-17
7264.166200335961 1.3769665e-16
7267.207610520628 1.2101368e-16
7270.249020705295 1.0238255e-16
7273.290430889962 1.2307271e-16
7276.33184107463 7.244786e-17
7279.373251259297 6.708555e-17
7282.414661443964 1.05003015e-16
7285.456071628631 1.1628238e-16
7288.497481813299 8.677468e-17
7291.538891997966 1.2240452e-16
7294.580302182633 1.380696e-16
7297.6217123673005 1.1145212e-16
7300.663122551968 1.1929207e-16
7303.704532736635 1.3747321e-16
7306.745942921302 9.574789e-17
7309.7873531059695 1.2565987e-16
7312.828763290637 1.3677794e-16
7315.870173475304 1.0174132e-16
7318.911583659971 1.1374025e-16
7321.9529938446385 1.5266791e-16
7324.994404029306 9.9985986e-17
7328.035814213973 1.1203887e-16
7331.07722439864 8.36567e-17
7334.1186345833075 1.085837e-16
7337.160044767975 1.00298865e-16
7340.201454952642 1.0554485e-16
7343.242865137309 9.6080165e-17
7346.284275321977 1.2594742e-16
7349.325685506644 9.07415e-17
7352.367095691311 8.028902e-17
7355.408505875978 7.360329e-17
7358.449916060646 9.129169e-17
7361.491326245313 1.429954e-16
7364.53273642998 1.0414098e-16
7367.574146614647 9.0795606e-17
7370.615556799315 1.1713595e-16
7373.656966983982 1.3766332e-16
7376.698377168649 6.6044595e-17
7379.739787353316 1.0099151e-16
7382.781197537984 1.2299474e-16
7385.822607722651 9.4213635e-17
7388.864017907318 1.08240865e-16
7391.905428091985 1.128893e-16
7394.946838276653 9.410168e-17
7397.98824846132 8.470494e-17
7401.029658645987 1.111612e-16
7404.071068830654 1.2118224e-16
7407.112479015322 1.1322865e-16
7410.153889199989 7.5785375e-17
7413.195299384656 1.3243727e-16
7416.2367095693235 1.00030766e-16
7419.278119753991 7.427181e-17
7422.319529938658 8.862111e-17
7425.360940123325 1.1472137e-16
7428.4023503079925 1.2219968e-16
7431.44376049266 1.0139262e-16
7434.485170677327 8.339837e-17
7437.526580861994 1.2118944e-16
7440.5679910466615 1.2566451e-16
7443.609401231329 7.823171e-17
7446.650811415996 1.1014298e-16
7449.692221600663 6.21847e-17
7452.7336317853305 9.9327147e-17
7455.775041969998 1.1409768e-16
7458.816452154665 1.1645345e-16
7461.857862339332 1.2827127e-16
7464.899272524 1.4683063e-16
7467.940682708667 1.274679e-16
7470.982092893334 8.993235e-17
7474.023503078001 9.3513595e-17
7477.064913262669 7.556749e-17
7480.106323447336 9.5523816e-17
7483.147733632003 9.485989e-17
7486.18914381667 5.953461e-17
7489.230554001338 6.611034e-17
7492.271964186005 1.1224006e-16
7495.313374370672 9.649574e-17
7498.354784555339 1.2173898e-16
7501.396194740007 1.3759505e-16
7504.437604924674 9.191847e-17
7507.479015109341 1.1942193e-16
7510.520425294008 5.9505044e-17
7513.561835478676 4.9589395e-17
7516.603245663343 1.01177814e-16
7519.64465584801 5.878963e-17
7522.686066032677 9.5668315e-17
7525.727476217345 1.1146034e-16
7528.768886402012 9.2229136e-17
7531.810296586679 7.857772e-17
7534.8517067713465 1.061042e-16
7537.893116956014 9.5527827e-17
7540.934527140681 1.1325197e-16
7543.975937325348 1.209e-16
7547.0173475100155 8.688366e-17
7550.058757694683 8.812758e-17
7553.10016787935 7.1597154e-17
7556.141578064017 8.573645e-17
7559.1829882486845 1.1674957e-16
7562.224398433352 1.02781803e-16
7565.265808618019 8.8005195e-17
7568.307218802686 7.4360354e-17
7571.348628987354 1.1867665e-16
7574.390039172021 1.0533563e-16
7577.431449356688 1.0909125e-16
7580.472859541355 1.0698493e-16
7583.514269726023 1.0338532e-16
7586.55567991069 5.493712e-17
7589.597090095357 4.958737e-17
7592.638500280024 4.2174128e-17
7595.679910464692 7.91287e-17
7598.721320649359 3.0143196e-17
7601.762730834026 5.3922802e-17
7604.804141018693 1.10847675e-16
7607.845551203361 1.0435152e-16
7610.886961388028 8.953299e-17
7613.928371572695 7.4554914e-17
7616.969781757362 9.0514834e-17
7620.01119194203 8.334913e-17
7623.052602126697 1.5858947e-17
7626.094012311364 2.2077972e-17
7629.135422496031 5.9978965e-17
7632.176832680699 6.2046096e-17
7635.218242865366 3.9204285e-17
7638.259653050033 8.614673e-17
7641.3010632347 7.590914e-17
7644.342473419368 1.777482e-17
7647.383883604035 2.1393104e-17
7650.425293788702 3.1793418e-17
7653.4667039733695 6.905124e-17
7656.508114158037 6.9040365e-17
7659.549524342704 1.08905805e-16
7662.590934527371 4.587553e-17
7665.6323447120385 5.764663e-17
7668.673754896706 7.4269854e-17
7671.715165081373 8.7803e-17
7674.75657526604 3.05643e-17
7677.7979854507075 5.119183e-17
7680.839395635375 9.774777e-17
7683.880805820042 3.730038e-17
7686.922216004709 7.479055e-17
7689.963626189377 8.237889e-17
7693.005036374044 7.822632e-17
7696.046446558711 1.3907321e-17
7699.087856743378 5.7213357e-17
7702.129266928046 6.838147e-17
7705.170677112713 7.1670105e-17
7708.21208729738 2.8919343e-17
7711.253497482047 4.3639128e-17
7714.294907666715 6.261396e-17
7717.336317851382 5.832513e-17
7720.377728036049 8.405999e-17
7723.419138220716 8.6421574e-17
7726.460548405384 5.3380896e-17
7729.501958590051 5.0943877e-17
7732.543368774718 2.5558645e-17
7735.584778959385 6.922433e-17
7738.626189144053 6.9490305e-17
7741.66759932872 2.70144e-17
7744.709009513387 7.7028e-17
7747.750419698054 1.4829044e-17
7750.791829882722 7.428218e-18
7753.833240067389 2.8583524e-17
7756.874650252056 7.110903e-18
7759.9160604367235 9.710072e-19
7762.957470621391 3.0706e-17
7765.998880806058 4.6181067e-17
7769.040290990725 3.406212e-17
7772.0817011753925 5.28933e-17
7775.12311136006 2.1827885e-17
7778.164521544727 3.3276444e-17
7781.205931729394 8.938625e-17
7784.2473419140615 2.1371093e-17
7787.288752098729 8.693702e-17
7790.330162283396 9.123879e-17
7793.371572468063 1.09059125e-16
7796.4129826527305 1.08670396e-16
7799.454392837398 6.320935e-17
7802.495803022065 7.6090134e-17
7805.537213206732 3.618655e-17
7808.5786233914 1.0424297e-16
7811.620033576067 1.1522851e-16
7814.661443760734 7.906849e-17
7817.702853945401 6.577575e-17
7820.744264130069 4.3846224e-17
7823.785674314736 7.64549e-17
7826.827084499403 8.0642745e-17
7829.86849468407 5.7880104e-17
7832.909904868738 6.779881e-17
7835.951315053405 7.756356e-17
7838.992725238072 1.1861767e-16
7842.034135422739 8.694395e-17
7845.075545607407 7.6162496e-17
7848.116955792074 9.443581e-17
7851.158365976741 1.4037946e-16
7854.199776161408 1.516854e-16
7857.241186346076 1.0062586e-16
7860.282596530743 1.06444804e-16
7863.32400671541 8.5253946e-17
7866.365416900077 1.1447896e-16
7869.406827084745 1.2974234e-16
7872.448237269412 1.1148671e-16
7875.489647454079 9.247884e-17
7878.5310576387465 1.2125629e-16
7881.572467823414 9.865803e-17
7884.613878008081 9.5342796e-17
7887.655288192748 1.164259e-16
7890.6966983774155 1.5610856e-16
7893.738108562083 1.6221876e-16
7896.77951874675 8.167726e-17
7899.820928931417 8.223921e-17
7902.8623391160845 1.6522546e-16
7905.903749300752 1.1127602e-16
7908.945159485419 9.456464e-17
7911.986569670086 8.9686787e-17
7915.0279798547535 7.2693446e-17
7918.069390039421 1.6122642e-16
7921.110800224088 1.2208156e-16
7924.152210408755 1.0621297e-16
7927.193620593423 1.6189943e-16
7930.23503077809 1.6006911e-16
7933.276440962757 1.3489702e-16
7936.317851147424 1.3293322e-16
7939.359261332092 1.06578344e-16
7942.400671516759 1.1599718e-16
7945.442081701426 1.03613656e-16
7948.483491886093 1.4200304e-16
7951.524902070761 1.0466262e-16
7954.566312255428 8.9815244e-17
7957.607722440095 1.3156954e-16
7960.649132624762 1.5029652e-16
7963.69054280943 1.5403675e-16
7966.731952994097 5.5250794e-17
7969.773363178764 9.122327e-17
7972.814773363431 7.9116735e-17
7975.856183548099 1.5048428e-16
7978.897593732766 1.2839287e-16
7981.939003917433 8.253603e-17
7984.9804141021 1.2385152e-16
7988.021824286768 1.06619835e-16
7991.063234471435 6.012694e-17
7994.104644656102 7.3014e-17
7997.1460548407695 1.07183423e-16
8000.187465025437 1.11901e-16
8003.228875210104 7.385176e-17
8006.270285394771 7.601879e-17
8009.3116955794385 1.0651558e-16
8012.353105764106 1.5003271e-16
8015.394515948773 8.827013e-17
8018.43592613344 1.1471644e-16
8021.4773363181075 1.4652209e-16
8024.518746502775 8.394722e-17
8027.560156687442 1.0112485e-16
8030.601566872109 1.4183609e-16
8033.6429770567765 1.4365153e-16
8036.684387241444 1.2007036e-16
8039.725797426111 1.1100965e-16
8042.767207610778 8.5340766e-17
8045.808617795446 1.0761723e-16
8048.850027980113 8.165706e-17
8051.89143816478 6.829439e-17
8054.932848349447 7.259039e-17
8057.974258534115 1.2782131e-16
8061.015668718782 1.2465355e-16
8064.057078903449 1.185861e-16
8067.098489088116 1.4218112e-16
8070.139899272784 1.2336876e-16
8073.181309457451 5.0789627e-17
8076.222719642118 7.864852e-17
8079.264129826785 6.3791534e-17
8082.305540011453 5.3482355e-17
8085.34695019612 1.0081073e-16
8088.388360380787 1.1669574e-16
8091.429770565454 7.7478044e-17
8094.471180750122 5.676543e-17
8097.512590934789 8.494706e-17
8100.554001119456 1.024472e-16
8103.595411304123 6.870201e-17
8106.636821488791 6.891062e-17
8109.678231673458 9.364787e-17
8112.719641858125 9.030605e-17
8115.7610520427925 1.1604557e-16
8118.80246222746 1.2493854e-16
8121.843872412127 4.2967917e-17
8124.885282596794 5.652998e-17
8127.9266927814615 1.1033305e-16
8130.968102966129 9.859578e-17
8134.009513150796 6.5116684e-17
8137.050923335463 9.4015555e-17
8140.0923335201305 5.631234e-17
8143.133743704798 1.0327885e-16
8146.175153889465 9.6884e-17
8149.216564074132 1.8948478e-17
8152.2579742588 2.7112378e-17
8155.299384443467 4.858767e-17
8158.340794628134 9.520102e-17
8161.382204812801 8.723796e-17
8164.423614997469 9.055825e-17
8167.465025182136 9.02148e-17
8170.506435366803 7.845557e-17
8173.54784555147 9.536441e-17
8176.589255736138 9.42572e-17
8179.630665920805 5.691031e-17
8182.672076105472 4.924577e-17
8185.713486290139 2.3488784e-17
8188.754896474807 8.9484346e-17
8191.796306659474 7.941725e-17
8194.83771684414 8.6089874e-17
8197.879127028807 7.7074387e-17
8200.920537213475 8.609706e-17
8203.961947398142 1.2506385e-16
8207.00335758281 7.4741373e-17
8210.044767767477 8.90499e-17
8213.086177952144 5.2579736e-17
8216.127588136811 4.061437e-17
8219.168998321478 7.9956476e-17
8222.210408506146 1.1920468e-16
8225.251818690813 5.872651e-17
8228.29322887548 6.831117e-17
8231.334639060147 1.02450825e-16
8234.376049244815 3.1322934e-17
8237.417459429482 5.5256194e-17
8240.458869614149 3.73865e-17
8243.500279798816 6.643689e-17
8246.541689983484 6.1494393e-17
8249.58310016815 5.953279e-17
8252.624510352818 7.380627e-17
8255.665920537485 7.375004e-17
8258.707330722153 9.348859e-17
8261.74874090682 7.881335e-17
8264.790151091487 6.4174664e-17
8267.831561276154 8.487558e-17
8270.872971460822 5.5047103e-17
8273.914381645489 6.1380666e-17
8276.955791830156 6.382171e-17
8279.997202014823 6.28772e-17
8283.03861219949 5.410564e-17
8286.080022384158 1.2908376e-16
8289.121432568825 1.2736542e-16
8292.162842753492 1.0531566e-16
8295.20425293816 6.7738204e-17
8298.245663122827 5.4222884e-17
8301.287073307494 5.462942e-17
8304.328483492161 2.4912271e-17
8307.369893676829 8.565948e-17
8310.411303861496 1.0351234e-16
8313.452714046163 9.257831e-17
8316.49412423083 3.303146e-17
8319.535534415498 5.4034793e-17
8322.576944600165 7.7363046e-17
8325.618354784832 6.17593e-17
8328.6597649695 4.527295e-17
8331.701175154167 3.49767e-17
8334.742585338834 7.446694e-17
8337.783995523501 3.4178458e-17
8340.825405708169 2.6742018e-17
8343.866815892836 4.3701963e-17
8346.908226077503 8.161382e-17
8349.94963626217 1.03326684e-16
8352.991046446838 5.3688055e-17
8356.032456631505 3.5701426e-17
8359.073866816172 1.0820511e-17
8362.11527700084 4.213309e-17
8365.156687185507 -3.7459637e-20
8368.198097370174 3.649255e-17
8371.239507554841 7.0562364e-17
8374.280917739508 7.6024847e-17
8377.322327924176 5.5081153e-17
8380.363738108843 7.0271746e-17
8383.40514829351 1.8729114e-17
8386.446558478177 -2.3240625e-17
8389.487968662845 -1.9413128e-17
8392.529378847512 2.0382945e-17
8395.57078903218 -6.3258e-19
8398.612199216846 3.0483938e-17
8401.653609401514 -1.803204e-17
8404.695019586181 2.5599751e-17
8407.736429770848 8.030476e-17
8410.777839955515 8.374669e-17
8413.819250140183 7.774177e-17
8416.86066032485 -4.6280404e-18
8419.902070509517 1.14650666e-17
8422.943480694184 5.496156e-17
8425.984890878852 1.3915383e-17
8429.026301063519 4.3042906e-17
8432.067711248186 8.951679e-17
8435.109121432853 4.3332518e-17
8438.15053161752 1.6509384e-17
8441.191941802188 6.052074e-17
8444.233351986855 1.7175682e-17
8447.274762171523 2.0215621e-17
8450.31617235619 -9.3122504e-18
8453.357582540857 3.0860762e-17
8456.398992725524 1.1169382e-17
8459.440402910192 5.3651418e-17
8462.481813094859 -7.70291e-18
8465.523223279526 -1.9465403e-17
8468.564633464193 3.1144108e-17
8471.60604364886 -1.1523671e-17
8474.647453833528 -2.0833875e-17
8477.688864018195 3.691813e-17
8480.730274202862 2.0565176e-17
8483.77168438753 5.0190563e-17
8486.813094572197 3.277433e-17
8489.854504756864 1.8975505e-17
8492.895914941531 2.2983662e-17
8495.937325126199 2.1487171e-17
8498.978735310866 -4.8564113e-18
8502.020145495533 4.0552645e-17
8505.0615556802 4.516082e-17
8508.102965864868 1.4517496e-17
8511.144376049535 1.7855954e-17
8514.185786234202 4.2241837e-17
8517.22719641887 2.5523088e-17
8520.268606603537 2.0327489e-17
8523.310016788204 5.197468e-17
8526.351426972871 1.0671737e-17
8529.392837157538 2.1162748e-17
8532.434247342206 2.5839658e-17
8535.475657526873 3.519193e-17
8538.51706771154 8.1893825e-17
8541.558477896207 3.0765967e-17
8544.599888080875 7.096061e-17
8547.641298265542 7.925138e-17
8550.68270845021 8.243359e-17
8553.724118634877 8.442222e-17
8556.765528819544 5.9991314e-17
8559.806939004211 4.9403193e-17
8562.848349188878 3.08084e-17
8565.889759373546 2.3488784e-17
8568.931169558213 4.4324965e-18
8571.97257974288 9.8979565e-17
8575.013989927547 9.5733933e-17
8578.055400112215 7.552182e-17
8581.096810296882 7.1811804e-17
8584.138220481549 4.2525567e-17
8587.179630666216 4.162997e-17
8590.221040850884 6.058257e-17
8593.26245103555 8.6763656e-17
8596.303861220218 6.260809e-17
8599.345271404885 7.9172196e-17
8602.386681589553 6.596014e-17
8605.42809177422 6.713185e-17
8608.469501958887 7.7472955e-17
8611.510912143554 4.8841994e-17
8614.552322328222 5.086583e-17
8617.593732512889 6.454781e-17
8620.635142697556 7.6433586e-17
8623.676552882223 3.61307e-17
8626.71796306689 8.6057535e-17
8629.759373251558 8.6879395e-17
8632.800783436225 1.9402375e-17
8635.842193620892 5.6878606e-18
8638.88360380556 9.1856435e-17
8641.925013990227 1.702228e-17
8644.966424174894 7.837407e-17
8648.007834359561 1.3033888e-16
8651.049244544229 8.426079e-17
8654.090654728896 1.6689507e-17
8657.132064913563 1.9139255e-17
8660.17347509823 7.791125e-17
8663.214885282898 6.9839964e-17
8666.256295467565 2.7597159e-17
8669.297705652232 7.502652e-17
8672.3391158369 1.321065e-16
8675.380526021567 6.1825656e-17
8678.421936206234 5.6169104e-17
8681.463346390901 2.6150359e-17
8684.504756575569 9.8883546e-17
8687.546166760236 7.3375705e-17
8690.587576944903 4.2884057e-17
8693.62898712957 1.2684648e-16
8696.670397314238 1.2119621e-16
8699.711807498905 3.0056898e-17
8702.753217683572 3.2581933e-17
8705.79462786824 8.4204505e-17
8708.836038052907 6.372791e-17
8711.877448237574 3.112033e-17
8714.918858422241 3.384051e-17
8717.960268606908 6.6111835e-17
8721.001678791576 1.09582525e-16
8724.043088976243 1.2732168e-16
8727.08449916091 5.543654e-17
8730.125909345577 7.9655104e-17
8733.167319530245 1.118078e-16
8736.208729714912 7.424773e-17
8739.25013989958 4.8389884e-17
8742.291550084246 1.5045948e-16
8745.332960268914 1.2279516e-16
8748.374370453581 8.2633636e-17
8751.415780638248 1.2273331e-16
8754.457190822915 1.1671724e-16
8757.498601007583 1.00387844e-16
8760.54001119225 6.8720696e-17
8763.581421376917 4.7941664e-17
8766.622831561584 4.4582603e-17
8769.664241746252 3.821147e-17
8772.705651930919 1.4245305e-16
8775.747062115586 1.6691168e-16
8778.788472300253 1.6789292e-16
8781.82988248492 5.0102376e-17
8784.871292669588 8.74531e-17
8787.912702854255 1.1706885e-16
8790.954113038923 3.073511e-17
8793.99552322359 2.9811606e-17
8797.036933408257 7.088119e-17
8800.078343592924 1.2302439e-16
8803.119753777592 1.0651091e-16
8806.161163962259 3.9864415e-17
8809.202574146926 7.670926e-17
8812.243984331593 1.1583506e-16
8815.28539451626 1.615059e-16
8818.326804700928 1.1473485e-16
8821.368214885595 5.939769e-17
8824.409625070262 5.916077e-17
8827.45103525493 8.4670565e-17
8830.492445439597 6.747907e-17
8833.533855624264 3.9317367e-17
8836.575265808931 3.0463868e-17
8839.616675993599 2.3249966e-17
8842.658086178266 3.7854938e-17
8845.699496362933 8.700808e-17
8848.7409065476 7.549844e-17
8851.782316732268 1.505908e-16
8854.823726916935 9.1643e-17
8857.865137101602 8.104358e-17
8860.90654728627 8.1084975e-17
8863.947957470937 7.3753766e-17
8866.989367655604 4.1800894e-17
8870.030777840271 6.51483e-17
8873.072188024938 3.5155517e-17
8876.113598209606 1.660275e-17
8879.155008394273 9.343177e-17
8882.19641857894 3.0224296e-17
8885.237828763607 4.0829086e-17
8888.279238948275 3.1480972e-17
8891.320649132942 9.0117695e-17
8894.36205931761 1.3345973e-16
8897.403469502276 9.396349e-17
8900.444879686944 6.17493e-17
8903.486289871611 2.1200795e-17
8906.527700056278 9.084572e-18
8909.569110240946 9.189898e-17
8912.610520425613 7.900974e-18
8915.65193061028 1.2552464e-16
8918.693340794947 1.0546384e-16
8921.734750979615 6.0860654e-17
8924.776161164282 1.198699e-16
8927.817571348949 9.954593e-17
8930.858981533616 9.282982e-17
8933.900391718284 8.475503e-17
8936.94180190295 9.5293185e-17
8939.983212087618 3.944582e-17
8943.024622272285 6.0864744e-17
8946.066032456953 9.536578e-17
8949.10744264162 9.372287e-17
8952.148852826287 6.614613e-17
8955.190263010954 1.0221619e-17
8958.231673195622 6.907319e-17
8961.273083380289 1.0348392e-16
8964.314493564956 4.6636807e-17
8967.355903749623 5.505168e-17
8970.39731393429 4.1093142e-17
8973.438724118958 1.009566e-16
8976.480134303625 9.0937934e-17
8979.521544488292 6.708102e-17
8982.56295467296 1.4825566e-17
8985.604364857627 1.5618323e-17
8988.645775042294 -3.216645e-19
8991.687185226961 5.7642584e-17
8994.728595411629 5.769184e-17
8997.770005596296 8.4151545e-17
9000.811415780963 1.2085332e-16
9003.85282596563 7.883291e-17
9006.894236150298 3.9090498e-17
9009.935646334965 3.8307118e-17
9012.977056519632 6.708081e-17
9016.0184667043 9.2721825e-17
9019.059876888967 7.706836e-17
9022.101287073634 8.359601e-17
9025.142697258301 1.1477998e-16
9028.184107442969 7.507819e-17
9031.225517627636 8.352932e-17
9034.266927812303 7.0040815e-18
9037.30833799697 -5.8370753e-18
9040.349748181638 -5.75527e-18
9043.391158366305 1.0852533e-16
9046.432568550972 -1.2527787e-17
9049.47397873564 -2.282321e-17
9052.515388920307 1.2461664e-16
9055.556799104974 3.71356e-17
9058.598209289641 5.5417122e-18
9061.639619474308 1.217201e-16
9064.681029658976 1.149128e-16
9067.722439843643 4.5266728e-17
9070.76385002831 4.7239107e-17
9073.805260212977 1.8786842e-17
9076.846670397645 4.025248e-17
9079.888080582312 4.4659597e-17
9082.92949076698 7.814699e-17
9085.970900951646 1.16181405e-17
9089.012311136314 3.7856917e-17
9092.053721320981 -9.524939e-18
9095.095131505648 3.2784427e-17
9098.136541690315 7.450193e-17
9101.177951874983 4.0612494e-17
9104.21936205965 4.547338e-17
9107.260772244317 2.2704429e-17
9110.302182428984 -3.341078e-17
9113.343592613652 9.028105e-18
9116.385002798319 7.756798e-18
9119.426412982986 -2.982572e-17
9122.467823167653 2.9826402e-17
9125.50923335232 -2.1999682e-17
9128.550643536988 3.6950717e-17
9131.592053721655 -4.144061e-17
9134.633463906323 -7.4997985e-18
9137.67487409099 2.8449656e-17
9140.716284275657 8.265863e-17
9143.757694460324 5.1375007e-17
9146.799104644992 6.495164e-18
9149.840514829659 8.5924e-17
9152.881925014326 7.1282183e-17
9155.923335198993 6.271869e-17
9158.96474538366 2.9257044e-17
9162.006155568328 5.93923e-17
9165.047565752995 9.810452e-17
9168.088975937662 5.793165e-17
9171.13038612233 9.102704e-17
9174.171796306997 2.3040807e-17
9177.213206491664 5.75115e-17
9180.254616676331 7.671389e-17
9183.296026860999 9.062107e-17
9186.337437045666 2.6253677e-17
9189.378847230333 3.8911926e-17
9192.420257415 -2.4929542e-18
9195.461667599668 2.3917171e-17
9198.503077784335 1.9758559e-17
9201.544487969002 5.991067e-17
9204.58589815367 4.637723e-17
9207.627308338337 1.0771096e-16
9210.668718523004 6.495001e-17
9213.710128707671 -9.226765e-19
9216.751538892338 3.686779e-17
9219.792949077006 2.1234575e-17
9222.834359261673 -1.0460815e-17
9225.87576944634 2.5360305e-17
9228.917179631007 1.0225168e-16
9231.958589815675 1.0050758e-16
9235.000000000342 1.0699997e-16
