3308.99988740716 -2.1263022e-17
3311.894308407211 3.0037422e-18
3314.7887294072625 -7.714013e-18
3317.683150407314 2.9287005e-17
3320.577571407365 4.7875923e-17
3323.4719924074166 3.5680604e-17
3326.366413407468 -1.0951539e-17
3329.2608344075193 2.9331166e-17
3332.1552554075706 3.5926363e-17
3335.049676407622 3.624877e-17
3337.9440974076733 9.487445e-17
3340.8385184077247 2.8139348e-17
3343.732939407776 -1.698457e-17
3346.6273604078274 -2.9366808e-17
3349.5217814078787 -4.1648825e-17
3352.41620240793 2.7401656e-17
3355.3106234079814 7.8896394e-17
3358.205044408033 6.332811e-17
3361.099465408084 5.88213e-17
3363.9938864081355 3.083639e-17
3366.888307408187 -1.7088658e-17
3369.782728408238 1.0829828e-17
3372.6771494082896 3.478586e-17
3375.571570408341 2.9812493e-17
3378.4659914083923 1.8537834e-17
3381.3604124084436 -5.4517e-17
3384.254833408495 -1.0476724e-17
3387.1492544085463 4.496445e-17
3390.0436754085977 5.9537966e-17
3392.938096408649 2.5989194e-17
3395.8325174087004 3.9323562e-18
3398.7269384087517 4.6879578e-17
3401.621359408803 4.7482245e-17
3404.5157804088544 -1.3253863e-17
3407.410201408906 -2.7226587e-17
3410.304622408957 3.5520035e-17
3413.1990434090085 2.10621e-17
3416.09346440906 -4.5753375e-17
3418.987885409111 -4.867438e-17
3421.8823064091625 -9.732935e-19
3424.776727409214 2.7946972e-17
3427.6711484092652 2.0987847e-18
3430.5655694093166 -9.513721e-19
3433.459990409368 1.8990484e-17
3436.3544114094193 -2.2125457e-17
3439.2488324094707 -4.5928995e-17
3442.143253409522 1.7328185e-17
3445.0376744095734 6.9401274e-17
3447.9320954096247 3.5145515e-17
3450.826516409676 -3.081249e-17
3453.7209374097274 -3.6758047e-17
3456.6153584097788 1.7437525e-17
3459.50977940983 3.6124473e-17
3462.4042004098815 7.995627e-18
3465.298621409933 -8.158214e-18
3468.193042409984 7.5627395e-18
3471.0874634100355 1.1390077e-17
3473.981884410087 1.0119127e-18
3476.8763054101382 2.5958698e-17
3479.7707264101896 2.4179173e-17
3482.665147410241 3.7713414e-17
3485.5595684102923 4.2395095e-18
3488.4539894103436 4.0791436e-18
3491.348410410395 3.6693388e-17
3494.2428314104463 4.029224e-17
3497.1372524104977 -3.759316e-18
3500.031673410549 -2.7365883e-17
3502.9260944106004 3.5664617e-17
3505.8205154106518 2.6186482e-17
3508.714936410703 -9.114943e-19
3511.6093574107545 1.2946151e-17
3514.503778410806 -1.8893748e-18
3517.398199410857 -5.487519e-18
3520.2926204109085 -4.702136e-18
3523.18704141096 -1.2788699e-17
3526.081462411011 -1.7904556e-17
3528.9758834110626 3.529047e-18
3531.870304411114 -1.3345654e-18
3534.7647254111653 8.649121e-18
3537.6591464112166 2.1714763e-17
3540.553567411268 1.5385526e-17
3543.4479884113193 1.00604394e-17
3546.3424094113707 5.876699e-18
3549.236830411422 8.9545345e-18
3552.1312514114734 6.3063237e-18
3555.0256724115247 -7.522719e-18
3557.920093411576 -1.7178859e-17
3560.8145144116274 6.217832e-18
3563.708935411679 3.5110965e-17
3566.60335641173 3.0042502e-17
3569.4977774117815 1.7732473e-17
3572.392198411833 1.2437064e-17
3575.286619411884 3.5953852e-17
3578.1810404119356 2.2371902e-17
3581.075461411987 -1.3001222e-17
3583.9698824120383 1.1721597e-18
3586.8643034120896 4.1935748e-17
3589.758724412141 3.1510026e-17
3592.6531454121923 -8.842499e-18
3595.5475664122437 1.5343342e-17
3598.441987412295 7.470087e-18
3601.3364084123464 1.581631e-17
3604.2308294123977 1.6730206e-17
3607.125250412449 1.2381429e-17
3610.0196714125004 3.154541e-17
3612.914092412552 1.2387408e-17
3615.808513412603 -1.2540275e-18
3618.7029344126545 3.651444e-18
3621.597355412706 1.6631896e-17
3624.491776412757 2.0590453e-17
3627.3861974128085 1.5229657e-17
3630.28061841286 -2.7059138e-18
3633.1750394129112 -6.4491906e-18
3636.0694604129626 5.0876513e-18
3638.963881413014 5.611025e-18
3641.8583024130653 3.9496137e-18
3644.7527234131167 2.016457e-18
3647.647144413168 8.83482e-18
3650.5415654132194 2.260305e-17
3653.4359864132707 1.7159974e-17
3656.330407413322 5.4821755e-18
3659.2248284133734 1.6593102e-17
3662.1192494134248 1.3857298e-17
3665.013670413476 3.5269625e-18
3667.9080914135275 2.2389682e-18
3670.802512413579 8.565975e-18
3673.69693341363 1.4998614e-17
3676.5913544136815 2.3386447e-17
3679.485775413733 2.6423234e-17
3682.3801964137842 1.8556298e-17
3685.2746174138356 4.0599116e-18
3688.169038413887 8.431206e-18
3691.0634594139383 1.9854636e-17
3693.9578804139896 1.2376243e-17
3696.852301414041 1.4975531e-17
3699.7467224140923 1.3322597e-17
3702.6411434141437 1.00803646e-17
3705.535564414195 2.343636e-17
3708.4299854142464 9.017814e-18
3711.3244064142978 1.4666155e-17
3714.218827414349 1.9864746e-17
3717.1132484144005 1.36569455e-17
3720.007669414452 2.1486078e-17
3722.902090414503 1.080641e-17
3725.7965114145545 1.155637e-17
3728.690932414606 2.1674494e-17
3731.585353414657 2.6860283e-17
3734.4797744147086 2.4490245e-17
3737.37419541476 2.4927505e-17
3740.2686164148113 1.7015046e-17
3743.1630374148626 1.3612197e-17
3746.057458414914 1.5681192e-17
3748.9518794149653 2.68904e-17
3751.8463004150167 2.341854e-17
3754.740721415068 2.7798003e-17
3757.6351424151194 1.8834456e-17
3760.5295634151707 1.9717752e-17
3763.423984415222 3.136794e-17
3766.3184054152734 2.9396027e-17
3769.212826415325 1.9139595e-17
3772.107247415376 2.2078195e-17
3775.0016684154275 1.7078687e-17
3777.896089415479 1.9796196e-17
3780.79051041553 2.194563e-17
3783.6849314155816 2.2103742e-17
3786.579352415633 2.999397e-17
3789.4737734156843 2.651324e-17
3792.3681944157356 1.539e-17
3795.262615415787 1.5324422e-17
3798.1570364158383 2.4591732e-17
3801.0514574158897 2.3288365e-17
3803.945878415941 1.6646133e-17
3806.8402994159924 2.4080794e-17
3809.7347204160437 2.178195e-17
3812.629141416095 1.97448e-17
3815.5235624161464 2.3704123e-17
3818.417983416198 2.3231938e-17
3821.312404416249 1.8825526e-17
3824.2068254163005 1.5408484e-17
3827.101246416352 1.9416103e-17
3829.995667416403 2.1084657e-17
3832.8900884164545 1.30298905e-17
3835.784509416506 1.0087007e-17
3838.6789304165573 8.37155e-18
3841.5733514166086 1.1533179e-17
3844.46777241666 1.8241521e-17
3847.3621934167113 1.7699103e-17
3850.2566144167627 1.560842e-17
3853.151035416814 1.19994e-17
3856.0454564168654 1.09924544e-17
3858.9398774169167 1.0225211e-17
3861.834298416968 5.7369777e-18
3864.7287194170194 7.911782e-18
3867.6231404170708 1.0007152e-17
3870.517561417122 4.7337305e-18
3873.4119824171735 2.9406374e-18
3876.306403417225 3.9879655e-18
3879.200824417276 8.351903e-18
3882.0952454173275 1.08562674e-17
3884.989666417379 8.467234e-18
3887.8840874174302 1.4011766e-17
3890.7785084174816 6.457028e-18
3893.672929417533 9.5848395e-18
3896.5673504175843 1.2511148e-17
3899.4617714176356 9.342338e-18
3902.356192417687 5.185396e-18
3905.2506134177384 4.6858194e-18
3908.1450344177897 8.1686145e-18
3911.039455417841 1.392527e-17
3913.9338764178924 1.6434898e-17
3916.8282974179438 1.9329886e-17
3919.722718417995 2.1986863e-17
3922.6171394180465 1.5598739e-17
3925.511560418098 1.2343887e-17
3928.405981418149 1.5040314e-17
3931.3004024182005 1.5161125e-17
3934.194823418252 2.3975992e-17
3937.089244418303 2.3669345e-17
3939.9836654183546 1.3904646e-17
3942.878086418406 2.0760744e-17
3945.7725074184573 2.3558527e-17
3948.6669284185086 1.3699598e-17
3951.56134941856 1.5971847e-17
3954.4557704186113 2.8704686e-17
3957.3501914186627 2.8730802e-17
3960.244612418714 1.9989185e-17
3963.1390334187654 2.5136852e-17
3966.0334544188167 2.9959823e-17
3968.927875418868 2.6755858e-17
3971.8222964189194 2.0043986e-17
3974.716717418971 2.2676326e-17
3977.611138419022 2.8469628e-17
3980.5055594190735 2.929275e-17
3983.399980419125 2.5239213e-17
3986.294401419176 2.5846368e-17
3989.1888224192276 2.4832774e-17
3992.083243419279 2.4874916e-17
3994.9776644193303 1.9957575e-17
3997.8720854193816 2.1474092e-17
4000.766506419433 2.4748033e-17
4003.6609274194843 2.8907246e-17
4006.5553484195357 3.1560722e-17
4009.449769419587 3.2047045e-17
4012.3441904196384 3.268626e-17
4015.2386114196897 2.9308465e-17
4018.133032419741 3.1321144e-17
4021.0274534197924 3.6873353e-17
4023.921874419844 3.335834e-17
4026.816295419895 2.9056105e-17
4029.7107164199465 2.63534e-17
4032.605137419998 2.7981604e-17
4035.499558420049 3.2417327e-17
4038.3939794201005 3.3200882e-17
4041.288400420152 3.0534737e-17
4044.1828214202033 3.5772594e-17
4047.0772424202546 3.898695e-17
4049.971663420306 3.3188147e-17
4052.8660844203573 3.276645e-17
4055.7605054204087 3.5674156e-17
4058.65492642046 3.8705124e-17
4061.5493474205114 4.1911653e-17
4064.4437684205627 4.5906843e-17
4067.338189420614 4.515583e-17
4070.2326104206654 4.3512946e-17
4073.127031420717 4.1911203e-17
4076.021452420768 4.4973016e-17
4078.9158734208195 4.6853194e-17
4081.810294420871 4.8036866e-17
4084.704715420922 4.7794757e-17
4087.5991364209735 4.2760043e-17
4090.493557421025 4.7023424e-17
4093.3879784210762 4.6885785e-17
4096.282399421128 4.056226e-17
4099.176820421179 4.232921e-17
4102.071241421231 3.8049832e-17
4104.965662421283 3.3496533e-17
4107.860083421335 3.654682e-17
4110.754504421387 4.042759e-17
4113.648925421438 3.9867105e-17
4116.54334642149 3.5634534e-17
4119.437767421542 4.064562e-17
4122.332188421594 3.6164664e-17
4125.226609421646 2.7299354e-17
4128.1210304216975 3.1455277e-17
4131.015451421749 3.46631e-17
4133.909872421801 3.1220943e-17
4136.804293421853 3.3375828e-17
4139.698714421905 3.1838585e-17
4142.5931354219565 3.0656432e-17
4145.487556422008 3.1635923e-17
4148.38197742206 2.4368954e-17
4151.276398422112 2.2682983e-17
4154.170819422164 2.9067908e-17
4157.0652404222155 3.3789504e-17
4159.959661422267 3.1748628e-17
4162.854082422319 2.5665191e-17
4165.748503422371 2.3346223e-17
4168.642924422423 2.6029549e-17
4171.537345422475 2.8341306e-17
4174.431766422526 2.94397e-17
4177.326187422578 3.0556148e-17
4180.22060842263 2.738784e-17
4183.115029422682 2.0928743e-17
4186.009450422734 1.8984296e-17
4188.903871422785 1.8691537e-17
4191.798292422837 2.2937507e-17
4194.692713422889 3.0164848e-17
4197.587134422941 2.719909e-17
4200.481555422993 2.0801673e-17
4203.375976423044 2.2399836e-17
4206.270397423096 2.6376156e-17
4209.164818423148 2.8855342e-17
4212.0592394232 2.3205167e-17
4214.953660423252 2.1255671e-17
4217.8480814233035 2.421581e-17
4220.742502423355 2.2443847e-17
4223.636923423407 1.8031096e-17
4226.531344423459 1.5118744e-17
4229.425765423511 1.847267e-17
4232.3201864235625 2.290956e-17
4235.214607423614 2.3051826e-17
4238.109028423666 2.1145266e-17
4241.003449423718 2.0370818e-17
4243.89787042377 1.9858575e-17
4246.792291423822 1.9619904e-17
4249.686712423873 2.1193812e-17
4252.581133423925 1.8051577e-17
4255.475554423977 1.3201036e-17
4258.369975424029 1.5778123e-17
4261.264396424081 1.8259233e-17
4264.158817424132 1.7572451e-17
4267.053238424184 2.0664816e-17
4269.947659424236 2.2321949e-17
4272.842080424288 2.061688e-17
4275.73650142434 1.5506846e-17
4278.630922424391 1.5943494e-17
4281.525343424443 2.1078944e-17
4284.419764424495 1.9551681e-17
4287.314185424547 1.8196895e-17
4290.208606424599 2.1965846e-17
4293.1030274246505 2.0157093e-17
4295.997448424702 1.5885506e-17
4298.891869424754 1.6928096e-17
4301.786290424806 1.9585769e-17
4304.680711424858 2.1093357e-17
4307.5751324249095 2.1649937e-17
4310.469553424961 1.9096765e-17
4313.363974425013 1.7288361e-17
4316.258395425065 1.6704095e-17
4319.152816425117 1.4529892e-17
4322.0472374251685 1.8672697e-17
4324.94165842522 2.2162159e-17
4327.836079425272 2.1462946e-17
4330.730500425324 1.7133174e-17
4333.624921425376 1.7617559e-17
4336.519342425428 2.2002321e-17
4339.413763425479 1.927302e-17
4342.308184425531 1.6831914e-17
4345.202605425583 2.0072183e-17
4348.097026425635 2.181167e-17
4350.991447425687 1.848181e-17
4353.885868425738 1.674535e-17
4356.78028942579 1.8769928e-17
4359.674710425842 1.8905218e-17
4362.569131425894 2.1712269e-17
4365.463552425946 2.111643e-17
4368.357973425997 1.9007545e-17
4371.252394426049 2.0889656e-17
4374.146815426101 2.1752458e-17
4377.041236426153 1.9941667e-17
4379.935657426205 1.659859e-17
4382.8300784262565 1.7717946e-17
4385.724499426308 1.9470554e-17
4388.61892042636 1.6694624e-17
4391.513341426412 1.7817381e-17
4394.407762426464 1.8252599e-17
4397.3021834265155 1.7673612e-17
4400.196604426567 1.87178e-17
4403.091025426619 1.7828005e-17
4405.985446426671 1.38400866e-17
4408.879867426723 1.6097654e-17
4411.774288426775 1.7133268e-17
4414.668709426826 1.8003154e-17
4417.563130426878 1.793063e-17
4420.45755142693 1.9497304e-17
4423.351972426982 2.0438212e-17
4426.246393427034 1.8592825e-17
4429.140814427085 1.3103956e-17
4432.035235427137 1.3660397e-17
4434.929656427189 1.7750596e-17
4437.824077427241 1.499645e-17
4440.718498427293 1.3567342e-17
4443.612919427344 1.3297515e-17
4446.507340427396 1.19011595e-17
4449.401761427448 1.3258162e-17
4452.2961824275 1.3684896e-17
4455.190603427552 1.3309651e-17
4458.0850244276035 1.438798e-17
4460.979445427655 2.0978726e-17
4463.873866427707 2.1180239e-17
4466.768287427759 1.4434973e-17
4469.662708427811 1.1705476e-17
4472.5571294278625 1.4579708e-17
4475.451550427914 1.895277e-17
4478.345971427966 2.1562534e-17
4481.240392428018 2.1808245e-17
4484.13481342807 1.9165896e-17
4487.0292344281215 1.7290265e-17
4489.923655428173 1.7768197e-17
4492.818076428225 2.1031825e-17
4495.712497428277 2.1872406e-17
4498.606918428329 2.1089102e-17
4501.501339428381 1.8837624e-17
4504.395760428432 1.4763941e-17
4507.290181428484 1.7012336e-17
4510.184602428536 2.0928148e-17
4513.079023428588 2.3496079e-17
4515.97344442864 2.3613004e-17
4518.867865428691 2.2879505e-17
4521.762286428743 1.9780701e-17
4524.656707428795 1.9765357e-17
4527.551128428847 2.3749543e-17
4530.445549428899 2.5679405e-17
4533.33997042895 2.7318376e-17
4536.234391429002 2.938324e-17
4539.128812429054 2.8333924e-17
4542.023233429106 2.6894093e-17
4544.917654429158 2.7277521e-17
4547.8120754292095 2.8762403e-17
4550.706496429261 3.3471645e-17
4553.600917429313 3.5348187e-17
4556.495338429365 3.4099277e-17
4559.389759429417 3.6240467e-17
4562.2841804294685 3.6221495e-17
4565.17860142952 3.3777934e-17
4568.073022429572 3.612892e-17
4570.967443429624 3.7209327e-17
4573.861864429676 3.9254888e-17
4576.7562854297275 4.1498186e-17
4579.650706429779 4.162783e-17
4582.545127429831 4.5337955e-17
4585.439548429883 4.5178587e-17
4588.333969429935 4.576013e-17
4591.228390429987 4.767955e-17
4594.122811430038 4.5289158e-17
4597.01723243009 4.1979505e-17
4599.911653430142 3.99429e-17
4602.806074430194 4.210351e-17
4605.700495430246 4.519601e-17
4608.594916430297 4.599215e-17
4611.489337430349 4.8199328e-17
4614.383758430401 4.927622e-17
4617.278179430453 4.6595273e-17
4620.172600430505 4.513288e-17
4623.067021430556 4.5696918e-17
4625.961442430608 4.875966e-17
4628.85586343066 5.1895323e-17
4631.750284430712 5.142995e-17
4634.644705430764 5.201399e-17
4637.5391264308155 5.4738234e-17
4640.433547430867 5.307255e-17
4643.327968430919 5.3767527e-17
4646.222389430971 6.261915e-17
4649.116810431023 6.585746e-17
4652.0112314310745 6.2998334e-17
4654.905652431126 6.145558e-17
4657.800073431178 6.0929786e-17
4660.69449443123 6.2566115e-17
4663.588915431282 6.758378e-17
4666.483336431334 7.2515324e-17
4669.377757431385 7.261724e-17
4672.272178431437 7.037447e-17
4675.166599431489 6.932389e-17
4678.061020431541 7.398306e-17
4680.955441431593 7.175818e-17
4683.849862431644 7.2951957e-17
4686.744283431696 7.719115e-17
4689.638704431748 7.760636e-17
4692.5331254318 7.547069e-17
4695.427546431852 7.645512e-17
4698.321967431903 7.9073e-17
4701.216388431955 7.682739e-17
4704.110809432007 7.546256e-17
4707.005230432059 7.200813e-17
4709.899651432111 7.512079e-17
4712.7940724321625 7.102573e-17
4715.688493432214 6.5213834e-17
4718.582914432266 6.6151453e-17
4721.477335432318 7.0278026e-17
4724.37175643237 7.440553e-17
4727.2661774324215 7.277677e-17
4730.160598432473 6.6248776e-17
4733.055019432525 5.835177e-17
4735.949440432577 5.628986e-17
4738.843861432629 6.1099054e-17
4741.7382824326805 6.2235183e-17
4744.632703432732 6.322776e-17
4747.527124432784 6.570842e-17
4750.421545432836 6.0349675e-17
4753.315966432888 5.5235095e-17
4756.21038743294 5.75723e-17
4759.104808432991 5.814328e-17
4761.999229433043 5.884368e-17
4764.893650433095 5.947009e-17
4767.788071433147 5.4962403e-17
4770.682492433199 5.4080834e-17
4773.57691343325 5.1827465e-17
4776.471334433302 5.376807e-17
4779.365755433354 5.4153877e-17
4782.260176433406 5.687108e-17
4785.154597433458 5.3705244e-17
4788.049018433509 4.647322e-17
4790.943439433561 4.5923304e-17
4793.837860433613 5.3676114e-17
4796.732281433665 5.4716823e-17
4799.626702433717 5.2845585e-17
4802.5211234337685 5.51144e-17
4805.41554443382 5.341842e-17
4808.309965433872 4.8788257e-17
4811.204386433924 4.6399512e-17
4814.098807433976 4.452511e-17
4816.9932284340275 4.6060815e-17
4819.887649434079 4.9851833e-17
4822.782070434131 5.0516754e-17
4825.676491434183 4.8802607e-17
4828.570912434235 4.650015e-17
4831.465333434287 4.410735e-17
4834.359754434338 4.2207457e-17
4837.25417543439 4.579755e-17
4840.148596434442 5.1143456e-17
4843.043017434494 4.837661e-17
4845.937438434546 4.3962955e-17
4848.831859434597 3.9573902e-17
4851.726280434649 4.1047954e-17
4854.620701434701 4.6280156e-17
4857.515122434753 4.5870904e-17
4860.409543434805 4.616635e-17
4863.303964434856 4.938993e-17
4866.198385434908 5.1911774e-17
4869.09280643496 4.8703607e-17
4871.987227435012 4.6935522e-17
4874.881648435064 4.815997e-17
4877.7760694351155 5.416862e-17
4880.670490435167 4.982479e-17
4883.564911435219 5.1666763e-17
4886.459332435271 5.3894136e-17
4889.353753435323 5.844872e-17
4892.2481744353745 5.8388205e-17
4895.142595435426 5.740698e-17
4898.037016435478 6.001136e-17
4900.93143743553 6.159534e-17
4903.825858435582 6.145767e-17
4906.7202794356335 6.325128e-17
4909.614700435685 6.709939e-17
4912.509121435737 6.837135e-17
4915.403542435789 6.6875045e-17
4918.297963435841 6.643969e-17
4921.192384435893 6.683299e-17
4924.086805435944 6.795796e-17
4926.981226435996 6.9933283e-17
4929.875647436048 6.9720447e-17
4932.7700684361 7.179377e-17
4935.664489436152 7.425757e-17
4938.558910436203 7.247991e-17
4941.453331436255 7.3467575e-17
4944.347752436307 7.097506e-17
4947.242173436359 7.074561e-17
4950.136594436411 7.741335e-17
4953.031015436462 7.8258645e-17
4955.925436436514 7.425742e-17
4958.819857436566 7.748136e-17
4961.714278436618 7.9110396e-17
4964.60869943667 7.3435943e-17
4967.5031204367215 6.705068e-17
4970.397541436773 6.975076e-17
4973.291962436825 6.870054e-17
4976.186383436877 6.5997995e-17
4979.080804436929 6.7147875e-17
4981.9752254369805 6.844488e-17
4984.869646437032 6.707072e-17
4987.764067437084 6.8146666e-17
4990.658488437136 6.785505e-17
4993.552909437188 6.8547326e-17
4996.4473304372395 7.0184415e-17
4999.341751437291 7.106028e-17
5002.236172437343 6.9834545e-17
5005.130593437395 7.154317e-17
5008.025014437447 7.715882e-17
5010.919435437499 7.2862575e-17
5013.81385643755 7.055614e-17
5016.708277437602 7.6207256e-17
5019.602698437654 7.746149e-17
5022.497119437706 7.835772e-17
5025.391540437758 7.902071e-17
5028.285961437809 7.774894e-17
5031.180382437861 8.0830574e-17
5034.074803437913 8.381837e-17
5036.969224437965 8.12406e-17
5039.863645438017 7.9134324e-17
5042.758066438068 8.242024e-17
5045.65248743812 8.290138e-17
5048.546908438172 8.119245e-17
5051.441329438224 7.992347e-17
5054.335750438276 7.700264e-17
5057.2301714383275 7.518969e-17
5060.124592438379 7.2646184e-17
5063.019013438431 7.062047e-17
5065.913434438483 7.148344e-17
5068.807855438535 7.516138e-17
5071.7022764385865 7.131875e-17
5074.596697438638 6.627077e-17
5077.49111843869 6.4033103e-17
5080.385539438742 6.350195e-17
5083.279960438794 5.86841e-17
5086.174381438846 6.12877e-17
5089.068802438897 5.8253003e-17
5091.963223438949 5.348358e-17
5094.857644439001 5.7921066e-17
5097.752065439053 5.872522e-17
5100.646486439105 5.247839e-17
5103.540907439156 5.0496273e-17
5106.435328439208 5.1650752e-17
5109.32974943926 5.4827202e-17
5112.224170439312 5.4659347e-17
5115.118591439364 5.2296158e-17
5118.013012439415 4.9989982e-17
5120.907433439467 4.6760987e-17
5123.801854439519 4.3997052e-17
5126.696275439571 4.0690745e-17
5129.590696439623 3.950257e-17
5132.4851174396745 3.9602718e-17
5135.379538439726 4.1624337e-17
5138.273959439778 3.9060147e-17
5141.16838043983 3.8656e-17
5144.062801439882 4.4809578e-17
5146.9572224399335 4.7656942e-17
5149.851643439985 4.465825e-17
5152.746064440037 3.997024e-17
5155.640485440089 3.9076224e-17
5158.534906440141 4.081859e-17
5161.4293274401925 4.1528603e-17
5164.323748440244 4.2515767e-17
5167.218169440296 4.5767917e-17
5170.112590440348 4.676732e-17
5173.0070114404 4.282933e-17
5175.901432440452 4.2211784e-17
5178.795853440503 4.5322526e-17
5181.690274440555 4.3173167e-17
5184.584695440607 4.61597e-17
5187.479116440659 5.0646522e-17
5190.373537440711 5.1879047e-17
5193.267958440762 4.5342216e-17
5196.162379440814 4.2468e-17
5199.056800440866 4.36902e-17
5201.951221440918 4.3719225e-17
5204.84564244097 4.7247865e-17
5207.740063441021 5.247977e-17
5210.634484441073 5.5856635e-17
5213.528905441125 5.689227e-17
5216.423326441177 5.731546e-17
5219.317747441229 5.4082223e-17
5222.2121684412805 4.9756737e-17
5225.106589441332 5.8411835e-17
5228.001010441384 6.561317e-17
5230.895431441436 5.884536e-17
5233.789852441488 5.9631775e-17
5236.6842734415395 6.5192685e-17
5239.578694441591 6.201868e-17
5242.473115441643 5.757163e-17
5245.367536441695 6.2535007e-17
5248.261957441747 6.1990814e-17
5251.156378441799 6.272795e-17
5254.05079944185 6.052829e-17
5256.945220441902 6.419572e-17
5259.839641441954 6.0660576e-17
5262.734062442006 5.4403795e-17
5265.628483442058 6.024318e-17
5268.522904442109 6.0647274e-17
5271.417325442161 5.998986e-17
5274.311746442213 5.796256e-17
5277.206167442265 5.4248682e-17
5280.100588442317 5.4274374e-17
5282.995009442368 5.839804e-17
5285.88943044242 5.9359645e-17
5288.783851442472 6.321067e-17
5291.678272442524 6.547112e-17
5294.572693442576 6.221594e-17
5297.4671144426275 6.2860313e-17
5300.361535442679 6.414242e-17
5303.255956442731 6.1713166e-17
5306.150377442783 6.305763e-17
5309.044798442835 6.4772934e-17
5311.9392194428865 6.526213e-17
5314.833640442938 6.489005e-17
5317.72806144299 6.621385e-17
5320.622482443042 6.961376e-17
5323.516903443094 7.1607424e-17
5326.4113244431455 7.381514e-17
5329.305745443197 7.2666096e-17
5332.200166443249 7.252201e-17
5335.094587443301 6.818081e-17
5337.989008443353 6.412936e-17
5340.883429443405 6.543007e-17
5343.777850443456 6.679822e-17
5346.672271443508 6.8090993e-17
5349.56669244356 7.174648e-17
5352.461113443612 7.453398e-17
5355.355534443664 7.48928e-17
5358.249955443715 7.9494704e-17
5361.144376443767 8.150151e-17
5364.038797443819 8.303097e-17
5366.933218443871 8.062131e-17
5369.827639443923 7.726669e-17
5372.722060443974 7.8775666e-17
5375.616481444026 7.534482e-17
5378.510902444078 7.476693e-17
5381.40532344413 7.805013e-17
5384.299744444182 8.224008e-17
5387.1941654442335 8.4379444e-17
5390.088586444285 8.535876e-17
5392.983007444337 8.545248e-17
5395.877428444389 8.6341324e-17
5398.771849444441 8.4680584e-17
5401.6662704444925 8.440657e-17
5404.560691444544 9.1495745e-17
5407.455112444596 9.3070955e-17
5410.349533444648 9.135465e-17
5413.2439544447 9.596478e-17
5416.138375444752 9.4290166e-17
5419.032796444803 9.106133e-17
5421.927217444855 9.542085e-17
5424.821638444907 9.5510006e-17
5427.716059444959 8.8715174e-17
5430.610480445011 8.567016e-17
5433.504901445062 8.8890007e-17
5436.399322445114 9.002961e-17
5439.293743445166 8.926015e-17
5442.188164445218 9.568886e-17
5445.08258544527 9.330258e-17
5447.977006445321 8.4997665e-17
5450.871427445373 8.711802e-17
5453.765848445425 9.081053e-17
5456.660269445477 9.262405e-17
5459.554690445529 8.816659e-17
5462.4491114455805 8.301406e-17
5465.343532445632 8.551562e-17
5468.237953445684 8.35467e-17
5471.132374445736 8.047292e-17
5474.026795445788 8.045342e-17
5476.9212164458395 8.299177e-17
5479.815637445891 8.1898186e-17
5482.710058445943 7.8235953e-17
5485.604479445995 7.894837e-17
5488.498900446047 8.00043e-17
5491.3933214460985 8.1639914e-17
5494.28774244615 8.1557083e-17
5497.182163446202 8.134959e-17
5500.076584446254 8.514531e-17
5502.971005446306 9.039328e-17
5505.865426446358 9.239548e-17
5508.759847446409 8.7661994e-17
5511.654268446461 8.5061954e-17
5514.548689446513 9.0301984e-17
5517.443110446565 9.250907e-17
5520.337531446617 9.301051e-17
5523.231952446668 9.86147e-17
5526.12637344672 1.0462401e-16
5529.020794446772 1.0470302e-16
5531.915215446824 1.0459095e-16
5534.809636446876 1.083973e-16
5537.704057446927 1.140591e-16
5540.598478446979 1.161396e-16
5543.492899447031 1.1657928e-16
5546.387320447083 1.1151799e-16
5549.281741447135 1.0966425e-16
5552.1761624471865 1.1062172e-16
5555.070583447238 1.0745659e-16
5557.96500444729 1.10338264e-16
5560.859425447342 1.1764054e-16
5563.753846447394 1.1636355e-16
5566.6482674474455 1.1625665e-16
5569.542688447497 1.2229975e-16
5572.437109447549 1.3656633e-16
5575.331530447601 1.5758188e-16
5578.225951447653 1.7623136e-16
5581.1203724477045 1.8360707e-16
5584.014793447756 1.8473204e-16
5586.909214447808 1.7677628e-16
5589.80363544786 1.6654596e-16
5592.698056447912 1.5995943e-16
5595.592477447964 1.5582925e-16
5598.486898448015 1.5238132e-16
5601.381319448067 1.4915528e-16
5604.275740448119 1.4773771e-16
5607.170161448171 1.5200115e-16
5610.064582448223 1.5473448e-16
5612.959003448274 1.5376024e-16
5615.853424448326 1.5460249e-16
5618.747845448378 1.4902004e-16
5621.64226644843 1.4775641e-16
5624.536687448482 1.4783495e-16
5627.431108448533 1.4734293e-16
5630.325529448585 1.4892827e-16
5633.219950448637 1.4819241e-16
5636.114371448689 1.5158615e-16
5639.008792448741 1.5639254e-16
5641.9032134487925 1.5875294e-16
5644.797634448844 1.5776632e-16
5647.692055448896 1.6057618e-16
5650.586476448948 1.5848672e-16
5653.480897449 1.582747e-16
5656.3753184490515 1.593109e-16
5659.269739449103 1.5808854e-16
5662.164160449155 1.5952362e-16
5665.058581449207 1.658021e-16
5667.953002449259 1.7024302e-16
5670.847423449311 1.7022895e-16
5673.741844449362 1.650646e-16
5676.636265449414 1.656948e-16
5679.530686449466 1.693587e-16
5682.425107449518 1.7411714e-16
5685.31952844957 1.7499916e-16
5688.213949449621 1.7414975e-16
5691.108370449673 1.7652814e-16
5694.002791449725 1.8076259e-16
5696.897212449777 1.7962886e-16
5699.791633449829 1.8048897e-16
5702.68605444988 1.8454929e-16
5705.580475449932 1.804291e-16
5708.474896449984 1.754948e-16
5711.369317450036 1.7848878e-16
5714.263738450088 1.856926e-16
5717.1581594501395 1.8366827e-16
5720.052580450191 1.8155973e-16
5722.947001450243 1.857889e-16
5725.841422450295 1.812147e-16
5728.735843450347 1.7640238e-16
5731.6302644503985 1.8453347e-16
5734.52468545045 1.8724639e-16
5737.419106450502 1.8262552e-16
5740.313527450554 1.7787267e-16
5743.207948450606 1.7953867e-16
5746.1023694506575 1.8408208e-16
5748.996790450709 1.8169582e-16
5751.891211450761 1.783033e-16
5754.785632450813 1.7942207e-16
5757.680053450865 1.8078592e-16
5760.574474450917 1.769594e-16
5763.468895450968 1.7798752e-16
5766.36331645102 1.7774195e-16
5769.257737451072 1.7657871e-16
5772.152158451124 1.7724146e-16
5775.046579451176 1.7176266e-16
5777.941000451227 1.629042e-16
5780.835421451279 1.626066e-16
5783.729842451331 1.5877574e-16
5786.624263451383 1.5402676e-16
5789.518684451435 1.5301352e-16
5792.413105451486 1.5046308e-16
5795.307526451538 1.4517623e-16
5798.20194745159 1.453952e-16
5801.096368451642 1.4448083e-16
5803.990789451694 1.400674e-16
5806.8852104517455 1.3805803e-16
5809.779631451797 1.3450996e-16
5812.674052451849 1.268527e-16
5815.568473451901 1.245569e-16
5818.462894451953 1.2486093e-16
5821.3573154520045 1.2651713e-16
5824.251736452056 1.2167735e-16
5827.146157452108 1.2009814e-16
5830.04057845216 1.2067017e-16
5832.934999452212 1.2401579e-16
5835.829420452264 1.2602589e-16
5838.723841452315 1.2706311e-16
5841.618262452367 1.287468e-16
5844.512683452419 1.2714114e-16
5847.407104452471 1.2232593e-16
5850.301525452523 1.2191575e-16
5853.195946452574 1.2432927e-16
5856.090367452626 1.2252599e-16
5858.984788452678 1.249134e-16
5861.87920945273 1.2549593e-16
5864.773630452782 1.2184172e-16
5867.668051452833 1.165801e-16
5870.562472452885 1.1352952e-16
5873.456893452937 1.1190255e-16
5876.351314452989 1.1069474e-16
5879.245735453041 1.0512181e-16
5882.1401564530925 1.0721095e-16
5885.034577453144 1.1995755e-16
5887.928998453196 1.288686e-16
5890.823419453248 1.3301862e-16
5893.7178404533 1.4020726e-16
5896.6122614533515 1.4678354e-16
5899.506682453403 1.5151203e-16
5902.401103453455 1.525443e-16
5905.295524453507 1.4654767e-16
5908.189945453559 1.387622e-16
5911.0843664536105 1.2969374e-16
5913.978787453662 1.2650703e-16
5916.873208453714 1.2945897e-16
5919.767629453766 1.3241363e-16
5922.662050453818 1.2548641e-16
5925.55647145387 1.2463897e-16
5928.450892453921 1.293489e-16
5931.345313453973 1.3074895e-16
5934.239734454025 1.293341e-16
5937.134155454077 1.3383065e-16
5940.028576454129 1.346977e-16
5942.92299745418 1.3161447e-16
5945.817418454232 1.3011642e-16
5948.711839454284 1.3007586e-16
5951.606260454336 1.2762502e-16
5954.500681454388 1.2680057e-16
5957.395102454439 1.3229781e-16
5960.289523454491 1.3322601e-16
5963.183944454543 1.3315752e-16
5966.078365454595 1.3495368e-16
5968.972786454647 1.3425672e-16
5971.8672074546985 1.3177874e-16
5974.76162845475 1.2946778e-16
5977.656049454802 1.2526643e-16
5980.550470454854 1.2250848e-16
5983.444891454906 1.215163e-16
5986.3393124549575 1.2108766e-16
5989.233733455009 1.209268e-16
5992.128154455061 1.2500891e-16
5995.022575455113 1.2390506e-16
5997.916996455165 1.2114547e-16
6000.8114174552165 1.2027953e-16
6003.705838455268 1.2251782e-16
6006.60025945532 1.2871564e-16
6009.494680455372 1.2893225e-16
6012.389101455424 1.2606087e-16
6015.283522455476 1.2238136e-16
6018.177943455527 1.2109438e-16
6021.072364455579 1.1787907e-16
6023.966785455631 1.121039e-16
6026.861206455683 1.0564098e-16
6029.755627455735 1.06649885e-16
6032.650048455786 1.0650328e-16
6035.544469455838 1.10138907e-16
6038.43889045589 1.2057184e-16
6041.333311455942 1.281597e-16
6044.227732455994 1.2916988e-16
6047.122153456045 1.2774048e-16
6050.016574456097 1.2892657e-16
6052.910995456149 1.2579915e-16
6055.805416456201 1.2754207e-16
6058.699837456253 1.2831535e-16
6061.5942584563045 1.2338581e-16
6064.488679456356 1.210493e-16
6067.383100456408 1.2091693e-16
6070.27752145646 1.2242171e-16
6073.171942456512 1.2117391e-16
6076.0663634565635 1.2195211e-16
6078.960784456615 1.2507985e-16
6081.855205456667 1.20922e-16
6084.749626456719 1.1964694e-16
6087.644047456771 1.2232098e-16
6090.538468456823 1.246211e-16
6093.432889456874 1.2544488e-16
6096.327310456926 1.2482137e-16
6099.221731456978 1.1939585e-16
6102.11615245703 1.116358e-16
6105.010573457082 1.1030066e-16
6107.904994457133 1.1168913e-16
6110.799415457185 1.1080915e-16
6113.693836457237 1.0932455e-16
6116.588257457289 1.1191349e-16
6119.482678457341 1.1030737e-16
6122.377099457392 1.04850986e-16
6125.271520457444 1.0345899e-16
6128.165941457496 1.0808771e-16
6131.060362457548 1.0603891e-16
6133.9547834576 1.01597175e-16
6136.8492044576515 1.0106571e-16
6139.743625457703 1.0172075e-16
6142.638046457755 1.06071276e-16
6145.532467457807 1.04400854e-16
6148.426888457859 1.0365109e-16
6151.3213094579105 1.04566634e-16
6154.215730457962 1.03372384e-16
6157.110151458014 1.0568662e-16
6160.004572458066 1.10944475e-16
6162.898993458118 1.121677e-16
6165.7934144581695 1.0911231e-16
6168.687835458221 1.08036233e-16
6171.582256458273 1.101496e-16
6174.476677458325 1.09978976e-16
6177.371098458377 1.1186047e-16
6180.265519458429 1.1435923e-16
6183.15994045848 1.1437049e-16
6186.054361458532 1.1269822e-16
6188.948782458584 1.0869776e-16
6191.843203458636 1.1231738e-16
6194.737624458688 1.0800212e-16
6197.632045458739 1.0581213e-16
6200.526466458791 1.0839945e-16
6203.420887458843 1.08368264e-16
6206.315308458895 1.0939341e-16
6209.209729458947 1.0986631e-16
6212.104150458998 1.0388926e-16
6214.99857145905 9.715822e-17
6217.892992459102 9.904077e-17
6220.787413459154 1.0048933e-16
6223.681834459206 9.799838e-17
6226.5762554592575 9.4229715e-17
6229.470676459309 9.538895e-17
6232.365097459361 1.0115326e-16
6235.259518459413 1.0414557e-16
6238.153939459465 1.0316601e-16
6241.0483604595165 9.392912e-17
6243.942781459568 9.240821e-17
6246.83720245962 9.3398174e-17
6249.731623459672 9.593711e-17
6252.626044459724 9.772619e-17
6255.520465459776 9.856438e-17
6258.414886459827 9.979537e-17
6261.309307459879 9.531396e-17
6264.203728459931 8.7607116e-17
6267.098149459983 8.732004e-17
6269.992570460035 8.5418124e-17
6272.886991460086 8.2772225e-17
6275.781412460138 7.830128e-17
6278.67583346019 7.5767084e-17
6281.570254460242 7.602909e-17
6284.464675460294 7.199628e-17
6287.359096460345 7.0513144e-17
6290.253517460397 7.1990726e-17
6293.147938460449 7.5517156e-17
6296.042359460501 7.541875e-17
6298.936780460553 7.688005e-17
6301.8312014606045 7.66971e-17
6304.725622460656 7.1299475e-17
6307.620043460708 6.757654e-17
6310.51446446076 6.80428e-17
6313.408885460812 6.771472e-17
6316.3033064608635 6.5963075e-17
6319.197727460915 6.538981e-17
6322.092148460967 6.20647e-17
6324.986569461019 6.5784754e-17
6327.880990461071 6.9459236e-17
6330.7754114611225 6.7342924e-17
6333.669832461174 6.5053996e-17
6336.564253461226 6.696421e-17
6339.458674461278 6.591933e-17
6342.35309546133 6.4644324e-17
6345.247516461382 6.7582827e-17
6348.141937461433 7.289299e-17
6351.036358461485 7.35333e-17
6353.930779461537 7.288149e-17
6356.825200461589 7.498138e-17
6359.719621461641 7.955356e-17
6362.614042461692 8.0604304e-17
6365.508463461744 8.2113895e-17
6368.402884461796 8.632217e-17
6371.297305461848 8.718742e-17
6374.1917264619 8.644777e-17
6377.086147461951 8.361363e-17
6379.980568462003 8.2812605e-17
6382.874989462055 8.598537e-17
6385.769410462107 9.041128e-17
6388.663831462159 9.4064544e-17
6391.5582524622105 9.207322e-17
6394.452673462262 9.222769e-17
6397.347094462314 9.2217575e-17
6400.241515462366 9.034502e-17
6403.135936462418 9.432102e-17
6406.0303574624695 9.606193e-17
6408.924778462521 9.571498e-17
6411.819199462573 9.294337e-17
6414.713620462625 9.015299e-17
6417.608041462677 9.14809e-17
6420.5024624627285 9.147062e-17
6423.39688346278 8.975757e-17
6426.291304462832 8.9028675e-17
6429.185725462884 9.187798e-17
6432.080146462936 9.378286e-17
6434.974567462988 9.29637e-17
6437.868988463039 9.01463e-17
6440.763409463091 8.729216e-17
6443.657830463143 9.2361425e-17
6446.552251463195 9.677284e-17
6449.446672463247 9.483896e-17
6452.341093463298 9.038447e-17
6455.23551446335 8.736028e-17
6458.129935463402 8.934411e-17
6461.024356463454 9.449236e-17
6463.918777463506 9.4202134e-17
6466.8131984635575 9.507963e-17
6469.707619463609 9.882596e-17
6472.602040463661 9.8188066e-17
6475.496461463713 9.5058425e-17
6478.390882463765 9.992235e-17
6481.2853034638165 1.0385014e-16
6484.179724463868 1.0066008e-16
6487.07414546392 1.01477704e-16
6489.968566463972 1.0280485e-16
6492.862987464024 1.0696326e-16
6495.7574084640755 1.1302921e-16
6498.651829464127 1.1187908e-16
6501.546250464179 1.1430219e-16
6504.440671464231 1.1519554e-16
6507.335092464283 1.09909956e-16
6510.229513464335 1.1104233e-16
6513.123934464386 1.1352371e-16
6516.018355464438 1.1262855e-16
6518.91277646449 1.0954837e-16
6521.807197464542 1.0881481e-16
6524.701618464594 1.1304077e-16
6527.596039464645 1.1728145e-16
6530.490460464697 1.2557739e-16
6533.384881464749 1.2822239e-16
6536.279302464801 1.2803806e-16
6539.173723464853 1.2384258e-16
6542.068144464904 1.2014464e-16
6544.962565464956 1.2241099e-16
6547.856986465008 1.2499873e-16
6550.75140746506 1.2873801e-16
6553.645828465112 1.3568196e-16
6556.5402494651635 1.3647141e-16
6559.434670465215 1.3182161e-16
6562.329091465267 1.3263653e-16
6565.223512465319 1.3906902e-16
6568.117933465371 1.423022e-16
6571.0123544654225 1.4654375e-16
6573.906775465474 1.5276528e-16
6576.801196465526 1.5036443e-16
6579.695617465578 1.4786202e-16
6582.59003846563 1.5340088e-16
6585.4844594656815 1.5657922e-16
6588.378880465733 1.5306976e-16
6591.273301465785 1.505456e-16
6594.167722465837 1.5515844e-16
6597.062143465889 1.5680963e-16
6599.956564465941 1.5630226e-16
6602.850985465992 1.5804053e-16
6605.745406466044 1.6084154e-16
6608.639827466096 1.626524e-16
6611.534248466148 1.637776e-16
6614.4286694662 1.6452667e-16
6617.323090466251 1.6234425e-16
6620.217511466303 1.6285258e-16
6623.111932466355 1.6687118e-16
6626.006353466407 1.6811316e-16
6628.900774466459 1.6625622e-16
6631.79519546651 1.6630887e-16
6634.689616466562 1.674238e-16
6637.584037466614 1.6462545e-16
6640.478458466666 1.6472465e-16
6643.372879466718 1.6421879e-16
6646.2673004667695 1.6731452e-16
6649.161721466821 1.7147512e-16
6652.056142466873 1.6961848e-16
6654.950563466925 1.6553822e-16
6657.844984466977 1.7017529e-16
6660.7394054670285 1.7478473e-16
6663.63382646708 1.7314468e-16
6666.528247467132 1.6728514e-16
6669.422668467184 1.6608123e-16
6672.317089467236 1.655882e-16
6675.211510467288 1.704966e-16
6678.105931467339 1.7517533e-16
6681.000352467391 1.6992995e-16
6683.894773467443 1.675795e-16
6686.789194467495 1.7192232e-16
6689.683615467547 1.7361765e-16
6692.578036467598 1.7226272e-16
6695.47245746765 1.7521416e-16
6698.366878467702 1.8054847e-16
6701.261299467754 1.8022209e-16
6704.155720467806 1.7523154e-16
6707.050141467857 1.74293e-16
6709.944562467909 1.7512243e-16
6712.838983467961 1.7315345e-16
6715.733404468013 1.7207353e-16
6718.627825468065 1.6997521e-16
6721.5222464681165 1.714308e-16
6724.416667468168 1.7239284e-16
6727.31108846822 1.6938539e-16
6730.205509468272 1.7146121e-16
6733.099930468324 1.7351535e-16
6735.9943514683755 1.7404497e-16
6738.888772468427 1.7524798e-16
6741.783193468479 1.6954663e-16
6744.677614468531 1.663518e-16
6747.572035468583 1.6458038e-16
6750.4664564686345 1.6470254e-16
6753.360877468686 1.6659163e-16
6756.255298468738 1.7021614e-16
6759.14971946879 1.6846033e-16
6762.044140468842 1.6231074e-16
6764.938561468894 1.5850451e-16
6767.832982468945 1.5681359e-16
6770.727403468997 1.5515562e-16
6773.621824469049 1.5897976e-16
6776.516245469101 1.6161757e-16
6779.410666469153 1.5388924e-16
6782.305087469204 1.446278e-16
6785.199508469256 1.4142213e-16
6788.093929469308 1.4504404e-16
6790.98835046936 1.458863e-16
6793.882771469412 1.443324e-16
6796.777192469463 1.4049111e-16
6799.671613469515 1.3430083e-16
6802.566034469567 1.3482999e-16
6805.460455469619 1.3352455e-16
6808.354876469671 1.2838277e-16
6811.2492974697225 1.2598596e-16
6814.143718469774 1.2361999e-16
6817.038139469826 1.2152318e-16
6819.932560469878 1.2179683e-16
6822.82698146993 1.2549548e-16
6825.7214024699815 1.2726186e-16
6828.615823470033 1.3259231e-16
6831.510244470085 1.3411192e-16
6834.404665470137 1.3355473e-16
6837.299086470189 1.3056838e-16
6840.193507470241 1.2546511e-16
6843.087928470292 1.2111953e-16
6845.982349470344 1.1856792e-16
6848.876770470396 1.182102e-16
6851.771191470448 1.159162e-16
6854.6656124705 1.1655631e-16
6857.560033470551 1.1889813e-16
6860.454454470603 1.2703977e-16
6863.348875470655 1.3240594e-16
6866.243296470707 1.3310853e-16
6869.137717470759 1.3523912e-16
6872.03213847081 1.3212725e-16
6874.926559470862 1.283535e-16
6877.820980470914 1.256992e-16
6880.715401470966 1.1963708e-16
6883.609822471018 1.1725424e-16
6886.5042434710695 1.1850519e-16
6889.398664471121 1.2393611e-16
6892.293085471173 1.2671401e-16
6895.187506471225 1.2351146e-16
6898.081927471277 1.225139e-16
6900.9763484713285 1.186035e-16
6903.87076947138 1.1936957e-16
6906.765190471432 1.2158063e-16
6909.659611471484 1.1767731e-16
6912.554032471536 1.2216243e-16
6915.4484534715875 1.2589457e-16
6918.342874471639 1.231888e-16
6921.237295471691 1.219855e-16
6924.131716471743 1.2480162e-16
6927.026137471795 1.2311444e-16
6929.920558471847 1.203624e-16
6932.814979471898 1.157637e-16
6935.70940047195 1.1269879e-16
6938.603821472002 1.1489662e-16
6941.498242472054 1.1624671e-16
6944.392663472106 1.1696187e-16
6947.287084472157 1.2131788e-16
6950.181505472209 1.2252787e-16
6953.075926472261 1.1700164e-16
6955.970347472313 1.1153347e-16
6958.864768472365 1.0782594e-16
6961.759189472416 1.0700713e-16
6964.653610472468 1.08980814e-16
6967.54803147252 1.1103519e-16
6970.442452472572 1.09020446e-16
6973.336873472624 1.0897407e-16
6976.2312944726755 1.1112098e-16
6979.125715472727 1.1152234e-16
6982.020136472779 1.1237018e-16
6984.914557472831 1.10430623e-16
6987.808978472883 1.0333168e-16
6990.7033994729345 1.02749093e-16
6993.597820472986 1.02756644e-16
6996.492241473038 1.0257464e-16
6999.38666247309 1.00959935e-16
7002.281083473142 1.04175404e-16
7005.1755044731935 1.076833e-16
7008.069925473245 1.0797989e-16
7010.964346473297 1.1020494e-16
7013.858767473349 1.1304197e-16
7016.753188473401 1.1040657e-16
7019.647609473453 1.09792874e-16
7022.542030473504 1.08017976e-16
7025.436451473556 1.0485962e-16
7028.330872473608 1.0650867e-16
7031.22529347366 1.0783622e-16
7034.119714473712 1.0618051e-16
7037.014135473763 1.09181965e-16
7039.908556473815 1.1481178e-16
7042.802977473867 1.1740783e-16
7045.697398473919 1.1188841e-16
7048.591819473971 1.0769413e-16
7051.486240474022 1.0792264e-16
7054.380661474074 1.09931496e-16
7057.275082474126 1.1430956e-16
7060.169503474178 1.1550321e-16
7063.06392447423 1.1548913e-16
7065.9583454742815 1.1861882e-16
7068.852766474333 1.172546e-16
7071.747187474385 1.1410912e-16
7074.641608474437 1.1820253e-16
7077.536029474489 1.2367234e-16
7080.4304504745405 1.1712171e-16
7083.324871474592 1.1655584e-16
7086.219292474644 1.2260998e-16
7089.113713474696 1.2129497e-16
7092.008134474748 1.1812981e-16
7094.9025554748 1.2250885e-16
7097.796976474851 1.2474923e-16
7100.691397474903 1.2313583e-16
7103.585818474955 1.2242751e-16
7106.480239475007 1.1960313e-16
7109.374660475059 1.166458e-16
7112.26908147511 1.165093e-16
7115.163502475162 1.2108791e-16
7118.057923475214 1.2177292e-16
7120.952344475266 1.2359318e-16
7123.846765475318 1.2211436e-16
7126.741186475369 1.1860387e-16
7129.635607475421 1.1402488e-16
7132.530028475473 1.1225785e-16
7135.424449475525 1.1532416e-16
7138.318870475577 1.1616222e-16
7141.2132914756285 1.1620731e-16
7144.10771247568 1.1839287e-16
7147.002133475732 1.2114177e-16
7149.896554475784 1.2137113e-16
7152.790975475836 1.188437e-16
7155.6853964758875 1.1278482e-16
7158.579817475939 1.07063356e-16
7161.474238475991 1.05344985e-16
7164.368659476043 1.00699016e-16
7167.263080476095 1.0225553e-16
7170.1575014761465 1.03315434e-16
7173.051922476198 9.781095e-17
7175.94634347625 9.617889e-17
7178.840764476302 9.751007e-17
7181.735185476354 9.645273e-17
7184.629606476406 9.60373e-17
7187.524027476457 9.342875e-17
7190.418448476509 9.3964204e-17
7193.312869476561 9.010192e-17
7196.207290476613 8.7557604e-17
7199.101711476665 9.266603e-17
7201.996132476716 9.458608e-17
7204.890553476768 9.187223e-17
7207.78497447682 8.718241e-17
7210.679395476872 8.665168e-17
7213.573816476924 8.385201e-17
7216.468237476975 7.9020676e-17
7219.362658477027 8.146509e-17
7222.257079477079 7.927502e-17
7225.151500477131 7.726351e-17
7228.045921477183 7.7363906e-17
7230.9403424772345 7.7738044e-17
7233.834763477286 7.945662e-17
7236.729184477338 8.797679e-17
7239.62360547739 9.0471364e-17
7242.518026477442 9.49218e-17
7245.4124474774935 9.7015494e-17
7248.306868477545 9.773663e-17
7251.201289477597 9.683907e-17
7254.095710477649 9.409542e-17
7256.990131477701 8.5400006e-17
7259.884552477753 7.943244e-17
7262.778973477804 7.9959454e-17
7265.673394477856 8.365591e-17
7268.567815477908 8.05063e-17
7271.46223647796 7.621631e-17
7274.356657478012 7.998823e-17
7277.251078478063 9.197131e-17
7280.145499478115 9.634692e-17
7283.039920478167 9.9140415e-17
7285.934341478219 9.873728e-17
7288.828762478271 9.6965394e-17
7291.723183478322 8.941386e-17
7294.617604478374 8.86777e-17
7297.512025478426 8.434787e-17
7300.406446478478 7.6021564e-17
7303.30086747853 7.663718e-17
7306.1952884785815 7.950958e-17
7309.089709478633 7.953354e-17
7311.984130478685 8.2531946e-17
7314.878551478737 8.8418997e-17
7317.772972478789 9.417282e-17
7320.6673934788405 9.6679116e-17
7323.561814478892 9.8246505e-17
7326.456235478944 9.737698e-17
7329.350656478996 9.600834e-17
7332.245077479048 8.935292e-17
7335.1394984790995 9.33912e-17
7338.033919479151 1.00391443e-16
7340.928340479203 1.050677e-16
7343.822761479255 1.1279718e-16
7346.717182479307 1.1275613e-16
7349.611603479359 1.047327e-16
7352.50602447941 9.531085e-17
7355.400445479462 9.1823765e-17
7358.294866479514 9.622713e-17
7361.189287479566 1.1103117e-16
7364.083708479618 1.09781446e-16
7366.978129479669 1.08738477e-16
7369.872550479721 1.1721389e-16
7372.766971479773 1.1862703e-16
7375.661392479825 1.1461016e-16
7378.555813479877 1.08294214e-16
7381.450234479928 1.0698742e-16
7384.34465547998 1.0101654e-16
7387.239076480032 9.6313304e-17
7390.133497480084 9.722004e-17
7393.027918480136 1.0536195e-16
7395.9223394801875 1.1032041e-16
7398.816760480239 1.1170127e-16
7401.711181480291 1.1694108e-16
7404.605602480343 1.1915007e-16
7407.500023480395 1.1826888e-16
7410.3944444804465 1.1122207e-16
7413.288865480498 9.977995e-17
7416.18328648055 9.587882e-17
7419.077707480602 1.04626e-16
7421.972128480654 1.1175517e-16
7424.8665494807055 1.0857889e-16
7427.760970480757 1.0236818e-16
7430.655391480809 9.97269e-17
7433.549812480861 1.04524044e-16
7436.444233480913 1.0342956e-16
7439.338654480965 9.899869e-17
7442.233075481016 1.0387886e-16
7445.127496481068 1.06872456e-16
7448.02191748112 1.07630286e-16
7450.916338481172 9.973109e-17
7453.810759481224 1.0044182e-16
7456.705180481275 9.7730066e-17
7459.599601481327 9.4307054e-17
7462.494022481379 9.534472e-17
7465.388443481431 9.763063e-17
7468.282864481483 9.933803e-17
7471.177285481534 1.03990606e-16
7474.071706481586 1.0778501e-16
7476.966127481638 1.0849616e-16
7479.86054848169 1.09987175e-16
7482.754969481742 1.1516252e-16
7485.6493904817935 1.1485783e-16
7488.543811481845 1.1519934e-16
7491.438232481897 1.1262371e-16
7494.332653481949 1.05392604e-16
7497.227074482001 1.04951604e-16
7500.1214954820525 1.0253408e-16
7503.015916482104 1.01531305e-16
7505.910337482156 1.00120724e-16
7508.804758482208 1.0194318e-16
7511.69917948226 1.0416397e-16
7514.593600482312 1.05986725e-16
7517.488021482363 1.098246e-16
7520.382442482415 1.1414178e-16
7523.276863482467 1.2032755e-16
7526.171284482519 1.2275577e-16
7529.065705482571 1.2376879e-16
7531.960126482622 1.21557e-16
7534.854547482674 1.1994499e-16
7537.748968482726 1.1814597e-16
7540.643389482778 1.1142213e-16
7543.53781048283 1.1325909e-16
7546.432231482881 1.1504404e-16
7549.326652482933 1.144493e-16
7552.221073482985 1.1371712e-16
7555.115494483037 1.1404152e-16
7558.009915483089 1.1479839e-16
7560.9043364831405 1.1811943e-16
7563.798757483192 1.184127e-16
7566.693178483244 1.1497526e-16
7569.587599483296 1.1433326e-16
7572.482020483348 1.220096e-16
7575.3764414833995 1.257629e-16
7578.270862483451 1.2758286e-16
7581.165283483503 1.2723622e-16
7584.059704483555 1.2782276e-16
7586.954125483607 1.2578508e-16
7589.8485464836585 1.1891188e-16
7592.74296748371 1.1915964e-16
7595.637388483762 1.2322957e-16
7598.531809483814 1.2419505e-16
7601.426230483866 1.2419992e-16
7604.320651483918 1.2406751e-16
7607.215072483969 1.2283385e-16
7610.109493484021 1.1679298e-16
7613.003914484073 1.1487264e-16
7615.898335484125 1.0437646e-16
7618.792756484177 1.0279961e-16
7621.687177484228 1.07573806e-16
7624.58159848428 1.1438967e-16
7627.476019484332 1.1418135e-16
7630.370440484384 1.1397301e-16
7633.264861484436 1.1331931e-16
7636.159282484487 1.0577002e-16
7639.053703484539 9.5767815e-17
7641.948124484591 8.882718e-17
7644.842545484643 8.8996005e-17
7647.736966484695 9.1475006e-17
7650.6313874847465 9.2047256e-17
7653.525808484798 8.727064e-17
7656.42022948485 8.4487156e-17
7659.314650484902 8.115171e-17
7662.209071484954 7.4263236e-17
7665.1034924850055 6.470678e-17
7667.997913485057 5.364812e-17
7670.892334485109 5.394313e-17
7673.786755485161 6.2848945e-17
7676.681176485213 6.518888e-17
7679.575597485265 6.0056006e-17
7682.470018485316 5.812973e-17
7685.364439485368 5.479759e-17
7688.25886048542 4.2897054e-17
7691.153281485472 3.8672553e-17
7694.047702485524 4.7859972e-17
7696.942123485575 5.8113534e-17
7699.836544485627 5.251084e-17
7702.730965485679 4.0553608e-17
7705.625386485731 3.8890125e-17
7708.519807485783 4.670759e-17
7711.414228485834 4.73045e-17
7714.308649485886 4.747086e-17
7717.203070485938 5.3178975e-17
7720.09749148599 6.102284e-17
7722.991912486042 6.9397535e-17
7725.8863334860935 6.935971e-17
7728.780754486145 7.010429e-17
7731.675175486197 6.759163e-17
7734.569596486249 5.6508036e-17
7737.464017486301 5.3146305e-17
7740.3584384863525 6.197208e-17
7743.252859486404 6.5616545e-17
7746.147280486456 7.2799755e-17
7749.041701486508 8.158139e-17
7751.93612248656 8.161219e-17
7754.8305434866115 8.628241e-17
7757.724964486663 8.9964686e-17
7760.619385486715 9.4849505e-17
7763.513806486767 1.006041e-16
7766.408227486819 1.0036782e-16
7769.302648486871 1.01736016e-16
7772.197069486922 9.913132e-17
7775.091490486974 8.956095e-17
7777.985911487026 8.825388e-17
7780.880332487078 9.2874966e-17
7783.77475348713 1.0373524e-16
7786.669174487181 1.0812302e-16
7789.563595487233 1.0725166e-16
7792.458016487285 1.1279309e-16
7795.352437487337 1.227701e-16
7798.246858487389 1.2867964e-16
7801.14127948744 1.3140729e-16
7804.035700487492 1.3404941e-16
7806.930121487544 1.3671023e-16
7809.824542487596 1.3109141e-16
7812.718963487648 1.257981e-16
7815.6133844876995 1.3488043e-16
7818.507805487751 1.4510286e-16
7821.402226487803 1.5195837e-16
7824.296647487855 1.5721663e-16
7827.191068487907 1.5513029e-16
7830.0854894879585 1.4901963e-16
7832.97991048801 1.4895445e-16
7835.874331488062 1.4223041e-16
7838.768752488114 1.3423942e-16
7841.663173488166 1.3902341e-16
7844.557594488218 1.4064981e-16
7847.452015488269 1.4027703e-16
7850.346436488321 1.4312513e-16
7853.240857488373 1.4450906e-16
7856.135278488425 1.504436e-16
7859.029699488477 1.4752633e-16
7861.924120488528 1.4841357e-16
7864.81854148858 1.5378158e-16
7867.712962488632 1.5743899e-16
7870.607383488684 1.6380758e-16
7873.501804488736 1.7230353e-16
7876.396225488787 1.7206028e-16
7879.290646488839 1.6602144e-16
7882.185067488891 1.6088189e-16
7885.079488488943 1.5478476e-16
7887.973909488995 1.558839e-16
7890.8683304890465 1.6039424e-16
7893.762751489098 1.6019924e-16
7896.65717248915 1.6303009e-16
7899.551593489202 1.5830788e-16
7902.446014489254 1.5036848e-16
7905.3404354893055 1.4856413e-16
7908.234856489357 1.4842268e-16
7911.129277489409 1.5732992e-16
7914.023698489461 1.6333834e-16
7916.918119489513 1.6875748e-16
7919.8125404895645 1.7129149e-16
7922.706961489616 1.7483683e-16
7925.601382489668 1.7625305e-16
7928.49580348972 1.7126483e-16
7931.390224489772 1.7249496e-16
7934.284645489824 1.805463e-16
7937.179066489875 1.7394002e-16
7940.073487489927 1.5900354e-16
7942.967908489979 1.5816207e-16
7945.862329490031 1.6942954e-16
7948.756750490083 1.677608e-16
7951.651171490134 1.5690838e-16
7954.545592490186 1.5321013e-16
7957.440013490238 1.6482521e-16
7960.33443449029 1.7420935e-16
7963.228855490342 1.6579624e-16
7966.123276490393 1.633014e-16
7969.017697490445 1.6239174e-16
7971.912118490497 1.5525714e-16
7974.806539490549 1.6039244e-16
7977.700960490601 1.667768e-16
7980.5953814906525 1.5894932e-16
7983.489802490704 1.5811499e-16
7986.384223490756 1.5908478e-16
7989.278644490808 1.549567e-16
7992.17306549086 1.6267244e-16
7995.0674864909115 1.7757146e-16
7997.961907490963 1.7384823e-16
8000.856328491015 1.5831488e-16
8003.750749491067 1.5158262e-16
8006.645170491119 1.4960702e-16
8009.5395914911705 1.5428012e-16
8012.434012491222 1.6054212e-16
8015.328433491274 1.5766107e-16
8018.222854491326 1.6431276e-16
8021.117275491378 1.5901883e-16
8024.01169649143 1.7071469e-16
8026.906117491481 1.6815037e-16
8029.800538491533 1.655869e-16
8032.694959491585 1.5124869e-16
8035.589380491637 1.349698e-16
8038.483801491689 1.387824e-16
8041.37822249174 1.3674484e-16
8044.272643491792 1.2730663e-16
8047.167064491844 1.2860593e-16
8050.061485491896 1.3749667e-16
8052.955906491948 1.431361e-16
8055.850327491999 1.491582e-16
8058.744748492051 1.5487534e-16
8061.639169492103 1.5756778e-16
8064.533590492155 1.5212037e-16
8067.428011492207 1.4004992e-16
8070.3224324922585 1.255173e-16
8073.21685349231 1.1744639e-16
8076.111274492362 1.219777e-16
8079.005695492414 1.3567694e-16
8081.900116492466 1.3693701e-16
8084.7945374925175 1.3898688e-16
8087.688958492569 1.1976163e-16
8090.583379492621 1.1817851e-16
8093.477800492673 1.1935899e-16
8096.372221492725 1.255986e-16
8099.266642492777 1.4184414e-16
8102.161063492828 1.4670777e-16
8105.05548449288 1.4652292e-16
8107.949905492932 1.4068628e-16
8110.844326492984 1.272373e-16
8113.738747493036 1.2230491e-16
8116.633168493087 1.2364221e-16
8119.527589493139 1.1195217e-16
8122.422010493191 1.082232e-16
8125.316431493243 1.07313066e-16
8128.210852493295 1.02911836e-16
8131.105273493346 1.08503716e-16
8133.999694493398 1.147271e-16
8136.89411549345 1.1899635e-16
8139.788536493502 1.1108977e-16
8142.682957493554 1.04130253e-16
8145.5773784936055 1.1229652e-16
8148.471799493657 1.2275723e-16
8151.366220493709 1.1262502e-16
8154.260641493761 1.04253986e-16
8157.155062493813 1.0134181e-16
8160.0494834938645 8.7702526e-17
8162.943904493916 9.195759e-17
8165.838325493968 1.0814699e-16
8168.73274649402 1.0487041e-16
8171.627167494072 9.106526e-17
8174.5215884941235 8.6609575e-17
8177.416009494175 9.481841e-17
8180.310430494227 1.0872793e-16
8183.204851494279 1.1369289e-16
8186.099272494331 1.1164368e-16
8188.993693494383 1.02422675e-16
8191.888114494434 1.0099199e-16
8194.782535494485 1.0726746e-16
8197.676956494537 1.0667009e-16
8200.571377494589 1.05174e-16
8203.46579849464 1.11002655e-16
8206.360219494693 1.0124732e-16
8209.254640494744 9.247e-17
8212.149061494796 9.109588e-17
8215.043482494848 9.305984e-17
8217.9379034949 8.7085826e-17
8220.832324494952 8.62432e-17
8223.726745495003 9.534624e-17
8226.621166495055 9.9030665e-17
8229.515587495107 9.549998e-17
8232.410008495159 9.964443e-17
8235.30442949521 1.0856746e-16
8238.198850495262 1.0997591e-16
8241.093271495314 9.525746e-17
8243.987692495366 8.607077e-17
8246.882113495418 8.9110453e-17
8249.77653449547 9.0505404e-17
8252.670955495521 8.847807e-17
8255.565376495573 9.497001e-17
8258.459797495625 9.6557005e-17
8261.354218495677 8.407859e-17
8264.248639495729 7.558261e-17
8267.14306049578 7.5467565e-17
8270.037481495832 7.7415125e-17
8272.931902495884 8.743115e-17
8275.826323495936 8.20548e-17
8278.720744495988 6.925879e-17
8281.61516549604 7.5398876e-17
8284.509586496091 8.8747864e-17
8287.404007496143 9.8322896e-17
8290.298428496195 9.892378e-17
8293.192849496247 9.711974e-17
8296.087270496299 8.9326453e-17
8298.98169149635 8.6877125e-17
8301.876112496402 9.216647e-17
8304.770533496454 8.650103e-17
8307.664954496506 8.009084e-17
8310.559375496558 6.859899e-17
8313.45379649661 5.846362e-17
8316.348217496661 6.121899e-17
8319.242638496713 5.9361776e-17
8322.137059496765 5.29249e-17
8325.031480496817 5.0493666e-17
8327.925901496868 4.6610526e-17
8330.82032249692 4.6191814e-17
8333.714743496972 5.058378e-17
8336.609164497024 4.8874155e-17
8339.503585497076 4.9449903e-17
8342.398006497127 4.614946e-17
8345.29242749718 3.8558283e-17
8348.186848497231 5.20001e-17
8351.081269497283 5.1228596e-17
8353.975690497335 4.1021875e-17
8356.870111497386 2.4763905e-17
8359.764532497438 2.5242268e-17
8362.65895349749 2.4476365e-17
8365.553374497542 1.6785571e-17
8368.447795497594 1.4626214e-17
8371.342216497645 1.4920475e-17
8374.236637497697 2.3606747e-17
8377.13105849775 1.9009831e-17
8380.025479497801 1.3939054e-17
8382.919900497853 2.226544e-17
8385.814321497905 3.0897608e-17
8388.708742497956 2.7827415e-17
8391.603163498008 2.4015396e-17
8394.49758449806 2.6610872e-17
8397.392005498112 2.6082308e-17
8400.286426498164 2.6711801e-17
8403.180847498215 2.0454645e-17
8406.075268498267 2.3538735e-17
8408.969689498319 2.0865017e-17
8411.86411049837 1.0953331e-17
8414.758531498423 9.896262e-18
8417.652952498474 1.0789372e-17
8420.547373498526 1.8134476e-17
8423.441794498578 2.7341838e-17
8426.33621549863 1.8669122e-17
8429.230636498682 2.138203e-17
8432.125057498733 2.2782303e-17
8435.019478498785 2.9951846e-17
8437.913899498837 3.3211735e-17
8440.808320498889 2.9379563e-17
8443.70274149894 1.9697573e-17
8446.597162498992 1.8078156e-17
8449.491583499044 3.2091273e-17
8452.386004499096 3.520918e-17
8455.280425499148 2.0851757e-17
8458.1748464992 1.9494971e-17
8461.069267499252 1.999125e-17
8463.963688499303 3.969287e-17
8466.858109499355 4.3887487e-17
8469.752530499407 4.2620197e-17
8472.646951499459 5.077111e-17
8475.54137249951 4.4472257e-17
8478.435793499562 4.0552493e-17
8481.330214499614 5.377291e-17
8484.224635499666 4.9090367e-17
8487.119056499718 3.4984922e-17
8490.01347749977 4.0083353e-17
8492.907898499821 4.5642324e-17
8495.802319499873 3.072818e-17
8498.696740499925 2.7180573e-17
8501.591161499977 3.3839195e-17
8504.485582500029 4.1443307e-17
8507.38000350008 3.768521e-17
8510.274424500132 3.472845e-17
8513.168845500184 3.200205e-17
8516.063266500236 3.3361713e-17
8518.957687500288 2.832797e-17
8521.85210850034 2.7267532e-17
8524.746529500391 2.978866e-17
8527.640950500443 3.6203353e-17
8530.535371500495 3.7074033e-17
8533.429792500547 4.66026e-17
8536.324213500598 4.747068e-17
8539.21863450065 4.4217062e-17
8542.113055500702 4.9390104e-17
8545.007476500754 5.1708132e-17
8547.901897500806 4.7451186e-17
8550.796318500858 4.9155555e-17
8553.69073950091 4.530761e-17
8556.585160500961 3.874375e-17
8559.479581501013 3.754913e-17
8562.374002501065 3.874457e-17
8565.268423501117 4.9326017e-17
8568.162844501168 5.695655e-17
8571.05726550122 6.0129784e-17
8573.951686501272 5.7936696e-17
8576.846107501324 5.131624e-17
8579.740528501376 4.8958984e-17
8582.634949501427 6.1709235e-17
8585.52937050148 7.531228e-17
8588.423791501531 7.5070704e-17
8591.318212501583 7.273049e-17
8594.212633501635 6.986703e-17
8597.107054501686 6.984485e-17
8600.001475501738 6.877684e-17
8602.89589650179 6.864845e-17
8605.790317501842 7.199192e-17
8608.684738501894 6.853678e-17
8611.579159501945 6.4953385e-17
8614.473580501997 6.2790116e-17
8617.368001502049 6.586723e-17
8620.2624225021 7.485379e-17
8623.156843502153 8.628506e-17
8626.051264502205 1.00945555e-16
8628.945685502256 1.2778846e-16
8631.840106502308 1.2577823e-16
8634.73452750236 1.2861264e-16
8637.628948502412 1.2019965e-16
8640.523369502464 1.159798e-16
8643.417790502515 1.1870874e-16
8646.312211502567 1.0926472e-16
8649.206632502619 1.08119216e-16
8652.10105350267 1.1664006e-16
8654.995474502723 1.240981e-16
8657.889895502774 1.1320685e-16
8660.784316502826 1.2119616e-16
8663.678737502878 1.5497182e-16
8666.57315850293 1.6303478e-16
8669.467579502982 1.5536608e-16
8672.362000503033 1.4096374e-16
8675.256421503085 1.3247095e-16
8678.150842503137 1.4752225e-16
8681.045263503189 1.5931389e-16
8683.93968450324 1.6303224e-16
8686.834105503292 1.5916513e-16
8689.728526503344 1.5110227e-16
8692.622947503396 1.4391762e-16
8695.517368503448 1.4356201e-16
8698.4117895035 1.4623917e-16
8701.306210503551 1.3960045e-16
8704.200631503603 1.3297017e-16
8707.095052503655 1.3060492e-16
8709.989473503707 1.3436056e-16
8712.883894503759 1.5410544e-16
8715.77831550381 1.6386126e-16
8718.672736503862 1.7216233e-16
8721.567157503914 1.7136125e-16
8724.461578503966 1.6397755e-16
8727.355999504018 1.6154641e-16
8730.25042050407 1.48991e-16
8733.144841504121 1.5114715e-16
8736.039262504173 1.4709094e-16
8738.933683504225 1.4032281e-16
8741.828104504277 1.4201136e-16
8744.722525504329 1.3907394e-16
8747.61694650438 1.3615725e-16
8750.511367504432 1.3884039e-16
8753.405788504484 1.4164833e-16
8756.300209504536 1.4927796e-16
8759.194630504588 1.5506622e-16
8762.08905150464 1.6395903e-16
8764.983472504691 1.6285625e-16
8767.877893504743 1.685592e-16
8770.772314504795 1.8141224e-16
8773.666735504847 1.8824986e-16
8776.561156504898 1.9065712e-16
8779.45557750495 1.8985606e-16
8782.349998505002 1.8343087e-16
8785.244419505054 1.7700561e-16
8788.138840505106 1.8583916e-16
8791.033261505157 1.8584015e-16
8793.92768250521 1.8360633e-16
8796.822103505261 1.6983467e-16
8799.716524505313 1.5418607e-16
8802.610945505365 1.4210005e-16
8805.505366505417 1.3963673e-16
8808.399787505468 1.3712414e-16
8811.29420850552 1.3636209e-16
8814.188629505572 1.4454351e-16
8817.083050505624 1.3483227e-16
8819.977471505676 1.3617949e-16
8822.871892505727 1.4735673e-16
8825.76631350578 1.6018943e-16
8828.660734505831 1.7942641e-16
8831.555155505883 1.8465092e-16
8834.449576505935 1.8625627e-16
8837.343997505986 1.8103368e-16
8840.238418506038 1.679424e-16
8843.13283950609 1.7053492e-16
8846.027260506142 1.7925966e-16
8848.921681506194 1.7056108e-16
8851.816102506245 1.5334101e-16
8854.710523506297 1.4568511e-16
8857.604944506349 1.4419778e-16
8860.4993655064 1.3273628e-16
8863.393786506453 1.5272208e-16
8866.288207506504 1.6150585e-16
8869.182628506556 1.5112992e-16
8872.077049506608 1.360636e-16
8874.97147050666 1.2584043e-16
8877.865891506712 1.22763e-16
8880.760312506764 1.3394853e-16
8883.654733506815 1.629506e-16
8886.549154506867 1.6298302e-16
8889.443575506919 1.7079954e-16
8892.33799650697 1.6463652e-16
8895.232417507023 1.4014197e-16
8898.126838507074 1.2194727e-16
8901.021259507126 1.2402353e-16
8903.915680507178 1.3158129e-16
8906.81010150723 1.3245299e-16
8909.704522507282 1.1537722e-16
8912.598943507333 1.2171293e-16
8915.493364507385 1.441068e-16
8918.387785507437 1.3837601e-16
8921.282206507489 1.5606462e-16
8924.17662750754 1.5527918e-16
8927.071048507592 1.2458855e-16
8929.965469507644 1.254363e-16
8932.859890507696 1.1693989e-16
8935.754311507748 1.0953166e-16
8938.6487325078 1.0917139e-16
8941.543153507851 1.07879274e-16
8944.437574507903 1.1407337e-16
8947.331995507955 1.0222808e-16
8950.226416508007 9.470787e-17
8953.120837508059 9.4003564e-17
8956.01525850811 1.0141438e-16
8958.909679508162 1.2611697e-16
8961.804100508214 1.3141248e-16
8964.698521508266 1.2718404e-16
8967.592942508318 1.227682e-16
8970.48736350837 1.0824846e-16
8973.381784508421 1.081234e-16
8976.276205508473 1.1018363e-16
8979.170626508525 9.8391135e-17
8982.065047508577 9.3303736e-17
8984.959468508629 9.592236e-17
8987.85388950868 9.88385e-17
8990.748310508732 1.0475764e-16
8993.642731508784 1.1662725e-16
8996.537152508836 1.0473113e-16
8999.431573508888 1.1435931e-16
9002.32599450894 1.2672136e-16
9005.220415508991 1.0823467e-16
9008.114836509043 1.1223982e-16
9011.009257509095 1.186838e-16
9013.903678509147 1.0376963e-16
9016.798099509198 1.0084204e-16
9019.69252050925 1.1131935e-16
9022.586941509302 1.0923965e-16
9025.481362509354 1.1229926e-16
9028.375783509406 1.2967311e-16
9031.270204509457 1.4150233e-16
9034.16462550951 1.4095414e-16
9037.059046509561 1.2700081e-16
9039.953467509613 1.2002939e-16
9042.847888509665 1.3333019e-16
9045.742309509717 1.4158813e-16
9048.636730509768 1.3378251e-16
9051.53115150982 1.1846574e-16
9054.425572509872 1.0992365e-16
9057.319993509924 1.1702054e-16
9060.214414509976 1.2120405e-16
9063.108835510027 1.1961214e-16
9066.00325651008 1.2061397e-16
9068.897677510131 1.2016152e-16
9071.792098510183 1.3608347e-16
9074.686519510235 1.3296202e-16
9077.580940510286 1.2966522e-16
9080.475361510338 1.4076328e-16
9083.36978251039 1.4062403e-16
9086.264203510442 1.4062477e-16
9089.158624510494 1.4203554e-16
9092.053045510545 1.392163e-16
9094.947466510597 1.3639603e-16
9097.841887510649 1.3638932e-16
9100.7363085107 1.2544525e-16
9103.630729510753 1.1703968e-16
9106.525150510804 9.3862083e-17
9109.419571510856 1.0002226e-16
9112.313992510908 1.03265486e-16
9115.20841351096 9.1201394e-17
9118.102834511012 8.104891e-17
9120.997255511063 7.703701e-17
9123.891676511115 8.927845e-17
9126.786097511167 9.534696e-17
9129.680518511219 9.1069766e-17
9132.57493951127 7.6067794e-17
9135.469360511323 7.87237e-17
9138.363781511374 7.350217e-17
9141.258202511426 7.635609e-17
9144.152623511478 8.443619e-17
9147.04704451153 7.112959e-17
9149.941465511582 6.3765964e-17
9152.835886511633 6.251527e-17
9155.730307511685 6.9048663e-17
9158.624728511737 6.512035e-17
9161.519149511789 5.4684245e-17
9164.41357051184 5.643822e-17
9167.307991511892 5.2967498e-17
9170.202412511944 5.2019576e-17
9173.096833511996 5.3791072e-17
9175.991254512048 6.3671586e-17
9178.8856755121 6.977103e-17
9181.780096512151 6.97714e-17
9184.674517512203 6.284181e-17
9187.568938512255 5.90017e-17
9190.463359512307 4.8251053e-17
9193.357780512359 4.9091495e-17
9196.25220151241 4.9577404e-17
9199.146622512462 4.699711e-17
9202.041043512514 4.484698e-17
9204.935464512566 4.711243e-17
9207.829885512618 5.1797564e-17
9210.72430651267 4.268316e-17
9213.618727512721 4.0752717e-17
9216.513148512773 4.3485927e-17
9219.407569512825 4.9710517e-17
9222.301990512877 6.1913536e-17
9225.196411512929 6.263196e-17
9228.09083251298 5.8457026e-17
9230.985253513032 6.3512046e-17
9233.879674513084 7.5493605e-17
9236.774095513136 7.51161e-17
9239.668516513188 7.229601e-17
9242.56293751324 7.432013e-17
9245.457358513291 7.944872e-17
9248.351779513343 6.582164e-17
9251.246200513395 5.2474843e-17
9254.140621513447 5.097234e-17
9257.035042513498 6.266022e-17
9259.92946351355 6.595736e-17
9262.823884513602 6.989121e-17
9265.718305513654 7.2562824e-17
9268.612726513706 5.693479e-17
9271.507147513757 5.852012e-17
9274.40156851381 6.771133e-17
9277.295989513861 7.38562e-17
9280.190410513913 7.026152e-17
9283.084831513965 8.8446896e-17
9285.979252514016 9.0193855e-17
9288.873673514068 8.4406324e-17
9291.76809451412 6.7951306e-17
9294.662515514172 7.4274486e-17
9297.556936514224 6.6484906e-17
9300.451357514276 7.204529e-17
9303.345778514327 9.047496e-17
9306.24019951438 9.138887e-17
9309.134620514431 9.087659e-17
9312.029041514483 7.429478e-17
9314.923462514535 6.419154e-17
9317.817883514586 7.142708e-17
9320.712304514638 7.701832e-17
9323.60672551469 8.273389e-17
9326.501146514742 8.572617e-17
9329.395567514794 7.7150984e-17
9332.289988514845 7.055314e-17
9335.184409514897 6.484664e-17
9338.078830514949 6.220276e-17
9340.973251515 5.68803e-17
9343.867672515053 5.685427e-17
9346.762093515104 5.97258e-17
9349.656514515156 6.280477e-17
9352.550935515208 6.651294e-17
9355.44535651526 7.001079e-17
9358.339777515312 6.6207424e-17
9361.234198515363 5.1453837e-17
9364.128619515415 4.8445973e-17
9367.023040515467 5.1774747e-17
9369.917461515519 5.8809074e-17
9372.81188251557 4.3335115e-17
9375.706303515622 3.6073866e-17
9378.600724515674 5.9049784e-17
9381.495145515726 6.156958e-17
9384.389566515778 6.44787e-17
9387.28398751583 4.9483996e-17
9390.178408515882 3.8587817e-17
9393.072829515933 3.2741357e-17
9395.967250515985 4.4479517e-17
9398.861671516037 5.575045e-17
9401.756092516089 5.595314e-17
9404.65051351614 5.8214636e-17
9407.544934516192 5.4633913e-17
9410.439355516244 4.0076113e-17
9413.333776516296 3.0221954e-17
9416.228197516348 2.9767163e-17
9419.1226185164 3.717706e-17
9422.017039516451 3.944038e-17
9424.911460516503 2.1433768e-17
9427.805881516555 2.6274401e-17
9430.700302516607 3.1195644e-17
9433.594723516659 2.57914e-17
9436.48914451671 1.9499142e-17
9439.383565516762 2.7887875e-17
9442.277986516814 3.48268e-17
9445.172407516866 2.5179765e-17
9448.066828516918 2.3291188e-17
9450.96124951697 3.2970102e-17
9453.855670517021 4.8193786e-17
9456.750091517073 4.56061e-17
9459.644512517125 2.4097207e-17
9462.538933517177 2.6759415e-17
9465.433354517229 5.0343618e-17
9468.32777551728 4.1083136e-17
9471.222196517332 3.4996556e-17
9474.116617517384 5.5245034e-17
9477.011038517436 5.219545e-17
9479.905459517488 3.4232555e-17
9482.79988051754 3.5083102e-17
9485.694301517591 2.5389194e-17
9488.588722517643 2.6599597e-17
9491.483143517695 3.3318577e-17
9494.377564517747 3.2915217e-17
9497.271985517798 4.30543e-17
9500.16640651785 5.402913e-17
9503.060827517902 6.22689e-17
9505.955248517954 6.135494e-17
9508.849669518006 5.956609e-17
9511.744090518057 3.9255672e-17
9514.63851151811 3.3641588e-17
9517.532932518161 3.6801424e-17
9520.427353518213 3.5742322e-17
9523.321774518265 6.29032e-17
9526.216195518316 6.2786026e-17
9529.110616518368 4.7029542e-17
9532.00503751842 3.21702e-17
9534.899458518472 3.8602994e-17
9537.793879518524 5.979143e-17
9540.688300518575 5.8810126e-17
9543.582721518627 4.435894e-17
9546.47714251868 4.3661762e-17
9549.37156351873 4.896113e-17
9552.265984518783 4.8849515e-17
9555.160405518835 5.2155174e-17
9558.054826518886 5.3348253e-17
9560.949247518938 6.146808e-17
9563.84366851899 6.960195e-17
9566.738089519042 6.789088e-17
9569.632510519094 4.2168837e-17
9572.526931519145 5.3975418e-17
9575.421352519197 5.4341554e-17
9578.315773519249 5.7154164e-17
9581.2101945193 5.4597692e-17
9584.104615519353 3.79113e-17
9586.999036519404 3.6573417e-17
9589.893457519456 4.8588007e-17
9592.787878519508 4.4147e-17
9595.68229951956 3.3925264e-17
9598.576720519612 4.0319304e-17
9601.471141519663 6.30913e-17
9604.365562519715 7.1319625e-17
9607.259983519767 6.224166e-17
9610.154404519819 5.5796714e-17
9613.04882551987 6.198858e-17
9615.943246519922 5.866289e-17
9618.837667519974 5.143509e-17
9621.732088520026 5.9772614e-17
9624.626509520078 6.540188e-17
9627.52093052013 5.677441e-17
9630.415351520182 4.7660592e-17
9633.309772520233 4.0103566e-17
9636.204193520285 4.0152148e-17
9639.098614520337 4.5281392e-17
9641.993035520389 6.169997e-17
9644.88745652044 7.101211e-17
9647.781877520492 5.896903e-17
9650.676298520544 4.956398e-17
9653.570719520596 6.128077e-17
9656.465140520648 5.710337e-17
9659.3595615207 6.00172e-17
9662.253982520751 7.4251325e-17
9665.148403520803 7.7458205e-17
9668.042824520855 7.157221e-17
9670.937245520907 6.905053e-17
9673.831666520959 6.9132923e-17
9676.72608752101 5.580397e-17
9679.620508521062 5.6333905e-17
9682.514929521114 6.244561e-17
9685.409350521166 6.0455726e-17
9688.303771521218 8.166538e-17
9691.19819252127 7.521224e-17
9694.092613521321 5.0179744e-17
9696.987034521373 5.4874328e-17
9699.881455521425 7.3215946e-17
9702.775876521477 8.4638086e-17
9705.670297521528 8.929424e-17
9708.56471852158 7.3383043e-17
9711.459139521632 6.167952e-17
9714.353560521684 7.2214376e-17
9717.247981521736 6.272361e-17
9720.142402521788 8.259422e-17
9723.03682352184 7.182457e-17
9725.931244521891 5.2864696e-17
9728.825665521943 4.470765e-17
9731.720086521995 5.317738e-17
9734.614507522047 7.6037684e-17
9737.508928522098 8.1994444e-17
9740.40334952215 8.0846085e-17
9743.297770522202 7.123132e-17
9746.192191522254 5.0121815e-17
9749.086612522306 5.84803e-17
9751.981033522357 4.985232e-17
9754.87545452241 5.179346e-17
9757.769875522461 5.944248e-17
9760.664296522513 8.1997964e-17
9763.558717522565 8.474804e-17
9766.453138522616 6.5105196e-17
9769.347559522668 6.09144e-17
9772.24198052272 7.356543e-17
9775.136401522772 5.785837e-17
9778.030822522824 4.9179077e-17
9780.925243522875 5.6175086e-17
9783.819664522927 6.303207e-17
9786.714085522979 7.2794203e-17
9789.60850652303 7.483703e-17
9792.502927523083 8.360368e-17
9795.397348523134 8.5667853e-17
9798.291769523186 8.29185e-17
9801.186190523238 7.218581e-17
9804.08061152329 7.8161e-17
9806.975032523342 5.823844e-17
9809.869453523394 4.8591848e-17
9812.763874523445 4.4021996e-17
9815.658295523497 7.0687024e-17
9818.552716523549 7.484629e-17
9821.4471375236 5.0285438e-17
9824.341558523653 4.7465086e-17
9827.235979523704 6.502944e-17
9830.130400523756 7.580845e-17
9833.024821523808 6.9911975e-17
9835.91924252386 6.6862385e-17
9838.813663523912 5.629176e-17
9841.708084523963 5.1613152e-17
9844.602505524015 7.662253e-17
9847.496926524067 8.448548e-17
9850.391347524119 6.1927254e-17
9853.28576852417 4.6779767e-17
9856.180189524222 6.5435856e-17
9859.074610524274 7.757984e-17
9861.969031524326 8.188094e-17
9864.863452524378 6.034803e-17
9867.75787352443 5.619009e-17
9870.652294524481 7.911827e-17
9873.546715524533 8.079455e-17
9876.441136524585 7.152397e-17
9879.335557524637 6.770388e-17
9882.229978524689 4.874854e-17
9885.12439952474 4.1248437e-17
9888.018820524792 4.231305e-17
9890.913241524844 6.6826294e-17
9893.807662524896 7.004458e-17
9896.702083524948 5.727456e-17
9899.596504525 5.76868e-17
9902.490925525051 4.674133e-17
9905.385346525103 3.637232e-17
9908.279767525155 3.4694585e-17
9911.174188525207 5.0015724e-17
9914.068609525259 6.5841995e-17
9916.96303052531 5.089863e-17
9919.857451525362 4.030927e-17
9922.751872525414 5.1768202e-17
9925.646293525466 5.4470518e-17
9928.540714525518 5.743902e-17
9931.43513552557 6.837073e-17
9934.329556525621 6.2372906e-17
9937.223977525673 4.7962635e-17
9940.118398525725 4.0440463e-17
9943.012819525777 3.2301386e-17
9945.907240525828 3.4041288e-17
9948.80166152588 3.8049236e-17
9951.696082525932 3.0823102e-17
9954.590503525984 6.944763e-17
9957.484924526036 6.3420745e-17
9960.379345526087 4.6409206e-17
9963.27376652614 5.0660677e-17
9966.168187526191 5.6796034e-17
9969.062608526243 3.994584e-17
9971.957029526295 3.4993866e-17
9974.851450526347 3.164393e-17
9977.745871526398 4.154411e-17
9980.64029252645 5.700398e-17
9983.534713526502 5.305156e-17
9986.429134526554 5.150832e-17
9989.323555526606 4.0858987e-17
9992.217976526657 3.303655e-17
9995.11239752671 2.711852e-17
9998.006818526761 3.175752e-17
10000.901239526813 5.5214534e-17
10003.795660526865 4.3844444e-17
10006.690081526916 4.7972022e-17
10009.584502526968 5.3401232e-17
10012.47892352702 5.6492816e-17
10015.373344527072 6.1299556e-17
10018.267765527124 5.5264486e-17
10021.162186527175 3.804557e-17
10024.056607527227 3.313118e-17
10026.951028527279 4.859232e-17
10029.84544952733 6.284894e-17
10032.739870527383 4.062476e-17
10035.634291527434 4.4964923e-17
10038.528712527486 3.0441573e-17
10041.423133527538 3.7361806e-17
10044.31755452759 4.8158197e-17
10047.211975527642 4.8571817e-17
10050.106396527694 4.7927794e-17
10053.000817527745 6.512694e-17
10055.895238527797 5.577791e-17
10058.789659527849 2.5084398e-17
10061.6840805279 3.775505e-17
10064.578501527953 4.706541e-17
10067.472922528004 3.3296895e-17
10070.367343528056 4.1365807e-17
10073.261764528108 5.801451e-17
10076.15618552816 5.188914e-17
10079.050606528212 4.984111e-17
10081.945027528263 5.5346532e-17
10084.839448528315 3.738725e-17
10087.733869528367 3.794914e-17
10090.628290528419 5.1882704e-17
10093.52271152847 3.690508e-17
10096.417132528522 3.8909332e-17
10099.311553528574 5.7532675e-17
10102.205974528626 4.561274e-17
10105.100395528678 4.2934346e-17
10107.99481652873 6.4561784e-17
10110.889237528781 8.171892e-17
10113.783658528833 9.733766e-17
10116.678079528885 8.186506e-17
10119.572500528937 4.30779e-17
10122.466921528989 4.455229e-17
10125.36134252904 2.8029177e-17
10128.255763529092 -2.913518e-18
10131.150184529144 1.0465859e-17
10134.044605529196 5.331258e-17
10136.939026529248 3.2917596e-17
10139.8334475293 4.972036e-18
10142.727868529351 1.1309699e-17
10145.622289529403 -2.6517335e-19
10148.516710529455 3.4556992e-17
10151.411131529507 6.4334965e-17
10154.305552529559 4.3741172e-17
10157.19997352961 5.1602124e-17
10160.094394529662 2.3454913e-17
10162.988815529714 3.0077634e-17
10165.883236529766 7.618769e-17
10168.777657529818 9.5170485e-17
10171.67207852987 9.618313e-17
10174.566499529921 7.409556e-17
10177.460920529973 5.6460616e-17
10180.355341530025 5.259664e-17
10183.249762530077 4.8579864e-17
10186.144183530128 4.5957718e-17
10189.03860453018 3.946026e-17
10191.933025530232 4.715842e-17
10194.827446530284 1.6408603e-17
10197.721867530336 6.066496e-18
10200.616288530387 4.581071e-17
10203.51070953044 5.588332e-17
10206.405130530491 7.7555336e-17
10209.299551530543 4.750364e-17
10212.193972530595 4.7100822e-17
10215.088393530646 7.9812745e-17
10217.982814530698 8.3336144e-17
10220.87723553075 5.934333e-17
10223.771656530802 1.836851e-17
10226.666077530854 4.967987e-18
10229.560498530906 1.8845578e-17
10232.454919530957 3.2589768e-17
10235.34934053101 4.906879e-17
10238.243761531061 6.446793e-17
10241.138182531113 8.952979e-17
10244.032603531165 8.034732e-17
10246.927024531216 6.40487e-17
10249.821445531268 4.1047935e-17
10252.71586653132 3.7069375e-17
10255.610287531372 2.7567925e-17
10258.504708531424 3.4619262e-17
10261.399129531475 4.2317346e-17
10264.293550531527 -2.8124377e-18
10267.187971531579 -1.595164e-17
10270.08239253163 2.0048846e-17
10272.976813531683 5.764398e-17
10275.871234531734 5.8957285e-17
10278.765655531786 3.4400486e-17
10281.660076531838 7.2588116e-17
10284.55449753189 7.8922136e-17
10287.448918531942 4.1812058e-17
10290.343339531993 4.424513e-17
10293.237760532045 6.717241e-17
10296.132181532097 5.599797e-17
10299.026602532149 3.011703e-17
10301.9210235322 3.069842e-17
10304.815444532253 4.324992e-17
10307.709865532304 3.16261e-17
10310.604286532356 1.818764e-17
10313.498707532408 3.5079314e-17
10316.39312853246 3.896122e-17
10319.287549532512 1.8516972e-17
10322.181970532563 6.6659743e-18
10325.076391532615 3.1480664e-17
10327.970812532667 5.154221e-17
10330.865233532719 3.8679862e-17
10333.75965453277 3.1286002e-17
10336.654075532822 2.3579657e-17
10339.548496532874 6.3172867e-18
10342.442917532926 2.0743053e-17
10345.337338532978 3.5363735e-17
10348.23175953303 1.525175e-17
10351.126180533081 4.8284633e-18
10354.020601533133 4.721571e-18
10356.915022533185 3.7162906e-17
10359.809443533237 3.3306186e-17
10362.703864533289 3.394516e-17
10365.59828553334 4.681735e-17
10368.492706533392 3.9972223e-17
10371.387127533444 4.375986e-17
10374.281548533496 6.451863e-17
10377.175969533548 6.807521e-17
10380.0703905336 5.463219e-17
10382.964811533651 4.705551e-17
10385.859232533703 4.729746e-17
10388.753653533755 3.0888387e-17
10391.648074533807 1.4434637e-18
10394.542495533859 1.6866513e-18
10397.43691653391 6.82099e-17
10400.331337533962 9.3641226e-17
10403.225758534014 6.4817244e-17
10406.120179534066 6.402148e-17
10409.014600534118 5.432935e-17
10411.90902153417 1.8889993e-17
10414.803442534221 1.6178134e-17
10417.697863534273 2.6676798e-17
10420.592284534325 9.25018e-18
10423.486705534377 0.0
