4949.00064346472 2.3883838e-16
4951.903287145293 1.5064166e-16
4954.805930825865 1.3728097e-16
4957.708574506438 2.524473e-16
4960.61121818701 2.2617754e-16
4963.513861867583 1.5440714e-16
4966.416505548155 1.7073552e-16
4969.319149228728 2.2654034e-16
4972.2217929093 2.5841683e-16
4975.124436589873 1.8193352e-16
4978.027080270445 1.7001046e-16
4980.929723951018 1.9663092e-16
4983.83236763159 2.223117e-16
4986.735011312163 1.9945491e-16
4989.637654992735 2.3569502e-16
4992.540298673308 2.0776464e-16
4995.44294235388 2.328464e-16
4998.345586034453 2.0868794e-16
5001.248229715025 2.387852e-16
5004.150873395598 2.2031995e-16
5007.0535170761705 2.1965994e-16
5009.956160756743 2.4755782e-16
5012.8588044373155 2.5075688e-16
5015.761448117888 1.9350252e-16
5018.6640917984605 2.0069407e-16
5021.566735479033 2.1319158e-16
5024.4693791596055 2.281762e-16
5027.372022840178 2.2571877e-16
5030.2746665207505 2.1290929e-16
5033.177310201323 2.1796908e-16
5036.079953881896 2.0312998e-16
5038.982597562468 1.9910928e-16
5041.885241243041 1.9904651e-16
5044.787884923613 1.8488587e-16
5047.690528604186 1.8734159e-16
5050.593172284758 1.8871615e-16
5053.495815965331 1.6925737e-16
5056.398459645903 1.7499895e-16
5059.301103326476 1.843258e-16
5062.203747007048 1.7531691e-16
5065.106390687621 1.7716538e-16
5068.009034368193 1.8616106e-16
5070.911678048766 1.7771938e-16
5073.814321729338 1.6510112e-16
5076.716965409911 1.6148244e-16
5079.619609090483 1.7947446e-16
5082.522252771056 1.724365e-16
5085.424896451628 1.5821423e-16
5088.327540132201 1.6113748e-16
5091.230183812773 1.6335979e-16
5094.132827493346 1.6236718e-16
5097.035471173918 1.6005249e-16
5099.938114854491 1.5845607e-16
5102.840758535063 1.5593142e-16
5105.743402215636 1.5468832e-16
5108.646045896208 1.5906849e-16
5111.548689576781 1.5794553e-16
5114.451333257353 1.6312096e-16
5117.353976937926 1.6029758e-16
5120.256620618498 1.5944755e-16
5123.159264299071 1.6943993e-16
5126.061907979643 1.7249199e-16
5128.964551660216 1.7268056e-16
5131.867195340788 1.6756705e-16
5134.769839021361 1.6285449e-16
5137.672482701933 1.6291165e-16
5140.575126382506 1.6659656e-16
5143.477770063078 1.6625264e-16
5146.380413743651 1.6887198e-16
5149.283057424223 1.7398537e-16
5152.185701104796 1.7439662e-16
5155.0883447853685 1.729404e-16
5157.990988465941 1.7529355e-16
5160.8936321465135 1.6839967e-16
5163.796275827086 1.7285192e-16
5166.6989195076585 1.7338919e-16
5169.601563188231 1.7297097e-16
5172.5042068688035 1.7523141e-16
5175.406850549376 1.8633153e-16
5178.3094942299485 1.8073543e-16
5181.212137910521 1.7911973e-16
5184.114781591094 1.670527e-16
5187.017425271666 1.741964e-16
5189.920068952239 1.8034022e-16
5192.822712632811 1.750915e-16
5195.725356313384 1.719835e-16
5198.627999993956 1.7880572e-16
5201.530643674529 1.8598612e-16
5204.433287355101 1.8165539e-16
5207.335931035674 1.7601736e-16
5210.238574716246 1.7615601e-16
5213.141218396819 1.7675175e-16
5216.043862077391 1.8193075e-16
5218.946505757964 1.8732504e-16
5221.849149438536 1.8995255e-16
5224.751793119109 1.9408041e-16
5227.654436799681 1.98654e-16
5230.557080480254 1.9498132e-16
5233.459724160826 1.9191235e-16
5236.362367841399 1.8683816e-16
5239.265011521971 1.8613562e-16
5242.167655202544 1.9049298e-16
5245.070298883116 1.9869049e-16
5247.972942563689 1.9351426e-16
5250.875586244261 1.9621588e-16
5253.778229924834 1.9738376e-16
5256.680873605406 1.9364505e-16
5259.583517285979 1.9222707e-16
5262.486160966551 1.8746627e-16
5265.388804647124 1.8700216e-16
5268.291448327696 1.8350846e-16
5271.194092008269 1.890361e-16
5274.096735688841 1.9528526e-16
5276.999379369414 1.9640125e-16
5279.902023049986 1.9423013e-16
5282.804666730559 1.9468486e-16
5285.707310411131 1.8665802e-16
5288.609954091704 1.8876516e-16
5291.512597772276 1.9407612e-16
5294.415241452849 1.9880561e-16
5297.317885133421 1.9350305e-16
5300.220528813994 1.9400987e-16
5303.1231724945665 1.882912e-16
5306.025816175139 1.8924802e-16
5308.9284598557115 1.871903e-16
5311.831103536284 1.9840456e-16
5314.7337472168565 2.047908e-16
5317.636390897429 2.0167152e-16
5320.5390345780015 1.9951574e-16
5323.441678258574 2.0250402e-16
5326.3443219391465 2.0339177e-16
5329.246965619719 2.0109943e-16
5332.149609300292 2.040823e-16
5335.052252980864 2.0594714e-16
5337.954896661437 1.9547513e-16
5340.857540342009 1.9031856e-16
5343.760184022582 1.9844506e-16
5346.662827703154 2.0060177e-16
5349.565471383727 2.0192935e-16
5352.468115064299 2.0756319e-16
5355.370758744872 2.0769014e-16
5358.273402425444 1.9920174e-16
5361.176046106017 1.9253924e-16
5364.078689786589 1.9136601e-16
5366.981333467162 1.9399482e-16
5369.883977147734 1.876867e-16
5372.786620828307 1.8462675e-16
5375.689264508879 1.8166293e-16
5378.591908189452 1.7960651e-16
5381.494551870024 1.8400245e-16
5384.397195550597 1.8486863e-16
5387.299839231169 1.7952008e-16
5390.202482911742 1.7534143e-16
5393.105126592314 1.8044373e-16
5396.007770272887 1.8059496e-16
5398.910413953459 1.7539452e-16
5401.813057634032 1.7406407e-16
5404.715701314604 1.7577052e-16
5407.618344995177 1.7419002e-16
5410.520988675749 1.7440312e-16
5413.423632356322 1.7143345e-16
5416.326276036894 1.729995e-16
5419.228919717467 1.7442454e-16
5422.131563398039 1.767206e-16
5425.034207078612 1.7683472e-16
5427.936850759184 1.7212956e-16
5430.839494439757 1.682622e-16
5433.742138120329 1.7120943e-16
5436.644781800902 1.7311899e-16
5439.547425481474 1.719645e-16
5442.450069162047 1.7261815e-16
5445.352712842619 1.757774e-16
5448.255356523192 1.7854045e-16
5451.1580002037645 1.8355401e-16
5454.060643884337 1.8014803e-16
5456.9632875649095 1.7610911e-16
5459.865931245482 1.7553948e-16
5462.7685749260545 1.7323395e-16
5465.671218606627 1.7342546e-16
5468.5738622871995 1.7880326e-16
5471.476505967772 1.815928e-16
5474.3791496483445 1.7574854e-16
5477.281793328917 1.7267409e-16
5480.18443700949 1.8182284e-16
5483.087080690062 1.8509867e-16
5485.989724370635 1.8158033e-16
5488.892368051207 1.7349857e-16
5491.79501173178 1.7600116e-16
5494.697655412352 1.7917771e-16
5497.600299092925 1.744801e-16
5500.502942773497 1.7313855e-16
5503.40558645407 1.7361842e-16
5506.308230134642 1.7548338e-16
5509.210873815215 1.6920096e-16
5512.113517495787 1.650841e-16
5515.01616117636 1.6589683e-16
5517.918804856932 1.6066353e-16
5520.821448537505 1.593359e-16
5523.724092218077 1.6345915e-16
5526.62673589865 1.6126091e-16
5529.529379579222 1.5745683e-16
5532.432023259795 1.5192023e-16
5535.334666940367 1.5122982e-16
5538.23731062094 1.4940092e-16
5541.139954301512 1.4525151e-16
5544.042597982085 1.3902046e-16
5546.945241662657 1.3042792e-16
5549.84788534323 1.2623278e-16
5552.750529023802 1.2529992e-16
5555.653172704375 1.332184e-16
5558.555816384947 1.3328471e-16
5561.45846006552 1.5128272e-16
5564.361103746092 1.6578453e-16
5567.263747426665 1.6831862e-16
5570.166391107237 1.6830189e-16
5573.06903478781 1.6671406e-16
5575.971678468382 1.598359e-16
5578.874322148955 1.5021371e-16
5581.776965829527 1.4748629e-16
5584.6796095101 1.4028783e-16
5587.582253190672 1.3997648e-16
5590.484896871245 1.4027723e-16
5593.387540551817 1.3847614e-16
5596.29018423239 1.4282629e-16
5599.1928279129625 1.4529543e-16
5602.095471593535 1.4041687e-16
5604.9981152741075 1.4046165e-16
5607.90075895468 1.4021296e-16
5610.8034026352525 1.3913008e-16
5613.706046315825 1.4192671e-16
5616.6086899963975 1.44681e-16
5619.51133367697 1.4532614e-16
5622.4139773575425 1.4771683e-16
5625.316621038115 1.513065e-16
5628.219264718688 1.528081e-16
5631.12190839926 1.57295e-16
5634.024552079833 1.5621863e-16
5636.927195760405 1.5701908e-16
5639.829839440978 1.5648727e-16
5642.73248312155 1.5740814e-16
5645.635126802123 1.6128806e-16
5648.537770482695 1.6466518e-16
5651.440414163268 1.6633854e-16
5654.34305784384 1.7106982e-16
5657.245701524413 1.7411535e-16
5660.148345204985 1.7145374e-16
5663.050988885558 1.773598e-16
5665.95363256613 1.7323483e-16
5668.856276246703 1.740986e-16
5671.758919927275 1.7315674e-16
5674.661563607848 1.6810078e-16
5677.56420728842 1.6892301e-16
5680.466850968993 1.6884683e-16
5683.369494649565 1.7191395e-16
5686.272138330138 1.7400795e-16
5689.17478201071 1.7241456e-16
5692.077425691283 1.7398785e-16
5694.980069371855 1.7317855e-16
5697.882713052428 1.7312448e-16
5700.785356733 1.7802332e-16
5703.688000413573 1.7908652e-16
5706.590644094145 1.7996229e-16
5709.493287774718 1.753472e-16
5712.39593145529 1.7397461e-16
5715.298575135863 1.7406139e-16
5718.201218816435 1.7596792e-16
5721.103862497008 1.7729171e-16
5724.00650617758 1.7413804e-16
5726.909149858153 1.7209313e-16
5729.811793538725 1.7177504e-16
5732.714437219298 1.7137618e-16
5735.61708089987 1.7339197e-16
5738.519724580443 1.6975124e-16
5741.422368261015 1.652982e-16
5744.325011941588 1.7371531e-16
5747.2276556221605 1.7137169e-16
5750.130299302733 1.668699e-16
5753.0329429833055 1.7008026e-16
5755.935586663878 1.7303036e-16
5758.8382303444505 1.7302207e-16
5761.740874025023 1.6948248e-16
5764.6435177055955 1.6464438e-16
5767.546161386168 1.6226347e-16
5770.4488050667405 1.6234421e-16
5773.351448747313 1.6342487e-16
5776.254092427886 1.6421826e-16
5779.156736108458 1.6467064e-16
5782.059379789031 1.6246248e-16
5784.962023469603 1.6367527e-16
5787.864667150176 1.602407e-16
5790.767310830748 1.5918305e-16
5793.669954511321 1.6035404e-16
5796.572598191893 1.6178688e-16
5799.475241872466 1.6117563e-16
5802.377885553038 1.5797269e-16
5805.280529233611 1.5926101e-16
5808.183172914183 1.5889201e-16
5811.085816594756 1.6177036e-16
5813.988460275328 1.6607842e-16
5816.891103955901 1.6598474e-16
5819.793747636473 1.6243342e-16
5822.696391317046 1.6473371e-16
5825.599034997618 1.6566837e-16
5828.501678678191 1.6338055e-16
5831.404322358763 1.6221961e-16
5834.306966039336 1.6072393e-16
5837.209609719908 1.5514617e-16
5840.112253400481 1.4947064e-16
5843.014897081053 1.4634257e-16
5845.917540761626 1.4201749e-16
5848.820184442198 1.3540552e-16
5851.722828122771 1.3356222e-16
5854.625471803343 1.3474893e-16
5857.528115483916 1.2778514e-16
5860.430759164488 1.2303631e-16
5863.333402845061 1.1880243e-16
5866.236046525633 1.10138516e-16
5869.138690206206 1.0808473e-16
5872.041333886778 1.08073887e-16
5874.943977567351 1.1608485e-16
5877.846621247923 1.3166039e-16
5880.749264928496 1.4597025e-16
5883.651908609068 1.5035941e-16
5886.554552289641 1.5091504e-16
5889.457195970213 1.4720595e-16
5892.359839650786 1.3852811e-16
5895.262483331358 1.3203555e-16
5898.165127011931 1.2750595e-16
5901.0677706925035 1.2124172e-16
5903.970414373076 1.2147731e-16
5906.8730580536485 1.2627349e-16
5909.775701734221 1.2865774e-16
5912.6783454147935 1.3480034e-16
5915.580989095366 1.3586896e-16
5918.4836327759385 1.3080456e-16
5921.386276456511 1.335597e-16
5924.288920137084 1.3627643e-16
5927.191563817656 1.3567108e-16
5930.094207498229 1.3405763e-16
5932.996851178801 1.3732077e-16
5935.899494859374 1.3939928e-16
5938.802138539946 1.4075869e-16
5941.704782220519 1.4471277e-16
5944.607425901091 1.459135e-16
5947.510069581664 1.4620416e-16
5950.412713262236 1.4735553e-16
5953.315356942809 1.471691e-16
5956.218000623381 1.4933796e-16
5959.120644303954 1.5270724e-16
5962.023287984526 1.5399063e-16
5964.925931665099 1.5337787e-16
5967.828575345671 1.5076752e-16
5970.731219026244 1.5310556e-16
5973.633862706816 1.5305809e-16
5976.536506387389 1.5386977e-16
5979.439150067961 1.5753043e-16
5982.341793748534 1.6097637e-16
5985.244437429106 1.5973216e-16
5988.147081109679 1.6301191e-16
5991.049724790251 1.6626764e-16
5993.952368470824 1.6515767e-16
5996.855012151396 1.6813939e-16
5999.757655831969 1.6839493e-16
6002.660299512541 1.6750321e-16
6005.562943193114 1.6359057e-16
6008.465586873686 1.6246455e-16
6011.368230554259 1.5903606e-16
6014.270874234831 1.554124e-16
6017.173517915404 1.5223904e-16
6020.076161595976 1.4988469e-16
6022.978805276549 1.5366589e-16
6025.881448957121 1.5453478e-16
6028.784092637694 1.6286491e-16
6031.686736318266 1.736048e-16
6034.589379998839 1.7761025e-16
6037.492023679411 1.7867987e-16
6040.394667359984 1.7681567e-16
6043.297311040556 1.7367725e-16
6046.199954721129 1.7417979e-16
6049.1025984017015 1.7608024e-16
6052.005242082274 1.7878557e-16
6054.9078857628465 1.7585644e-16
6057.810529443419 1.7542701e-16
6060.7131731239915 1.7560088e-16
6063.615816804564 1.7496236e-16
6066.5184604851365 1.7015665e-16
6069.421104165709 1.6640244e-16
6072.323747846282 1.680417e-16
6075.226391526854 1.6963652e-16
6078.129035207427 1.696618e-16
6081.031678887999 1.7147594e-16
6083.934322568572 1.774596e-16
6086.836966249144 1.7636767e-16
6089.739609929717 1.7054562e-16
6092.642253610289 1.6673233e-16
6095.544897290862 1.7314075e-16
6098.447540971434 1.7432068e-16
6101.350184652007 1.7233153e-16
6104.252828332579 1.7093445e-16
6107.155472013152 1.6965141e-16
6110.058115693724 1.7131994e-16
6112.960759374297 1.6958995e-16
6115.863403054869 1.7372576e-16
6118.766046735442 1.7543108e-16
6121.668690416014 1.7199265e-16
6124.571334096587 1.6651728e-16
6127.473977777159 1.6493027e-16
6130.376621457732 1.684806e-16
6133.279265138304 1.7154981e-16
6136.181908818877 1.7134587e-16
6139.084552499449 1.705556e-16
6141.987196180022 1.731956e-16
6144.889839860594 1.709237e-16
6147.792483541167 1.6529688e-16
6150.695127221739 1.6337274e-16
6153.597770902312 1.6236464e-16
6156.500414582884 1.5893811e-16
6159.403058263457 1.5754438e-16
6162.305701944029 1.5839789e-16
6165.208345624602 1.6152054e-16
6168.110989305174 1.6045855e-16
6171.013632985747 1.5869133e-16
6173.916276666319 1.5272156e-16
6176.818920346892 1.4244576e-16
6179.721564027464 1.3924432e-16
6182.624207708037 1.3983355e-16
6185.526851388609 1.3595476e-16
6188.429495069182 1.3493093e-16
6191.332138749754 1.3137572e-16
6194.234782430327 1.2710889e-16
6197.1374261108995 1.2283618e-16
6200.040069791472 1.1678692e-16
6202.9427134720445 1.1712029e-16
6205.845357152617 1.1489426e-16
6208.7480008331895 1.09967495e-16
6211.650644513762 1.0776156e-16
6214.5532881943345 1.0049867e-16
6217.455931874907 9.797059e-17
6220.35857555548 1.00366807e-16
6223.261219236052 9.907194e-17
6226.163862916625 9.762745e-17
6229.066506597197 9.602994e-17
6231.96915027777 8.9801996e-17
6234.871793958342 8.580025e-17
6237.774437638915 8.707837e-17
6240.677081319487 8.716743e-17
6243.57972500006 8.389794e-17
6246.482368680632 8.427252e-17
6249.385012361205 7.994839e-17
6252.287656041777 7.662134e-17
6255.19029972235 7.854095e-17
6258.092943402922 7.7887876e-17
6260.995587083495 7.493395e-17
6263.898230764067 7.311444e-17
6266.80087444464 6.9235646e-17
6269.703518125212 6.966665e-17
6272.606161805785 7.286329e-17
6275.508805486357 7.204397e-17
6278.41144916693 7.240412e-17
6281.314092847502 7.4011204e-17
6284.216736528075 7.470021e-17
6287.119380208647 8.156092e-17
6290.02202388922 8.8141534e-17
6292.924667569792 8.789295e-17
6295.827311250365 9.112798e-17
6298.729954930937 8.941084e-17
6301.63259861151 8.4748366e-17
6304.535242292082 8.7954664e-17
6307.437885972655 9.1036706e-17
6310.340529653227 9.369326e-17
6313.2431733338 9.8826755e-17
6316.145817014372 1.0333496e-16
6319.048460694945 9.906492e-17
6321.951104375517 9.720615e-17
6324.85374805609 9.589862e-17
6327.756391736662 1.0060705e-16
6330.659035417235 1.029519e-16
6333.561679097807 1.04922454e-16
6336.46432277838 1.08529405e-16
6339.366966458952 1.0797404e-16
6342.269610139525 1.101648e-16
6345.1722538200975 1.1242697e-16
6348.07489750067 1.1521455e-16
6350.9775411812425 1.1858165e-16
6353.880184861815 1.2444448e-16
6356.7828285423875 1.2550027e-16
6359.68547222296 1.271736e-16
6362.5881159035325 1.2386971e-16
6365.490759584105 1.25647e-16
6368.3934032646775 1.293271e-16
6371.29604694525 1.2825912e-16
6374.198690625823 1.3079261e-16
6377.101334306395 1.3535201e-16
6380.003977986968 1.3620663e-16
6382.90662166754 1.3844693e-16
6385.809265348113 1.4365386e-16
6388.711909028685 1.4376836e-16
6391.614552709258 1.4263685e-16
6394.51719638983 1.4457678e-16
6397.419840070403 1.4440522e-16
6400.322483750975 1.4188061e-16
6403.225127431548 1.4212724e-16
6406.12777111212 1.4458016e-16
6409.030414792693 1.4607842e-16
6411.933058473265 1.4642522e-16
6414.835702153838 1.4354625e-16
6417.73834583441 1.4703993e-16
6420.640989514983 1.52081e-16
6423.543633195555 1.5387883e-16
6426.446276876128 1.5488533e-16
6429.3489205567 1.5141206e-16
6432.251564237273 1.4801211e-16
6435.154207917845 1.4925905e-16
6438.056851598418 1.4710503e-16
6440.95949527899 1.4842951e-16
6443.862138959563 1.5001365e-16
6446.764782640135 1.5344853e-16
6449.667426320708 1.5202112e-16
6452.57007000128 1.5279736e-16
6455.472713681853 1.5482537e-16
6458.375357362425 1.5385855e-16
6461.278001042998 1.5755862e-16
6464.18064472357 1.5641579e-16
6467.083288404143 1.5153049e-16
6469.985932084715 1.4951111e-16
6472.888575765288 1.502996e-16
6475.79121944586 1.495853e-16
6478.693863126433 1.4977492e-16
6481.596506807005 1.5180081e-16
6484.499150487578 1.5105373e-16
6487.40179416815 1.5222247e-16
6490.304437848723 1.579283e-16
6493.2070815292955 1.6246116e-16
6496.109725209868 1.5817933e-16
6499.0123688904405 1.5445929e-16
6501.915012571013 1.5630699e-16
6504.8176562515855 1.57028e-16
6507.720299932158 1.5631501e-16
6510.6229436127305 1.5602756e-16
6513.525587293303 1.5523755e-16
6516.4282309738755 1.5463175e-16
6519.330874654448 1.5670319e-16
6522.233518335021 1.5766714e-16
6525.136162015593 1.5604713e-16
6528.038805696166 1.5470415e-16
6530.941449376738 1.5498592e-16
6533.844093057311 1.5361195e-16
6536.746736737883 1.5655996e-16
6539.649380418456 1.5870434e-16
6542.552024099028 1.620652e-16
6545.454667779601 1.6242403e-16
6548.357311460173 1.6037445e-16
6551.259955140746 1.553339e-16
6554.162598821318 1.5841729e-16
6557.065242501891 1.5600482e-16
6559.967886182463 1.5387338e-16
6562.870529863036 1.6046731e-16
6565.773173543608 1.6269884e-16
6568.675817224181 1.6259656e-16
6571.578460904753 1.5980173e-16
6574.481104585326 1.5998183e-16
6577.383748265898 1.5788077e-16
6580.286391946471 1.539324e-16
6583.189035627043 1.5181743e-16
6586.091679307616 1.5440737e-16
6588.994322988188 1.5421803e-16
6591.896966668761 1.5296049e-16
6594.799610349333 1.5241768e-16
6597.702254029906 1.5051856e-16
6600.604897710478 1.4978798e-16
6603.507541391051 1.5055888e-16
6606.410185071623 1.4772015e-16
6609.312828752196 1.4548547e-16
6612.215472432768 1.4749795e-16
6615.118116113341 1.4632239e-16
6618.020759793913 1.4280778e-16
6620.923403474486 1.4486606e-16
6623.826047155058 1.4568781e-16
6626.728690835631 1.4747415e-16
6629.631334516203 1.4698327e-16
6632.533978196776 1.4545017e-16
6635.436621877348 1.4272075e-16
6638.339265557921 1.4393929e-16
6641.2419092384935 1.4532956e-16
6644.144552919066 1.4717904e-16
6647.0471965996385 1.5155799e-16
6649.949840280211 1.4720158e-16
6652.8524839607835 1.43327e-16
6655.755127641356 1.4446368e-16
6658.6577713219285 1.4293383e-16
6661.560415002501 1.4530934e-16
6664.4630586830735 1.4650078e-16
6667.365702363646 1.440668e-16
6670.268346044219 1.4454829e-16
6673.170989724791 1.4482777e-16
6676.073633405364 1.4398155e-16
6678.976277085936 1.4307633e-16
6681.878920766509 1.4246908e-16
6684.781564447081 1.4350205e-16
6687.684208127654 1.453627e-16
6690.586851808226 1.4396214e-16
6693.489495488799 1.4618801e-16
6696.392139169371 1.4607804e-16
6699.294782849944 1.4487797e-16
6702.197426530516 1.4326816e-16
6705.100070211089 1.438987e-16
6708.002713891661 1.4262902e-16
6710.905357572234 1.4086043e-16
6713.808001252806 1.4156676e-16
6716.710644933379 1.3971353e-16
6719.613288613951 1.3919093e-16
6722.515932294524 1.4345105e-16
6725.418575975096 1.4166973e-16
6728.321219655669 1.4101727e-16
6731.223863336241 1.4395594e-16
6734.126507016814 1.4457594e-16
6737.029150697386 1.423256e-16
6739.931794377959 1.4206942e-16
6742.834438058531 1.3919993e-16
6745.737081739104 1.3439901e-16
6748.639725419676 1.3565184e-16
6751.542369100249 1.3671906e-16
6754.445012780821 1.3942505e-16
6757.347656461394 1.394408e-16
6760.250300141966 1.3609462e-16
6763.152943822539 1.3435815e-16
6766.055587503111 1.331692e-16
6768.958231183684 1.3370275e-16
6771.860874864256 1.3471376e-16
6774.763518544829 1.3515745e-16
6777.666162225401 1.3489687e-16
6780.568805905974 1.3594543e-16
6783.471449586546 1.3738721e-16
6786.374093267119 1.3553088e-16
6789.2767369476915 1.367267e-16
6792.179380628264 1.3887751e-16
6795.0820243088365 1.3551147e-16
6797.984667989409 1.3214404e-16
6800.8873116699815 1.3274827e-16
6803.789955350554 1.3320281e-16
6806.6925990311265 1.3420937e-16
6809.595242711699 1.3028293e-16
6812.4978863922715 1.294786e-16
6815.400530072844 1.3139468e-16
6818.303173753417 1.3369272e-16
6821.205817433989 1.3761723e-16
6824.108461114562 1.4004657e-16
6827.011104795134 1.3904297e-16
6829.913748475707 1.3632945e-16
6832.816392156279 1.3383275e-16
6835.719035836852 1.3440432e-16
6838.621679517424 1.2740143e-16
6841.524323197997 1.2243853e-16
6844.426966878569 1.2547955e-16
6847.329610559142 1.2560916e-16
6850.232254239714 1.3351144e-16
6853.134897920287 1.3677263e-16
6856.037541600859 1.3706319e-16
6858.940185281432 1.3392078e-16
6861.842828962004 1.2855757e-16
6864.745472642577 1.2408289e-16
6867.648116323149 1.26154e-16
6870.550760003722 1.2505912e-16
6873.453403684294 1.2208187e-16
6876.356047364867 1.227857e-16
6879.258691045439 1.2553384e-16
6882.161334726012 1.2229209e-16
6885.063978406584 1.2181468e-16
6887.966622087157 1.2103013e-16
6890.869265767729 1.1942364e-16
6893.771909448302 1.1685048e-16
6896.674553128874 1.2118011e-16
6899.577196809447 1.2259394e-16
6902.479840490019 1.2482587e-16
6905.382484170592 1.2144146e-16
6908.285127851164 1.2290079e-16
6911.187771531737 1.2224777e-16
6914.090415212309 1.202396e-16
6916.993058892882 1.1907154e-16
6919.895702573454 1.1705094e-16
6922.798346254027 1.1431332e-16
6925.700989934599 1.1409818e-16
6928.603633615172 1.1319641e-16
6931.506277295744 1.1025344e-16
6934.408920976317 1.1250182e-16
6937.3115646568895 1.1659201e-16
6940.214208337462 1.1725842e-16
6943.1168520180345 1.1442753e-16
6946.019495698607 1.1316068e-16
6948.9221393791795 1.1134825e-16
6951.824783059752 1.05545096e-16
6954.7274267403245 1.03545126e-16
6957.630070420897 1.0309431e-16
6960.5327141014695 1.0916118e-16
6963.435357782042 1.1210071e-16
6966.338001462615 1.1256525e-16
6969.240645143187 1.1123324e-16
6972.14328882376 1.0780031e-16
6975.045932504332 1.04174504e-16
6977.948576184905 1.03231406e-16
6980.851219865477 1.06442594e-16
6983.75386354605 1.07321616e-16
6986.656507226622 1.0540822e-16
6989.559150907195 1.02165124e-16
6992.461794587767 1.00944946e-16
6995.36443826834 1.05779486e-16
6998.267081948912 1.083669e-16
7001.169725629485 1.09214046e-16
7004.072369310057 1.0980744e-16
7006.97501299063 1.1031251e-16
7009.877656671202 1.0842495e-16
7012.780300351775 1.0570026e-16
7015.682944032347 1.0629992e-16
7018.58558771292 1.1374002e-16
7021.488231393492 1.1676501e-16
7024.390875074065 1.1243948e-16
7027.293518754637 1.1114691e-16
7030.19616243521 1.1554503e-16
7033.098806115782 1.1689877e-16
7036.001449796355 1.1708477e-16
7038.904093476927 1.185228e-16
7041.8067371575 1.1928287e-16
7044.709380838072 1.1815345e-16
7047.612024518645 1.1993345e-16
7050.514668199217 1.2247918e-16
7053.41731187979 1.1974527e-16
7056.319955560362 1.1710572e-16
7059.222599240935 1.1736286e-16
7062.125242921507 1.184059e-16
7065.02788660208 1.1511216e-16
7067.930530282652 1.1076547e-16
7070.833173963225 1.1594618e-16
7073.735817643797 1.2009142e-16
7076.63846132437 1.2163663e-16
7079.541105004942 1.2074373e-16
7082.443748685515 1.1885873e-16
7085.3463923660875 1.1674558e-16
7088.24903604666 1.1611212e-16
7091.1516797272325 1.1392065e-16
7094.054323407805 1.155844e-16
7096.9569670883775 1.1712412e-16
7099.85961076895 1.1473879e-16
7102.7622544495225 1.1468235e-16
7105.664898130095 1.1806334e-16
7108.5675418106675 1.1943577e-16
7111.47018549124 1.1728796e-16
7114.372829171813 1.1704816e-16
7117.275472852385 1.1926534e-16
7120.178116532958 1.1582428e-16
7123.08076021353 1.1329937e-16
7125.983403894103 1.1639e-16
7128.886047574675 1.1718437e-16
7131.788691255248 1.2087723e-16
7134.69133493582 1.239302e-16
7137.593978616393 1.2555793e-16
7140.496622296965 1.2657757e-16
7143.399265977538 1.1980631e-16
7146.30190965811 1.2152994e-16
7149.204553338683 1.2104456e-16
7152.107197019255 1.1944088e-16
7155.009840699828 1.1848534e-16
7157.9124843804 1.1612073e-16
7160.815128060973 1.1747316e-16
7163.717771741545 1.2220338e-16
7166.620415422118 1.2565903e-16
7169.52305910269 1.2040761e-16
7172.425702783263 1.1620761e-16
7175.328346463835 1.1730398e-16
7178.230990144408 1.1658583e-16
7181.13363382498 1.1119755e-16
7184.036277505553 1.1020448e-16
7186.938921186125 1.1318938e-16
7189.841564866698 1.1418524e-16
7192.74420854727 1.168074e-16
7195.646852227843 1.1821343e-16
7198.549495908415 1.1615994e-16
7201.452139588988 1.1362259e-16
7204.35478326956 1.1121684e-16
7207.257426950133 1.0838093e-16
7210.160070630705 1.068502e-16
7213.062714311278 1.0828359e-16
7215.96535799185 1.0923625e-16
7218.868001672423 1.071778e-16
7221.770645352995 1.0692814e-16
7224.673289033568 1.10876745e-16
7227.57593271414 1.1823806e-16
7230.478576394713 1.1902637e-16
7233.3812200752855 1.1938992e-16
7236.283863755858 1.1719373e-16
7239.1865074364305 1.156115e-16
7242.089151117003 1.1256651e-16
7244.9917947975755 1.07851474e-16
7247.894438478148 1.0759739e-16
7250.7970821587205 1.07229646e-16
7253.699725839293 1.0298179e-16
7256.6023695198655 1.0477519e-16
7259.505013200438 1.0653524e-16
7262.407656881011 1.0753704e-16
7265.310300561583 1.1952727e-16
7268.212944242156 1.2304372e-16
7271.115587922728 1.2327444e-16
7274.018231603301 1.2274656e-16
7276.920875283873 1.2012359e-16
7279.823518964446 1.173014e-16
7282.726162645018 1.1065959e-16
7285.628806325591 1.09128535e-16
7288.531450006163 1.100403e-16
7291.434093686736 1.1010704e-16
7294.336737367308 1.0972871e-16
7297.239381047881 1.0888761e-16
7300.142024728453 1.0925507e-16
7303.044668409026 1.1439926e-16
7305.947312089598 1.2064018e-16
7308.849955770171 1.2151144e-16
7311.752599450743 1.190814e-16
7314.655243131316 1.1163724e-16
7317.557886811888 1.057708e-16
7320.460530492461 1.05451526e-16
7323.363174173033 1.0755993e-16
7326.265817853606 1.1467233e-16
7329.168461534178 1.2068386e-16
7332.071105214751 1.2165421e-16
7334.973748895323 1.2589322e-16
7337.876392575896 1.2438201e-16
7340.779036256468 1.0952407e-16
7343.681679937041 1.076011e-16
7346.584323617613 1.1083455e-16
7349.486967298186 1.155911e-16
7352.389610978758 1.1852242e-16
7355.292254659331 1.1703665e-16
7358.194898339903 1.2318698e-16
7361.097542020476 1.2203276e-16
7364.000185701048 1.2261166e-16
7366.902829381621 1.2019724e-16
7369.805473062193 1.1289571e-16
7372.708116742766 1.0962144e-16
7375.610760423338 1.09894663e-16
7378.513404103911 1.0927244e-16
7381.416047784483 1.07478714e-16
7384.318691465056 1.09686154e-16
7387.2213351456285 1.1394004e-16
7390.123978826201 1.2003415e-16
7393.0266225067735 1.2096996e-16
7395.929266187346 1.1795038e-16
7398.8319098679185 1.1441255e-16
7401.734553548491 1.1202741e-16
7404.6371972290635 1.1085092e-16
7407.539840909636 1.085123e-16
7410.442484590209 1.07051505e-16
7413.345128270781 1.0575243e-16
7416.247771951354 1.05005556e-16
7419.150415631926 1.0651066e-16
7422.053059312499 1.0880269e-16
7424.955702993071 1.1334587e-16
7427.858346673644 1.1597373e-16
7430.760990354216 1.1768254e-16
7433.663634034789 1.1390867e-16
7436.566277715361 1.083552e-16
7439.468921395934 1.076004e-16
7442.371565076506 1.07736265e-16
7445.274208757079 1.0761654e-16
7448.176852437651 1.05708924e-16
7451.079496118224 1.0299518e-16
7453.982139798796 1.0347034e-16
7456.884783479369 1.07189624e-16
7459.787427159941 1.1110302e-16
7462.690070840514 1.163063e-16
7465.592714521086 1.2051177e-16
7468.495358201659 1.2009407e-16
7471.398001882231 1.2030642e-16
7474.300645562804 1.1889385e-16
7477.203289243376 1.1710011e-16
7480.105932923949 1.1139402e-16
7483.008576604521 1.02753865e-16
7485.911220285094 9.9596536e-17
7488.813863965666 1.0051737e-16
7491.716507646239 1.0882807e-16
7494.619151326811 1.11007956e-16
7497.521795007384 1.0470008e-16
7500.424438687956 9.92126e-17
7503.327082368529 9.621879e-17
7506.229726049101 9.8628497e-17
7509.132369729674 1.06432674e-16
7512.035013410246 1.1416736e-16
7514.937657090819 1.1567593e-16
7517.840300771391 1.1613033e-16
7520.742944451964 1.1275591e-16
7523.645588132536 1.04642874e-16
7526.548231813109 1.00060254e-16
7529.450875493681 9.727723e-17
7532.353519174254 9.932227e-17
7535.2561628548265 1.0016493e-16
7538.158806535399 1.003485e-16
7541.0614502159715 9.961644e-17
7543.964093896544 9.71343e-17
7546.8667375771165 1.01809906e-16
7549.769381257689 1.03593744e-16
7552.6720249382615 1.0315631e-16
7555.574668618834 1.0001615e-16
7558.477312299407 1.0187582e-16
7561.379955979979 1.0951681e-16
7564.282599660552 1.119988e-16
7567.185243341124 1.1202547e-16
7570.087887021697 1.10478123e-16
7572.990530702269 1.0789316e-16
7575.893174382842 1.00474036e-16
7578.795818063414 9.017785e-17
7581.698461743987 8.5490056e-17
7584.601105424559 7.709352e-17
7587.503749105132 7.769116e-17
7590.406392785704 8.527044e-17
7593.309036466277 8.041414e-17
7596.211680146849 6.97517e-17
7599.114323827422 7.102931e-17
7602.016967507994 7.3584194e-17
7604.919611188567 6.9278236e-17
7607.822254869139 5.8470274e-17
7610.724898549712 6.1202306e-17
7613.627542230284 6.2868235e-17
7616.530185910857 6.095553e-17
7619.432829591429 5.2965017e-17
7622.335473272002 5.3930436e-17
7625.238116952574 5.2308513e-17
7628.140760633147 5.307244e-17
7631.043404313719 5.5383276e-17
7633.946047994292 5.953062e-17
7636.848691674864 5.8678876e-17
7639.751335355437 5.7756966e-17
7642.653979036009 6.0226504e-17
7645.556622716582 6.3933795e-17
7648.459266397154 6.292183e-17
7651.361910077727 6.010129e-17
7654.264553758299 5.89857e-17
7657.167197438872 5.8029916e-17
7660.069841119444 5.717327e-17
7662.972484800017 5.4451407e-17
7665.875128480589 5.618316e-17
7668.777772161162 5.7394714e-17
7671.680415841734 5.359825e-17
7674.583059522307 5.4678084e-17
7677.485703202879 5.767059e-17
7680.388346883452 5.680336e-17
7683.2909905640245 5.5688797e-17
7686.193634244597 5.8167824e-17
7689.0962779251695 5.564732e-17
7691.998921605742 5.0968686e-17
7694.9015652863145 4.8649407e-17
7697.804208966887 5.2251282e-17
7700.7068526474595 6.0393615e-17
7703.609496328032 6.2693064e-17
7706.512140008605 6.5734654e-17
7709.414783689177 6.57276e-17
7712.31742736975 6.2962354e-17
7715.220071050322 6.0701015e-17
7718.122714730895 5.7633134e-17
7721.025358411467 5.5172887e-17
7723.92800209204 5.283062e-17
7726.830645772612 5.2235175e-17
7729.733289453185 5.2121044e-17
7732.635933133757 5.4058622e-17
7735.53857681433 5.563989e-17
7738.441220494902 5.7945994e-17
7741.343864175475 6.361667e-17
7744.246507856047 6.750846e-17
7747.14915153662 6.8021093e-17
7750.051795217192 6.766173e-17
7752.954438897765 6.3999957e-17
7755.857082578337 5.908461e-17
7758.75972625891 5.532699e-17
7761.662369939482 5.72874e-17
7764.565013620055 5.858951e-17
7767.467657300627 5.913306e-17
7770.3703009812 6.727425e-17
7773.272944661772 6.599462e-17
7776.175588342345 6.6775095e-17
7779.078232022917 7.0805966e-17
7781.98087570349 7.57613e-17
7784.883519384062 7.7443554e-17
7787.786163064635 7.143212e-17
7790.688806745207 6.775696e-17
7793.59145042578 6.348145e-17
7796.494094106352 6.8186946e-17
7799.396737786925 7.001542e-17
7802.299381467497 6.5893995e-17
7805.20202514807 7.3113396e-17
7808.104668828642 8.4137536e-17
7811.007312509215 8.571103e-17
7813.909956189787 9.430076e-17
7816.81259987036 9.392641e-17
7819.715243550932 8.828306e-17
7822.617887231505 7.951426e-17
7825.520530912077 7.435591e-17
7828.42317459265 7.570259e-17
7831.3258182732225 8.230191e-17
7834.228461953795 8.022394e-17
7837.1311056343675 8.0406985e-17
7840.03374931494 8.843967e-17
7842.9363929955125 9.966549e-17
7845.839036676085 1.1055554e-16
7848.7416803566575 1.1201933e-16
7851.64432403723 1.0655262e-16
7854.5469677178025 1.0055927e-16
7857.449611398375 1.01063213e-16
7860.352255078948 1.02642374e-16
7863.25489875952 1.00697275e-16
7866.157542440093 1.04163824e-16
7869.060186120665 1.04549105e-16
7871.962829801238 1.0081137e-16
7874.86547348181 1.0335934e-16
7877.768117162383 1.1017477e-16
7880.670760842955 1.141466e-16
7883.573404523528 1.160838e-16
7886.4760482041 1.1278932e-16
7889.378691884673 1.02375195e-16
7892.281335565245 9.930749e-17
7895.183979245818 9.8259746e-17
7898.08662292639 9.8249145e-17
7900.989266606963 1.01815326e-16
7903.891910287535 1.0891183e-16
7906.794553968108 1.1369388e-16
7909.69719764868 1.1985884e-16
7912.599841329253 1.1961572e-16
7915.502485009825 1.1491225e-16
7918.405128690398 1.1695602e-16
7921.30777237097 1.1890817e-16
7924.210416051543 1.1800872e-16
7927.113059732115 1.1360123e-16
7930.015703412688 1.0824557e-16
7932.91834709326 1.0301689e-16
7935.820990773833 1.00645256e-16
7938.723634454405 9.915796e-17
7941.626278134978 1.0638794e-16
7944.52892181555 1.03635527e-16
7947.431565496123 1.04189076e-16
7950.334209176695 1.0845738e-16
7953.236852857268 1.1199988e-16
7956.13949653784 1.191305e-16
7959.042140218413 1.2189817e-16
7961.944783898985 1.1885411e-16
7964.847427579558 1.1537828e-16
7967.75007126013 1.1457347e-16
7970.652714940703 1.1306367e-16
7973.555358621275 1.08094295e-16
7976.458002301848 1.1208911e-16
7979.3606459824205 1.2053802e-16
7982.263289662993 1.2328685e-16
7985.1659333435655 1.285938e-16
7988.068577024138 1.2857988e-16
7990.9712207047105 1.2119013e-16
7993.873864385283 1.1110165e-16
7996.7765080658555 1.0406801e-16
7999.679151746428 1.03774917e-16
8002.5817954270005 1.0675386e-16
8005.484439107573 1.11028e-16
8008.387082788146 1.1316507e-16
8011.289726468718 1.1791239e-16
8014.192370149291 1.2511624e-16
8017.095013829863 1.291859e-16
8019.997657510436 1.2842678e-16
8022.900301191008 1.2340913e-16
8025.802944871581 1.1554208e-16
8028.705588552153 1.0661062e-16
8031.608232232726 1.05896225e-16
8034.510875913298 1.0806289e-16
8037.413519593871 1.07664035e-16
8040.316163274443 1.10142116e-16
8043.218806955016 1.1481704e-16
8046.121450635588 1.1638728e-16
8049.024094316161 1.2039046e-16
8051.926737996733 1.1706112e-16
8054.829381677306 1.1304122e-16
8057.732025357878 1.1530172e-16
8060.634669038451 1.1115826e-16
8063.537312719023 1.067786e-16
8066.439956399596 9.924775e-17
8069.342600080168 9.797454e-17
8072.245243760741 9.7973806e-17
8075.147887441313 9.9660375e-17
8078.050531121886 9.954374e-17
8080.953174802458 1.04117746e-16
8083.855818483031 1.0659067e-16
8086.758462163603 1.0466802e-16
8089.661105844176 1.0477197e-16
8092.563749524748 1.00713726e-16
8095.466393205321 9.908357e-17
8098.369036885893 1.0034402e-16
8101.271680566466 9.929638e-17
8104.174324247038 9.442865e-17
8107.076967927611 8.905869e-17
8109.979611608183 8.2000254e-17
8112.882255288756 8.3975727e-17
8115.784898969328 8.2255965e-17
8118.687542649901 8.163086e-17
8121.590186330473 8.595157e-17
8124.492830011046 8.8875316e-17
8127.3954736916185 9.052812e-17
8130.298117372191 9.419429e-17
8133.2007610527635 9.284476e-17
8136.103404733336 9.002036e-17
8139.0060484139085 9.347986e-17
8141.908692094481 9.451939e-17
8144.8113357750535 8.7940105e-17
8147.713979455626 8.266931e-17
8150.6166231361985 7.828782e-17
8153.519266816771 7.684634e-17
8156.421910497344 8.2774594e-17
8159.324554177916 8.208928e-17
8162.227197858489 8.118319e-17
8165.129841539061 8.280397e-17
8168.032485219634 8.13321e-17
8170.935128900206 7.842816e-17
8173.837772580779 7.952595e-17
8176.740416261351 6.974273e-17
8179.643059941924 6.981587e-17
8182.545703622496 8.4586914e-17
8185.448347303069 8.869196e-17
8188.350990983641 9.061291e-17
8191.253634664214 9.16732e-17
8194.156278344786 8.599731e-17
8197.058922025359 8.9199405e-17
8199.961565705931 8.994104e-17
8202.864209386504 8.457449e-17
8205.766853067076 8.141123e-17
8208.669496747649 8.5158e-17
8211.572140428221 8.428568e-17
8214.474784108794 7.833389e-17
8217.377427789366 8.1264784e-17
8220.280071469939 8.5423306e-17
8223.182715150511 8.982552e-17
8226.085358831084 8.4157514e-17
8228.988002511656 8.5689916e-17
8231.890646192229 9.376752e-17
8234.793289872801 9.313722e-17
8237.695933553374 9.00458e-17
8240.598577233946 8.3442354e-17
8243.501220914519 7.9891274e-17
8246.403864595091 7.540154e-17
8249.306508275664 6.7080457e-17
8252.209151956236 6.494349e-17
8255.111795636809 6.5026534e-17
8258.014439317381 6.549686e-17
8260.917082997954 6.235161e-17
8263.819726678526 6.0172426e-17
8266.722370359099 6.5044884e-17
8269.625014039671 6.535067e-17
8272.527657720244 6.794811e-17
8275.430301400816 7.438066e-17
8278.332945081389 7.116836e-17
8281.235588761961 7.038229e-17
8284.138232442534 7.849225e-17
8287.040876123107 8.305269e-17
8289.943519803679 8.710383e-17
8292.846163484252 8.364535e-17
8295.748807164824 7.34391e-17
8298.651450845397 6.65096e-17
8301.554094525969 6.0193384e-17
8304.456738206542 5.46326e-17
8307.359381887114 4.733211e-17
8310.262025567687 4.467705e-17
8313.164669248259 4.620996e-17
8316.067312928832 4.606549e-17
8318.969956609404 4.4057105e-17
8321.872600289977 3.7720594e-17
8324.77524397055 3.4501253e-17
8327.677887651122 3.7621954e-17
8330.580531331694 4.2393298e-17
8333.483175012267 5.008364e-17
8336.38581869284 5.88849e-17
8339.288462373412 6.0536287e-17
8342.191106053984 5.6719285e-17
8345.093749734557 4.9490927e-17
8347.99639341513 4.2809346e-17
8350.899037095702 4.2242992e-17
8353.801680776274 4.0212806e-17
8356.704324456847 3.553159e-17
8359.60696813742 3.1837434e-17
8362.509611817992 2.6287312e-17
8365.412255498564 2.4979764e-17
8368.314899179137 2.7189359e-17
8371.21754285971 3.010516e-17
8374.120186540282 3.445053e-17
8377.022830220854 3.4509294e-17
8379.925473901427 3.2983638e-17
8382.828117582 3.1113932e-17
8385.730761262572 2.936345e-17
8388.633404943144 4.014485e-17
8391.536048623717 4.7512656e-17
8394.43869230429 4.3013518e-17
8397.341335984862 3.4742972e-17
8400.243979665434 3.2883523e-17
8403.146623346007 2.6739042e-17
8406.04926702658 2.615068e-17
8408.951910707152 3.3683926e-17
8411.854554387724 3.7274443e-17
8414.757198068297 3.738407e-17
8417.65984174887 4.1118278e-17
8420.562485429442 4.5847905e-17
8423.465129110014 3.9719145e-17
8426.367772790587 3.2693725e-17
8429.27041647116 3.11861e-17
8432.173060151732 2.621849e-17
8435.075703832304 2.814573e-17
8437.978347512877 3.047852e-17
8440.88099119345 2.8695246e-17
8443.783634874022 3.098746e-17
8446.686278554595 2.9413067e-17
8449.588922235167 3.4562597e-17
8452.49156591574 4.5737456e-17
8455.394209596312 4.4955175e-17
8458.296853276885 3.7110475e-17
8461.199496957457 3.7266392e-17
8464.10214063803 3.727201e-17
8467.004784318602 3.5074417e-17
8469.907427999175 3.2701183e-17
8472.810071679747 3.0719142e-17
8475.71271536032 3.3860486e-17
8478.615359040892 3.184296e-17
8481.518002721465 2.8224852e-17
8484.420646402037 3.1616934e-17
8487.32329008261 3.7453792e-17
8490.225933763182 4.2269776e-17
8493.128577443755 4.7720933e-17
8496.031221124327 4.590844e-17
8498.9338648049 4.297924e-17
8501.836508485472 4.2826813e-17
8504.739152166045 3.6319767e-17
8507.641795846617 3.1593565e-17
8510.54443952719 2.893269e-17
8513.447083207762 3.6159135e-17
8516.349726888335 4.2489892e-17
8519.252370568907 3.783161e-17
8522.15501424948 3.364798e-17
8525.057657930052 3.896974e-17
8527.960301610625 4.3229885e-17
8530.862945291197 4.0275427e-17
8533.76558897177 4.2395273e-17
8536.668232652342 4.3577297e-17
8539.570876332915 4.2266623e-17
8542.473520013487 4.336042e-17
8545.37616369406 4.401903e-17
8548.278807374632 4.421655e-17
8551.181451055205 4.3715443e-17
8554.084094735777 4.174093e-17
8556.98673841635 4.4092915e-17
8559.889382096922 4.6743632e-17
8562.792025777495 4.908305e-17
8565.694669458067 5.0298497e-17
8568.59731313864 5.1143734e-17
8571.499956819212 4.9932285e-17
8574.402600499785 5.0909205e-17
8577.305244180357 5.432072e-17
8580.20788786093 5.3660477e-17
8583.110531541502 5.183368e-17
8586.013175222075 4.9811298e-17
8588.915818902648 5.061732e-17
8591.81846258322 5.154595e-17
8594.721106263793 4.906243e-17
8597.623749944365 4.8194335e-17
8600.526393624938 4.7663953e-17
8603.42903730551 4.433214e-17
8606.331680986083 4.3720178e-17
8609.234324666655 5.2348605e-17
8612.136968347228 6.264555e-17
8615.0396120278 6.357658e-17
8617.942255708373 5.899168e-17
8620.844899388945 6.1801906e-17
8623.747543069518 7.400296e-17
8626.65018675009 7.2664707e-17
8629.552830430663 6.556709e-17
8632.455474111235 6.633995e-17
8635.358117791808 7.3566684e-17
8638.26076147238 7.521027e-17
8641.163405152953 7.868867e-17
8644.066048833525 7.9920894e-17
8646.968692514098 9.1709984e-17
8649.87133619467 9.0924083e-17
8652.773979875243 8.414476e-17
8655.676623555815 8.625906e-17
8658.579267236388 9.034382e-17
8661.48191091696 9.590712e-17
8664.384554597533 9.8920875e-17
8667.287198278105 9.8103277e-17
8670.189841958678 9.911905e-17
8673.09248563925 9.4228326e-17
8675.995129319823 9.535133e-17
8678.897773000395 9.840635e-17
8681.800416680968 9.190407e-17
8684.70306036154 8.977024e-17
8687.605704042113 9.332513e-17
8690.508347722685 9.210985e-17
8693.410991403258 8.868892e-17
8696.31363508383 8.275985e-17
8699.216278764403 8.5472023e-17
8702.118922444975 9.252156e-17
8705.021566125548 9.1625056e-17
8707.92420980612 8.7425804e-17
8710.826853486693 8.691447e-17
8713.729497167265 9.321406e-17
8716.632140847838 8.5713157e-17
8719.53478452841 8.676688e-17
8722.437428208983 8.7482794e-17
8725.340071889555 8.204495e-17
8728.242715570128 8.0010944e-17
8731.1453592507 8.149439e-17
8734.048002931273 7.855778e-17
8736.950646611846 7.631185e-17
8739.853290292418 7.573799e-17
8742.75593397299 7.405172e-17
8745.658577653563 7.588573e-17
8748.561221334136 8.1017636e-17
8751.463865014708 8.823084e-17
8754.36650869528 9.6116025e-17
8757.269152375853 9.663588e-17
8760.171796056426 9.849139e-17
8763.074439736998 1.0312366e-16
8765.97708341757 1.0320951e-16
8768.879727098143 1.08231574e-16
8771.782370778716 1.1321003e-16
8774.685014459288 1.1076953e-16
8777.58765813986 1.0517312e-16
8780.490301820433 1.02391996e-16
8783.392945501006 1.0279108e-16
8786.295589181578 9.898998e-17
8789.19823286215 9.6207915e-17
8792.100876542723 8.952093e-17
8795.003520223296 8.1088886e-17
8797.906163903868 7.793493e-17
8800.80880758444 6.96358e-17
8803.711451265013 6.88524e-17
8806.614094945586 6.749205e-17
8809.516738626158 6.5591214e-17
8812.41938230673 7.322009e-17
8815.322025987303 8.0964776e-17
8818.224669667876 8.5804014e-17
8821.127313348448 9.668486e-17
8824.02995702902 1.0250126e-16
8826.932600709593 1.07202905e-16
8829.835244390166 1.10068735e-16
8832.737888070738 1.08497813e-16
8835.64053175131 9.9475086e-17
8838.543175431883 8.670445e-17
8841.445819112456 8.463771e-17
8844.348462793028 8.377455e-17
8847.2511064736 8.3534925e-17
8850.153750154173 8.710473e-17
8853.056393834746 8.4150116e-17
8855.959037515318 8.483072e-17
8858.861681195891 7.806022e-17
8861.764324876463 6.787296e-17
8864.666968557036 6.5172515e-17
8867.569612237608 6.7326374e-17
8870.472255918181 6.7598444e-17
8873.374899598753 8.049905e-17
8876.277543279326 9.2715955e-17
8879.180186959898 1.0188097e-16
8882.082830640471 1.0291506e-16
8884.985474321044 8.8694746e-17
8887.888118001616 7.9152496e-17
8890.790761682189 7.7729434e-17
8893.693405362761 7.9480655e-17
8896.596049043334 7.926532e-17
8899.498692723906 7.6382625e-17
8902.401336404479 7.784757e-17
8905.303980085051 8.447117e-17
8908.206623765624 9.1143855e-17
8911.109267446196 9.352917e-17
8914.011911126769 9.317434e-17
8916.914554807341 8.515194e-17
8919.817198487914 7.908116e-17
8922.719842168486 7.348286e-17
8925.622485849059 6.360024e-17
8928.525129529631 6.6053575e-17
8931.427773210204 7.163775e-17
8934.330416890776 7.3729626e-17
8937.233060571349 7.444469e-17
8940.135704251921 7.43209e-17
8943.038347932494 6.981617e-17
8945.940991613066 7.747386e-17
8948.843635293639 8.563263e-17
8951.746278974211 8.9055244e-17
8954.648922654784 8.0988784e-17
8957.551566335356 6.6288964e-17
8960.454210015929 5.4739e-17
8963.356853696501 5.385471e-17
8966.259497377074 6.0362255e-17
8969.162141057646 6.1261387e-17
8972.064784738219 6.28656e-17
8974.967428418791 6.479192e-17
8977.870072099364 6.096405e-17
8980.772715779936 6.419042e-17
8983.675359460509 6.5839395e-17
8986.578003141081 6.7488614e-17
8989.480646821654 7.3737176e-17
8992.383290502226 7.402577e-17
8995.285934182799 6.8318164e-17
8998.188577863371 6.4411945e-17
9001.091221543944 6.035938e-17
9003.993865224516 5.5076018e-17
9006.896508905089 5.3815563e-17
9009.799152585661 5.9344405e-17
9012.701796266234 5.560822e-17
9015.604439946806 5.3094533e-17
9018.507083627379 5.0926986e-17
9021.409727307951 4.9857577e-17
9024.312370988524 5.325852e-17
9027.215014669096 5.881661e-17
9030.117658349669 6.0100515e-17
9033.020302030242 6.0142774e-17
9035.922945710814 5.872563e-17
9038.825589391387 5.916896e-17
9041.728233071959 6.383609e-17
9044.630876752532 5.597868e-17
9047.533520433104 5.3424446e-17
9050.436164113677 4.943241e-17
9053.338807794249 4.251508e-17
9056.241451474822 4.3224505e-17
9059.144095155394 4.006218e-17
9062.046738835967 4.560809e-17
9064.94938251654 5.6658835e-17
9067.852026197112 5.112761e-17
9070.754669877684 4.609076e-17
9073.657313558257 4.5489666e-17
9076.55995723883 4.05392e-17
9079.462600919402 3.5485598e-17
9082.365244599974 3.8585087e-17
9085.267888280547 4.1849744e-17
9088.17053196112 4.5306614e-17
9091.073175641692 4.5432637e-17
9093.975819322264 3.8063464e-17
9096.878463002837 4.0267867e-17
9099.78110668341 4.5354776e-17
9102.683750363982 3.9353816e-17
9105.586394044554 3.924468e-17
9108.489037725127 4.1838094e-17
9111.3916814057 4.4221896e-17
9114.294325086272 4.4563396e-17
9117.196968766844 3.4747078e-17
9120.099612447417 4.154532e-17
9123.00225612799 4.5491043e-17
9125.904899808562 4.527213e-17
9128.807543489134 4.312209e-17
9131.710187169707 4.1319055e-17
9134.61283085028 3.92001e-17
9137.515474530852 3.475903e-17
9140.418118211424 3.254428e-17
9143.320761891997 3.301051e-17
9146.22340557257 3.9760524e-17
9149.126049253142 4.1962816e-17
9152.028692933714 4.2380787e-17
9154.931336614287 4.2640522e-17
9157.83398029486 4.1478022e-17
9160.736623975432 4.3236562e-17
9163.639267656004 4.71879e-17
9166.541911336577 5.1862567e-17
9169.44455501715 4.8048764e-17
9172.347198697722 4.514364e-17
9175.249842378294 4.0887263e-17
9178.152486058867 4.2348488e-17
9181.05512973944 3.9665994e-17
9183.957773420012 3.8315562e-17
9186.860417100585 3.8018578e-17
9189.763060781157 4.3198558e-17
9192.66570446173 4.8055544e-17
9195.568348142302 5.0969086e-17
9198.470991822875 4.9375933e-17
9201.373635503447 4.784117e-17
9204.27627918402 5.5322405e-17
9207.178922864592 5.9249644e-17
9210.081566545165 5.673213e-17
9212.984210225737 5.435974e-17
9215.88685390631 5.215371e-17
9218.789497586882 4.948001e-17
9221.692141267455 5.094636e-17
9224.594784948027 5.729236e-17
9227.4974286286 5.683641e-17
9230.400072309172 5.0760382e-17
9233.302715989745 4.746509e-17
9236.205359670317 5.0168048e-17
9239.10800335089 5.0843927e-17
9242.010647031462 5.3349288e-17
9244.913290712035 5.302235e-17
9247.815934392607 5.0540682e-17
9250.71857807318 5.123557e-17
9253.621221753752 4.8421922e-17
9256.523865434325 4.1131596e-17
9259.426509114897 3.8418817e-17
9262.32915279547 4.121151e-17
9265.231796476042 4.2704503e-17
9268.134440156615 4.3156626e-17
9271.037083837187 4.332978e-17
9273.93972751776 4.5602752e-17
9276.842371198332 4.6141564e-17
9279.745014878905 4.211871e-17
9282.647658559477 4.533227e-17
9285.55030224005 4.8992518e-17
9288.452945920622 4.7711212e-17
9291.355589601195 4.9190254e-17
9294.258233281767 4.441464e-17
9297.16087696234 5.5379087e-17
9300.063520642912 6.014081e-17
9302.966164323485 6.2507564e-17
9305.868808004057 6.8113685e-17
9308.77145168463 6.884738e-17
9311.674095365202 6.383866e-17
9314.576739045775 6.647832e-17
9317.479382726347 6.3574945e-17
9320.38202640692 6.415359e-17
9323.284670087492 5.493101e-17
9326.187313768065 5.076468e-17
9329.089957448638 5.5939366e-17
9331.99260112921 5.623998e-17
9334.895244809783 4.9843717e-17
9337.797888490355 4.486535e-17
9340.700532170928 4.766357e-17
9343.6031758515 5.7226783e-17
9346.505819532073 5.0585307e-17
9349.408463212645 4.1636123e-17
9352.311106893218 4.6169298e-17
9355.21375057379 4.6623575e-17
9358.116394254363 4.5421278e-17
9361.019037934935 4.4215246e-17
9363.921681615508 4.6456223e-17
9366.82432529608 5.7683175e-17
9369.726968976653 6.4010055e-17
9372.629612657225 6.4768844e-17
9375.532256337798 5.33586e-17
9378.43490001837 4.362723e-17
9381.337543698943 3.57085e-17
9384.240187379515 4.130481e-17
9387.142831060088 5.426388e-17
9390.04547474066 5.2191407e-17
9392.948118421233 5.1904174e-17
9395.850762101805 5.166244e-17
9398.753405782378 5.4020234e-17
9401.65604946295 6.12272e-17
9404.558693143523 6.012961e-17
9407.461336824095 5.430931e-17
9410.363980504668 5.941112e-17
9413.26662418524 6.498596e-17
9416.169267865813 4.3972127e-17
9419.071911546385 4.1929683e-17
9421.974555226958 4.3845092e-17
9424.87719890753 4.3151074e-17
9427.779842588103 4.826025e-17
9430.682486268675 5.7257e-17
9433.585129949248 5.8872846e-17
9436.48777362982 5.670554e-17
9439.390417310393 4.686705e-17
9442.293060990965 4.4380602e-17
9445.195704671538 5.7717586e-17
9448.09834835211 6.2358956e-17
9451.000992032683 5.990103e-17
9453.903635713255 5.5974544e-17
9456.806279393828 4.6329082e-17
9459.7089230744 4.4950434e-17
9462.611566754973 4.5700567e-17
9465.514210435545 5.062895e-17
9468.416854116118 6.339426e-17
9471.31949779669 6.035649e-17
9474.222141477263 4.8836446e-17
9477.124785157836 4.683775e-17
9480.027428838408 4.192409e-17
9482.93007251898 3.922861e-17
9485.832716199553 3.9991003e-17
9488.735359880126 4.600945e-17
9491.638003560698 5.2358253e-17
9494.54064724127 5.582635e-17
9497.443290921843 5.4994517e-17
9500.345934602416 5.043137e-17
9503.248578282988 5.2054615e-17
9506.15122196356 5.4051942e-17
9509.053865644133 5.122374e-17
9511.956509324706 4.6728508e-17
9514.859153005278 4.9048197e-17
9517.76179668585 4.6622483e-17
9520.664440366423 4.3364586e-17
9523.567084046996 4.2525835e-17
9526.469727727568 3.9425142e-17
9529.37237140814 3.44019e-17
9532.275015088713 3.6494438e-17
9535.177658769286 4.0051294e-17
9538.080302449858 3.3760225e-17
9540.98294613043 3.6773224e-17
9543.885589811003 4.2373978e-17
9546.788233491576 4.3307405e-17
9549.690877172148 4.705544e-17
9552.59352085272 4.805044e-17
9555.496164533293 4.969658e-17
9558.398808213866 5.107869e-17
9561.301451894438 4.9444182e-17
9564.20409557501 4.596011e-17
9567.106739255583 4.6940835e-17
9570.009382936156 4.3962873e-17
9572.912026616728 4.2474977e-17
9575.8146702973 4.6638786e-17
9578.717313977873 4.1592626e-17
9581.619957658446 3.6668324e-17
9584.522601339018 3.6305334e-17
9587.42524501959 3.798712e-17
9590.327888700163 4.3753163e-17
9593.230532380736 5.0945336e-17
9596.133176061308 5.2230828e-17
9599.035819741881 4.8708646e-17
9601.938463422453 4.54678e-17
9604.841107103026 4.4401676e-17
9607.743750783598 4.4213234e-17
9610.646394464171 4.285522e-17
9613.549038144743 4.4032058e-17
9616.451681825316 4.206343e-17
9619.354325505888 3.609113e-17
9622.256969186461 3.287917e-17
9625.159612867034 3.868786e-17
9628.062256547606 4.2339597e-17
9630.964900228179 3.710384e-17
9633.867543908751 4.4859457e-17
9636.770187589324 4.962928e-17
9639.672831269896 4.3290828e-17
9642.575474950469 4.693684e-17
9645.478118631041 4.9562737e-17
9648.380762311614 4.093788e-17
9651.283405992186 4.5048666e-17
9654.186049672759 5.1763606e-17
9657.088693353331 4.196014e-17
9659.991337033904 3.8837083e-17
9662.893980714476 4.0958116e-17
9665.796624395049 4.3064647e-17
9668.699268075621 3.9320643e-17
9671.601911756194 3.6445697e-17
9674.504555436766 4.7875275e-17
9677.407199117339 5.3482865e-17
9680.309842797911 4.374895e-17
9683.212486478484 4.2130476e-17
9686.115130159056 4.5185145e-17
9689.017773839629 4.0843456e-17
9691.920417520201 4.219281e-17
9694.823061200774 4.6936537e-17
9697.725704881346 4.9544234e-17
9700.628348561919 4.826654e-17
9703.530992242491 4.3037628e-17
9706.433635923064 4.5714623e-17
9709.336279603636 4.9084798e-17
9712.238923284209 4.483491e-17
9715.141566964781 4.4710707e-17
9718.044210645354 5.2054367e-17
9720.946854325926 5.182378e-17
9723.849498006499 4.1513578e-17
9726.752141687071 3.6212326e-17
9729.654785367644 4.004544e-17
9732.557429048216 4.0156257e-17
9735.460072728789 3.7754197e-17
9738.362716409361 4.128609e-17
9741.265360089934 3.9725438e-17
9744.168003770506 3.711771e-17
9747.070647451079 3.970951e-17
9749.973291131651 4.131955e-17
9752.875934812224 4.2362963e-17
9755.778578492796 4.2865022e-17
9758.681222173369 4.1857155e-17
9761.583865853941 3.550373e-17
9764.486509534514 2.9870537e-17
9767.389153215086 3.29806e-17
9770.291796895659 2.972157e-17
9773.194440576232 2.8175532e-17
9776.097084256804 3.1793514e-17
9778.999727937377 3.658759e-17
9781.902371617949 3.428553e-17
9784.805015298522 3.6886488e-17
9787.707658979094 4.312412e-17
9790.610302659667 4.3552975e-17
9793.512946340239 4.377306e-17
9796.415590020812 4.490785e-17
9799.318233701384 3.9406166e-17
9802.220877381957 3.4028288e-17
9805.12352106253 3.770297e-17
9808.026164743102 4.0812675e-17
9810.928808423674 3.970294e-17
9813.831452104247 3.7841816e-17
9816.73409578482 3.649107e-17
9819.636739465392 3.2309562e-17
9822.539383145964 2.7235514e-17
9825.442026826537 2.8296257e-17
9828.34467050711 3.3342178e-17
9831.247314187682 3.2076827e-17
9834.149957868254 3.4564033e-17
9837.052601548827 3.4989426e-17
9839.9552452294 4.56776e-17
9842.857888909972 4.395289e-17
9845.760532590544 2.9439067e-17
9848.663176271117 3.7727615e-17
9851.56581995169 3.956174e-17
9854.468463632262 3.959535e-17
9857.371107312834 3.2603906e-17
9860.273750993407 3.111391e-17
9863.17639467398 3.9311676e-17
9866.079038354552 4.235108e-17
9868.981682035124 2.7163789e-17
9871.884325715697 2.4440088e-17
9874.78696939627 3.2550497e-17
9877.689613076842 3.5380665e-17
9880.592256757414 3.933106e-17
9883.494900437987 3.8625215e-17
9886.39754411856 2.7163265e-17
9889.300187799132 2.687562e-17
9892.202831479704 3.9992604e-17
9895.105475160277 4.0898486e-17
9898.00811884085 3.9909e-17
9900.910762521422 4.7821075e-17
9903.813406201994 3.844495e-17
9906.716049882567 3.11545e-17
9909.61869356314 3.4240834e-17
9912.521337243712 3.0174692e-17
9915.423980924284 2.905583e-17
9918.326624604857 2.4725489e-17
9921.22926828543 2.8823423e-17
9924.131911966002 3.1127723e-17
9927.034555646575 2.9559504e-17
9929.937199327147 2.9678972e-17
9932.83984300772 3.358941e-17
9935.742486688292 3.6126395e-17
9938.645130368865 3.147826e-17
9941.547774049437 3.3257323e-17
9944.45041773001 4.3716787e-17
9947.353061410582 4.1385775e-17
9950.255705091155 3.2202952e-17
9953.158348771727 3.9847603e-17
9956.0609924523 4.174941e-17
9958.963636132872 4.654774e-17
9961.866279813445 4.031545e-17
9964.768923494017 3.308569e-17
9967.67156717459 3.0447668e-17
9970.574210855162 3.0923247e-17
9973.476854535735 2.7049923e-17
9976.379498216307 2.579798e-17
9979.28214189688 3.066389e-17
9982.184785577452 3.5662714e-17
9985.087429258025 3.572187e-17
9987.990072938597 3.043717e-17
9990.89271661917 3.0937888e-17
9993.795360299742 2.9868605e-17
9996.698003980315 4.129987e-17
9999.600647660887 5.0308814e-17
10002.50329134146 4.811869e-17
10005.405935022032 3.6939434e-17
10008.308578702605 3.5743437e-17
10011.211222383177 4.915165e-17
10014.11386606375 5.3838724e-17
10017.016509744322 4.5374877e-17
10019.919153424895 4.1852656e-17
10022.821797105467 4.2488658e-17
10025.72444078604 4.1744222e-17
10028.627084466612 3.7311924e-17
10031.529728147185 3.438484e-17
10034.432371827757 2.9908833e-17
10037.33501550833 3.4509753e-17
10040.237659188902 3.9936985e-17
10043.140302869475 3.5816533e-17
10046.042946550047 3.0057474e-17
10048.94559023062 3.398048e-17
10051.848233911192 3.1857766e-17
10054.750877591765 3.8830697e-17
10057.653521272337 4.9733017e-17
10060.55616495291 4.3907855e-17
10063.458808633482 3.8308623e-17
10066.361452314055 3.3624683e-17
10069.264095994627 3.0092235e-17
10072.1667396752 3.5581075e-17
10075.069383355773 3.6129244e-17
10077.972027036345 3.891643e-17
10080.874670716918 3.9437573e-17
10083.77731439749 4.3513773e-17
10086.679958078063 4.16374e-17
10089.582601758635 3.2035822e-17
10092.485245439208 3.4616006e-17
10095.38788911978 3.664345e-17
10098.290532800353 3.4847935e-17
10101.193176480925 3.7443826e-17
10104.095820161498 3.199446e-17
10106.99846384207 2.381864e-17
10109.901107522643 2.3396377e-17
10112.803751203215 2.5233207e-17
10115.706394883788 3.1274256e-17
10118.60903856436 3.817568e-17
10121.511682244933 3.2936026e-17
10124.414325925505 2.4468213e-17
10127.316969606078 2.9305682e-17
10130.21961328665 3.1629742e-17
10133.122256967223 3.1984388e-17
10136.024900647795 3.216552e-17
10138.927544328368 2.4738864e-17
10141.83018800894 2.926082e-17
10144.732831689513 4.186692e-17
10147.635475370085 3.639149e-17
10150.538119050658 3.1743152e-17
10153.44076273123 3.6698063e-17
10156.343406411803 3.6979874e-17
10159.246050092375 3.9268454e-17
10162.148693772948 3.7012335e-17
10165.05133745352 3.1279226e-17
10167.953981134093 3.3243158e-17
10170.856624814665 4.0536436e-17
10173.759268495238 3.754343e-17
10176.66191217581 3.9523398e-17
10179.564555856383 4.5256322e-17
10182.467199536955 3.919919e-17
10185.369843217528 2.892931e-17
10188.2724868981 3.097475e-17
10191.175130578673 3.4477106e-17
10194.077774259245 3.3618797e-17
10196.980417939818 3.5882834e-17
10199.88306162039 3.7462097e-17
10202.785705300963 3.5754846e-17
10205.688348981535 3.240673e-17
10208.590992662108 3.1855063e-17
10211.49363634268 3.3949497e-17
10214.396280023253 3.524297e-17
10217.298923703825 3.306197e-17
10220.201567384398 3.4776963e-17
10223.10421106497 4.0292805e-17
10226.006854745543 4.2541125e-17
10228.909498426116 3.732132e-17
10231.812142106688 2.6772445e-17
10234.71478578726 2.3405e-17
10237.617429467833 2.7142684e-17
10240.520073148406 3.0368126e-17
10243.422716828978 3.295411e-17
10246.32536050955 3.250445e-17
10249.228004190123 3.799058e-17
10252.130647870696 3.8001157e-17
10255.033291551268 3.1382144e-17
10257.93593523184 2.121024e-17
10260.838578912413 2.6144708e-17
10263.741222592986 3.23469e-17
10266.643866273558 3.1433863e-17
10269.54650995413 2.5814353e-17
10272.449153634703 2.910823e-17
10275.351797315276 3.8217908e-17
10278.254440995848 3.6168092e-17
10281.15708467642 3.1023796e-17
10284.059728356993 3.0620416e-17
10286.962372037566 2.627181e-17
10289.865015718138 2.4752405e-17
10292.76765939871 2.400791e-17
10295.670303079283 2.0710558e-17
10298.572946759856 2.2391644e-17
10301.475590440428 3.1785083e-17
10304.378234121 3.6972942e-17
10307.280877801573 3.6166474e-17
10310.183521482146 2.4903708e-17
10313.086165162718 1.8389962e-17
10315.98880884329 2.3465258e-17
10318.891452523863 3.0527656e-17
10321.794096204436 3.2335966e-17
10324.696739885008 2.5969618e-17
10327.59938356558 2.4608309e-17
10330.502027246153 2.2405436e-17
10333.404670926726 2.3026678e-17
10336.307314607298 2.4826304e-17
10339.20995828787 2.4211019e-17
10342.112601968443 2.6953495e-17
10345.015245649016 3.5922935e-17
10347.917889329588 3.522124e-17
10350.820533010161 2.8843225e-17
10353.723176690733 2.4164988e-17
10356.625820371306 2.5654831e-17
10359.528464051878 2.745584e-17
10362.431107732451 2.3765112e-17
10365.333751413023 2.5377105e-17
10368.236395093596 2.528296e-17
10371.139038774169 3.2409707e-17
10374.041682454741 3.104289e-17
10376.944326135314 2.2942016e-17
10379.846969815886 2.0864769e-17
10382.749613496459 1.8812779e-17
10385.652257177031 2.3759201e-17
10388.554900857604 2.3079229e-17
10391.457544538176 1.8961216e-17
10394.360188218749 1.661406e-17
10397.262831899321 1.5600066e-17
10400.165475579894 1.646641e-17
10403.068119260466 1.6091546e-17
10405.970762941039 2.02983e-17
10408.873406621611 1.7923288e-17
10411.776050302184 1.9486946e-17
10414.678693982756 2.1680286e-17
10417.581337663329 2.3912624e-17
10420.483981343901 2.5242204e-17
10423.386625024474 2.3948344e-17
10426.289268705046 2.0880775e-17
10429.191912385619 1.6240583e-17
10432.094556066191 1.5717224e-17
10434.997199746764 1.7584743e-17
10437.899843427336 1.7584743e-17
