5700.0 3.0555067e-16
5701.818950930626 2.827948e-16
5703.6379018612515 2.7591537e-16
5705.456852791877 2.8991103e-16
5707.275803722503 2.9365613e-16
5709.094754653129 3.1171638e-16
5710.913705583755 3.3652055e-16
5712.73265651438 3.45452e-16
5714.551607445006 3.2851683e-16
5716.370558375632 2.9912426e-16
5718.189509306258 2.9416446e-16
5720.008460236883 3.0651743e-16
5721.827411167509 3.1003608e-16
5723.646362098135 2.8917345e-16
5725.465313028761 2.7644103e-16
5727.284263959386 2.839636e-16
5729.103214890012 3.1267732e-16
5730.922165820638 3.3067743e-16
5732.741116751264 3.1193542e-16
5734.560067681889 2.96513e-16
5736.379018612515 2.7693316e-16
5738.197969543141 2.6080433e-16
5740.016920473767 2.6152256e-16
5741.8358714043925 2.3713794e-16
5743.654822335018 2.424037e-16
5745.473773265644 2.2449965e-16
5747.29272419627 2.1805438e-16
5749.1116751268955 2.0900378e-16
5750.930626057521 2.36467e-16
5752.749576988147 2.8713387e-16
5754.568527918773 3.4790325e-16
5756.387478849399 3.4190493e-16
5758.206429780024 3.096163e-16
5760.02538071065 2.6021554e-16
5761.844331641276 2.759279e-16
5763.663282571902 3.123898e-16
5765.482233502527 3.2368305e-16
5767.301184433153 3.0148986e-16
5769.120135363779 2.857865e-16
5770.939086294405 3.1371504e-16
5772.75803722503 3.066158e-16
5774.576988155656 3.042928e-16
5776.395939086282 3.1115282e-16
5778.214890016908 3.5923242e-16
5780.0338409475335 3.6896483e-16
5781.852791878159 3.3814648e-16
5783.671742808785 3.0962696e-16
5785.490693739411 3.0080967e-16
5787.3096446700365 3.0510415e-16
5789.128595600662 2.7948667e-16
5790.947546531288 2.7011079e-16
5792.766497461914 2.860604e-16
5794.58544839254 3.283858e-16
5796.404399323165 3.4039747e-16
5798.223350253791 3.0792064e-16
5800.042301184417 2.7754996e-16
5801.861252115043 2.6890546e-16
5803.680203045668 2.9034413e-16
5805.499153976294 2.8935577e-16
5807.31810490692 2.571073e-16
5809.137055837546 2.0097111e-16
5810.956006768171 1.7093746e-16
5812.774957698797 1.8737978e-16
5814.593908629423 2.0314656e-16
5816.412859560049 2.0435115e-16
5818.231810490674 2.015276e-16
5820.0507614213 2.048233e-16
5821.869712351926 2.0392293e-16
5823.688663282552 1.7123105e-16
5825.5076142131775 1.353526e-16
5827.326565143803 1.01652424e-16
5829.145516074429 7.2275224e-17
5830.964467005055 5.7421866e-17
5832.7834179356805 7.142449e-17
5834.602368866306 9.993757e-17
5836.421319796932 9.5780395e-17
5838.240270727558 6.229833e-17
5840.059221658184 2.6670677e-17
5841.878172588809 2.1570058e-17
5843.697123519435 2.2436515e-17
5845.516074450061 2.064688e-17
5847.335025380687 2.7423464e-17
5849.153976311312 6.755371e-17
5850.972927241938 1.341763e-16
5852.791878172564 1.7897281e-16
5854.61082910319 1.982489e-16
5856.429780033815 1.80105e-16
5858.248730964441 1.5594865e-16
5860.067681895067 1.2322077e-16
5861.886632825693 1.0301577e-16
5863.705583756318 1.0816526e-16
5865.524534686944 1.238496e-16
5867.34348561757 1.3603439e-16
5869.162436548196 1.623912e-16
5870.9813874788215 2.0774584e-16
5872.800338409447 2.7296793e-16
5874.619289340073 3.035447e-16
5876.438240270699 3.049039e-16
5878.2571912013245 2.9998098e-16
5880.07614213195 3.1876028e-16
5881.895093062576 3.3573567e-16
5883.714043993202 3.4159465e-16
5885.532994923828 3.2019119e-16
5887.351945854453 2.8937655e-16
5889.170896785079 3.1773646e-16
5890.989847715705 3.677678e-16
5892.808798646331 4.10757e-16
5894.627749576956 4.0574932e-16
5896.446700507582 3.9838583e-16
5898.265651438208 4.2659388e-16
5900.084602368834 4.663856e-16
5901.903553299459 5.224281e-16
5903.722504230085 5.885952e-16
5905.541455160711 6.1556764e-16
5907.360406091337 6.000123e-16
5909.1793570219625 5.6942965e-16
5910.998307952588 5.5758887e-16
5912.817258883214 5.77154e-16
5914.63620981384 5.9067064e-16
5916.4551607444655 5.759165e-16
5918.274111675091 5.676048e-16
5920.093062605717 5.5506297e-16
5921.912013536343 5.499114e-16
5923.7309644669685 5.561889e-16
5925.549915397594 5.675187e-16
5927.36886632822 5.805537e-16
5929.187817258846 5.474564e-16
5931.006768189472 5.135622e-16
5932.825719120097 5.262791e-16
5934.644670050723 5.5132215e-16
5936.463620981349 5.599532e-16
5938.282571911975 5.030489e-16
5940.1015228426 4.339295e-16
5941.920473773226 4.0464514e-16
5943.739424703852 4.215677e-16
5945.558375634478 4.3314615e-16
5947.377326565103 4.1328432e-16
5949.196277495729 3.8429602e-16
5951.015228426355 3.6570131e-16
5952.834179356981 3.5464065e-16
5954.6531302876065 3.7470924e-16
5956.472081218232 4.0033586e-16
5958.291032148858 4.0556618e-16
5960.109983079484 3.7783535e-16
5961.9289340101095 3.5602613e-16
5963.747884940735 3.4226942e-16
5965.566835871361 3.4317701e-16
5967.385786801987 3.3908553e-16
5969.204737732613 3.2748263e-16
5971.023688663238 3.0451152e-16
5972.842639593864 3.0622382e-16
5974.66159052449 3.1912117e-16
5976.480541455116 3.2054435e-16
5978.299492385741 3.166725e-16
5980.118443316367 3.3883205e-16
5981.937394246993 3.4739084e-16
5983.756345177619 3.3117612e-16
5985.575296108244 3.1510272e-16
5987.39424703887 3.049157e-16
5989.213197969496 3.1263266e-16
5991.032148900122 3.0154958e-16
5992.851099830747 3.0280202e-16
5994.670050761373 3.0961773e-16
5996.489001691999 3.224951e-16
5998.307952622625 3.3511937e-16
6000.1269035532505 3.4165624e-16
6001.945854483876 3.662312e-16
6003.764805414502 3.9609378e-16
6005.583756345128 3.9476704e-16
6007.4027072757535 3.7463857e-16
6009.221658206379 3.5213042e-16
6011.040609137005 3.4807368e-16
6012.859560067631 3.779024e-16
6014.678510998257 3.777373e-16
6016.497461928882 3.6647513e-16
6018.316412859508 3.3136953e-16
6020.135363790134 3.2990184e-16
6021.95431472076 3.3853675e-16
6023.773265651385 3.4030668e-16
6025.592216582011 3.3687853e-16
6027.411167512637 3.2277236e-16
6029.230118443263 2.9543514e-16
6031.049069373888 2.892818e-16
6032.868020304514 3.1622903e-16
6034.68697123514 3.3496733e-16
6036.505922165766 3.2896618e-16
6038.3248730963915 3.0667082e-16
6040.143824027017 2.8214265e-16
6041.962774957643 2.8106615e-16
6043.781725888269 2.9371908e-16
6045.6006768188945 3.0817684e-16
6047.41962774952 3.1646466e-16
6049.238578680146 3.2458048e-16
6051.057529610772 3.258618e-16
6052.8764805413975 3.025393e-16
6054.695431472023 2.7522747e-16
6056.514382402649 2.7079792e-16
6058.333333333275 2.7538455e-16
6060.152284263901 2.8358425e-16
6061.971235194526 2.5221385e-16
6063.790186125152 2.2877235e-16
6065.609137055778 2.3059487e-16
6067.428087986404 2.5971174e-16
6069.247038917029 2.7974902e-16
6071.065989847655 2.675753e-16
6072.884940778281 2.5358086e-16
6074.703891708907 2.4987543e-16
6076.522842639532 2.8082035e-16
6078.341793570158 3.0252886e-16
6080.160744500784 3.2085404e-16
6081.97969543141 3.0261004e-16
6083.7986463620355 3.0590023e-16
6085.617597292661 3.2276071e-16
6087.436548223287 3.3247756e-16
6089.255499153913 3.2449713e-16
6091.0744500845385 3.0512766e-16
6092.893401015164 3.002344e-16
6094.71235194579 3.0356028e-16
6096.531302876416 3.104399e-16
6098.350253807042 2.996948e-16
6100.169204737667 3.003353e-16
6101.988155668293 2.8179804e-16
6103.807106598919 2.8131518e-16
6105.626057529545 3.0264275e-16
6107.44500846017 3.2037896e-16
6109.263959390796 3.21343e-16
6111.082910321422 3.1023574e-16
6112.901861252048 3.1006364e-16
6114.720812182673 2.9957882e-16
6116.539763113299 2.8069198e-16
6118.358714043925 2.8747123e-16
6120.177664974551 3.0861712e-16
6121.996615905176 3.2323105e-16
6123.815566835802 3.0836626e-16
6125.634517766428 2.8988355e-16
6127.453468697054 2.8673103e-16
6129.2724196276795 3.2044201e-16
6131.091370558305 3.5045011e-16
6132.910321488931 3.605886e-16
6134.729272419557 3.5778502e-16
6136.5482233501825 3.57455e-16
6138.367174280808 3.5389833e-16
6140.186125211434 3.2569836e-16
6142.00507614206 2.9211964e-16
6143.824027072686 2.8846536e-16
6145.642978003311 3.0160638e-16
6147.461928933937 3.2690694e-16
6149.280879864563 3.4068406e-16
6151.099830795189 3.5299135e-16
6152.918781725814 3.731757e-16
6154.73773265644 3.852667e-16
6156.556683587066 3.9661198e-16
6158.375634517692 4.0939114e-16
6160.194585448317 4.093062e-16
6162.013536378943 4.1135605e-16
6163.832487309569 3.8980035e-16
6165.651438240195 3.5688984e-16
6167.47038917082 3.2470097e-16
6169.289340101446 3.3147258e-16
6171.108291032072 3.676109e-16
6172.927241962698 3.867064e-16
6174.7461928933235 3.888757e-16
6176.565143823949 3.8401046e-16
6178.384094754575 3.9662974e-16
6180.203045685201 4.1096239e-16
6182.0219966158265 4.1285148e-16
6183.840947546452 4.1307115e-16
6185.659898477078 4.2195518e-16
6187.478849407704 4.258894e-16
6189.29780033833 4.1937832e-16
6191.116751268955 3.9615358e-16
6192.935702199581 3.766362e-16
6194.754653130207 3.8291202e-16
6196.573604060833 4.0353367e-16
6198.392554991458 4.1234284e-16
6200.211505922084 3.8663293e-16
6202.03045685271 3.585639e-16
6203.849407783336 3.6986498e-16
6205.668358713961 3.8129093e-16
6207.487309644587 3.674542e-16
6209.306260575213 3.2614906e-16
6211.125211505839 2.99832e-16
6212.9441624364645 2.909171e-16
6214.76311336709 2.9067968e-16
6216.582064297716 2.9514053e-16
6218.401015228342 2.9411067e-16
6220.2199661589675 3.0072158e-16
6222.038917089593 2.983974e-16
6223.857868020219 2.9057433e-16
6225.676818950845 2.8146352e-16
6227.495769881471 2.8472735e-16
6229.314720812096 2.9050554e-16
6231.133671742722 2.8914108e-16
6232.952622673348 2.7823224e-16
6234.771573603974 2.8472388e-16
6236.590524534599 3.0026164e-16
6238.409475465225 3.021046e-16
6240.228426395851 2.9697865e-16
6242.047377326477 2.9133338e-16
6243.866328257102 2.853114e-16
6245.685279187728 2.7690762e-16
6247.504230118354 2.7875232e-16
6249.32318104898 2.8448218e-16
6251.142131979605 2.901269e-16
6252.961082910231 2.9502044e-16
6254.780033840857 3.3624505e-16
6256.598984771483 3.6997944e-16
6258.4179357021085 4.0347464e-16
6260.236886632734 4.0194797e-16
6262.05583756336 4.05122e-16
6263.874788493986 4.132191e-16
6265.6937394246115 4.2184202e-16
6267.512690355237 4.5176073e-16
6269.331641285863 4.70312e-16
6271.150592216489 5.097453e-16
6272.969543147115 5.135971e-16
6274.78849407774 5.0182017e-16
6276.607445008366 4.6730464e-16
6278.426395938992 4.6466327e-16
6280.245346869618 4.579321e-16
6282.064297800243 4.640868e-16
6283.883248730869 4.744824e-16
6285.702199661495 5.030818e-16
6287.521150592121 5.378484e-16
6289.340101522746 5.502241e-16
6291.159052453372 5.2264056e-16
6292.978003383998 4.8612957e-16
6294.796954314624 4.7911206e-16
6296.615905245249 5.1216985e-16
6298.434856175875 5.209174e-16
6300.253807106501 4.6537224e-16
6302.072758037127 4.5279666e-16
6303.8917089677525 5.1178117e-16
6305.710659898378 5.6373563e-16
6307.529610829004 5.442617e-16
6309.34856175963 5.202046e-16
6311.1675126902555 5.5663633e-16
6312.986463620881 5.828275e-16
6314.805414551507 5.54248e-16
6316.624365482133 5.2110997e-16
6318.443316412759 5.2660806e-16
6320.262267343384 5.413188e-16
6322.08121827401 5.146002e-16
6323.900169204636 4.7314715e-16
6325.719120135262 4.3805148e-16
6327.538071065887 4.3220457e-16
6329.357021996513 4.5344003e-16
6331.175972927139 4.565131e-16
6332.994923857765 4.714194e-16
6334.81387478839 4.844343e-16
6336.632825719016 5.275938e-16
6338.451776649642 5.5748035e-16
6340.270727580268 5.7492515e-16
6342.0896785108935 5.9342816e-16
6343.908629441519 5.9020133e-16
6345.727580372145 5.902252e-16
6347.546531302771 5.5832076e-16
6349.3654822333965 5.319849e-16
6351.184433164022 5.178061e-16
6353.003384094648 5.284025e-16
6354.822335025274 5.4966197e-16
6356.6412859559 5.325197e-16
6358.460236886525 5.206263e-16
6360.279187817151 5.33689e-16
6362.098138747777 5.433407e-16
6363.917089678403 5.2404647e-16
6365.736040609028 4.609303e-16
6367.554991539654 4.4908146e-16
6369.37394247028 4.6960285e-16
6371.192893400906 5.147911e-16
6373.011844331531 5.1145284e-16
6374.830795262157 4.699645e-16
6376.649746192783 4.4315144e-16
6378.468697123409 4.527013e-16
6380.287648054034 4.6690674e-16
6382.10659898466 4.509915e-16
6383.925549915286 4.267583e-16
6385.744500845912 4.4367355e-16
6387.5634517765375 4.784759e-16
6389.382402707163 4.8476495e-16
6391.201353637789 4.800197e-16
6393.020304568415 4.765006e-16
6394.8392554990405 4.8575434e-16
6396.658206429666 4.8883727e-16
6398.477157360292 4.822441e-16
6400.296108290918 4.722096e-16
6402.115059221544 4.3853476e-16
6403.934010152169 4.2388708e-16
6405.752961082795 4.2146933e-16
6407.571912013421 4.2722047e-16
6409.390862944047 4.113448e-16
6411.209813874672 3.8502147e-16
6413.028764805298 3.4609332e-16
6414.847715735924 3.208761e-16
6416.66666666655 3.042954e-16
6418.485617597175 3.0163656e-16
6420.304568527801 3.151669e-16
6422.123519458427 3.2599103e-16
6423.942470389053 3.2342288e-16
6425.761421319678 3.1211195e-16
6427.580372250304 3.132366e-16
6429.39932318093 3.2190415e-16
6431.218274111556 3.0094639e-16
6433.0372250421815 2.864278e-16
6434.856175972807 3.289107e-16
6436.675126903433 3.7555495e-16
6438.494077834059 3.8923207e-16
6440.3130287646845 3.4738303e-16
6442.13197969531 3.346863e-16
6443.950930625936 3.3337089e-16
6445.769881556562 3.4128808e-16
6447.588832487188 3.459537e-16
6449.407783417813 3.4445233e-16
6451.226734348439 3.2805544e-16
6453.045685279065 2.989738e-16
6454.864636209691 2.7927854e-16
6456.683587140316 2.8298945e-16
6458.502538070942 2.815527e-16
6460.321489001568 2.701351e-16
6462.140439932194 2.4900278e-16
6463.959390862819 2.4912515e-16
6465.778341793445 2.5669855e-16
6467.597292724071 2.7026145e-16
6469.416243654697 2.5274455e-16
6471.2351945853225 2.2690057e-16
6473.054145515948 2.1889061e-16
6474.873096446574 2.2180617e-16
6476.6920473772 2.0503614e-16
6478.5109983078255 1.6418033e-16
6480.329949238451 1.2729703e-16
6482.148900169077 1.1695119e-16
6483.967851099703 1.1325437e-16
6485.7868020303285 9.309072e-17
6487.605752960954 8.33053e-17
6489.42470389158 8.706082e-17
6491.243654822206 1.1195604e-16
6493.062605752832 1.4317054e-16
6494.881556683457 1.5730621e-16
6496.700507614083 1.6114864e-16
6498.519458544709 1.4894642e-16
6500.338409475335 1.4730917e-16
6502.15736040596 1.5371012e-16
6503.976311336586 1.7045208e-16
6505.795262267212 1.932069e-16
6507.614213197838 2.256519e-16
6509.433164128463 2.6204192e-16
6511.252115059089 3.112642e-16
6513.071065989715 3.82844e-16
6514.890016920341 4.4387843e-16
6516.7089678509665 4.7636164e-16
6518.527918781592 5.0436826e-16
6520.346869712218 5.956643e-16
6522.165820642844 7.645234e-16
6523.9847715734695 9.637753e-16
6525.803722504095 1.1467618e-15
6527.622673434721 1.2989424e-15
6529.441624365347 1.437203e-15
6531.260575295973 1.6159686e-15
6533.079526226598 1.8356307e-15
6534.898477157224 2.0985186e-15
6536.71742808785 2.3739257e-15
6538.536379018476 2.6270964e-15
6540.355329949101 2.8593437e-15
6542.174280879727 3.0887954e-15
6543.993231810353 3.309893e-15
6545.812182740979 3.489587e-15
6547.631133671604 3.6161615e-15
6549.45008460223 3.7217882e-15
6551.269035532856 3.805893e-15
6553.087986463482 3.8356913e-15
6554.906937394107 3.8258814e-15
6556.725888324733 3.8252266e-15
6558.544839255359 3.8663297e-15
6560.363790185985 3.9329218e-15
6562.1827411166105 3.990548e-15
6564.001692047236 3.9997506e-15
6565.820642977862 3.94083e-15
6567.639593908488 3.85188e-15
6569.4585448391135 3.762547e-15
6571.277495769739 3.6856153e-15
6573.096446700365 3.6027483e-15
6574.915397630991 3.533099e-15
6576.734348561617 3.557301e-15
6578.553299492242 3.6713576e-15
6580.372250422868 3.766351e-15
6582.191201353494 3.7571523e-15
6584.01015228412 3.6300745e-15
6585.829103214745 3.4231077e-15
6587.648054145371 3.1931956e-15
6589.467005075997 3.0118025e-15
6591.285956006623 2.9660631e-15
6593.104906937248 2.9871864e-15
6594.923857867874 3.0093787e-15
6596.7428087985 3.0313067e-15
6598.561759729126 3.0830314e-15
6600.3807106597515 3.1604686e-15
6602.199661590377 3.2282634e-15
6604.018612521003 3.2713685e-15
6605.837563451629 3.246037e-15
6607.6565143822545 3.165757e-15
6609.47546531288 3.0632068e-15
6611.294416243506 2.97226e-15
6613.113367174132 2.8965088e-15
6614.9323181047575 2.812805e-15
6616.751269035383 2.7090979e-15
6618.570219966009 2.5708803e-15
6620.389170896635 2.418003e-15
6622.208121827261 2.2623185e-15
6624.027072757886 2.1014127e-15
6625.846023688512 1.91854e-15
6627.664974619138 1.7359099e-15
6629.483925549764 1.5650218e-15
6631.302876480389 1.4192464e-15
6633.121827411015 1.292897e-15
6634.940778341641 1.193273e-15
6636.759729272267 1.1164797e-15
6638.578680202892 1.0567279e-15
6640.397631133518 9.93264e-16
6642.216582064144 9.235123e-16
6644.03553299477 8.475592e-16
6645.8544839253955 7.91468e-16
6647.673434856021 7.469243e-16
6649.492385786647 7.258087e-16
6651.311336717273 7.038992e-16
6653.1302876478985 6.88232e-16
6654.949238578524 6.7485275e-16
6656.76818950915 6.6283224e-16
6658.587140439776 6.3824615e-16
6660.406091370402 5.9238673e-16
6662.225042301027 5.4960426e-16
6664.043993231653 5.2761444e-16
6665.862944162279 5.468315e-16
6667.681895092905 5.5617115e-16
6669.50084602353 5.3968455e-16
6671.319796954156 5.0033214e-16
6673.138747884782 4.613435e-16
6674.957698815408 4.3492545e-16
6676.776649746033 4.2249657e-16
6678.595600676659 4.2979545e-16
6680.414551607285 4.2005748e-16
6682.233502537911 4.147878e-16
6684.052453468536 3.9844115e-16
6685.871404399162 4.024048e-16
6687.690355329788 4.018287e-16
6689.509306260414 3.9471712e-16
6691.3282571910395 3.8429737e-16
6693.147208121665 3.6201264e-16
6694.966159052291 3.3574332e-16
6696.785109982917 3.2056674e-16
6698.6040609135425 3.3087913e-16
6700.423011844168 3.510869e-16
6702.241962774794 3.4848164e-16
6704.06091370542 3.2128052e-16
6705.879864636046 3.0357415e-16
6707.698815566671 3.0391635e-16
6709.517766497297 3.104828e-16
6711.336717427923 3.0891472e-16
6713.155668358549 3.0631139e-16
6714.974619289174 3.1726898e-16
6716.7935702198 3.3785818e-16
6718.612521150426 3.4699446e-16
6720.431472081052 3.3318134e-16
6722.250423011677 3.2501e-16
6724.069373942303 3.2383629e-16
6725.888324872929 3.4018058e-16
6727.707275803555 3.2954592e-16
6729.52622673418 3.333201e-16
6731.345177664806 3.2846739e-16
6733.164128595432 3.2179255e-16
6734.983079526058 3.1411878e-16
6736.8020304566835 3.311303e-16
6738.620981387309 3.5932758e-16
6740.439932317935 3.48142e-16
6742.258883248561 3.1146288e-16
6744.0778341791865 2.7962837e-16
6745.896785109812 2.9235292e-16
6747.715736040438 3.1371557e-16
6749.534686971064 3.3460414e-16
6751.35363790169 3.421915e-16
6753.172588832315 3.1926077e-16
6754.991539762941 2.8240753e-16
6756.810490693567 2.757118e-16
6758.629441624193 2.9025985e-16
6760.448392554818 3.0371348e-16
6762.267343485444 2.9561024e-16
6764.08629441607 2.80591e-16
6765.905245346696 2.8084513e-16
6767.724196277321 2.9051136e-16
6769.543147207947 3.222227e-16
6771.362098138573 3.5141017e-16
6773.181049069199 3.3702287e-16
6774.9999999998245 3.0005803e-16
6776.81895093045 2.6660224e-16
6778.637901861076 2.7539415e-16
6780.456852791702 2.8993787e-16
6782.2758037223275 3.0043933e-16
6784.094754652953 2.7205245e-16
6785.913705583579 2.4009075e-16
6787.732656514205 2.254973e-16
6789.551607444831 2.6209815e-16
6791.370558375456 3.227026e-16
6793.189509306082 3.558362e-16
6795.008460236708 3.2926688e-16
6796.827411167334 2.7679578e-16
6798.646362097959 2.4426728e-16
6800.465313028585 2.488872e-16
6802.284263959211 2.6192456e-16
6804.103214889837 2.6268432e-16
6805.922165820462 2.3542315e-16
6807.741116751088 2.1076823e-16
6809.560067681714 2.1428409e-16
6811.37901861234 2.6302594e-16
6813.197969542965 3.0530315e-16
6815.016920473591 3.2886838e-16
6816.835871404217 3.1645598e-16
6818.654822334843 2.8889522e-16
6820.4737732654685 2.5217187e-16
6822.292724196094 2.285404e-16
6824.11167512672 2.288535e-16
6825.930626057346 2.408414e-16
6827.7495769879715 2.6782112e-16
6829.568527918597 2.9253291e-16
6831.387478849223 3.3146665e-16
6833.206429779849 3.38279e-16
6835.025380710475 3.189979e-16
6836.8443316411 2.6958864e-16
6838.663282571726 2.633693e-16
6840.482233502352 2.885221e-16
6842.301184432978 3.1906066e-16
6844.120135363603 3.1800536e-16
6845.939086294229 3.113998e-16
6847.758037224855 3.208054e-16
6849.576988155481 3.144888e-16
6851.395939086106 3.034286e-16
6853.214890016732 2.8373224e-16
6855.033840947358 2.7455247e-16
6856.852791877984 2.49908e-16
6858.671742808609 2.258098e-16
6860.490693739235 2.4600942e-16
6862.309644669861 2.9235236e-16
6864.128595600487 3.2530957e-16
6865.9475465311125 2.9785363e-16
6867.766497461738 2.3349678e-16
6869.585448392364 1.9343478e-16
6871.40439932299 1.9059368e-16
6873.2233502536155 2.1436388e-16
6875.042301184241 2.2668664e-16
6876.861252114867 2.1869426e-16
6878.680203045493 2.171657e-16
6880.499153976119 2.300061e-16
6882.318104906744 2.674671e-16
6884.13705583737 2.9539911e-16
6885.956006767996 2.8999991e-16
6887.774957698622 2.7203088e-16
6889.593908629247 2.6268511e-16
6891.412859559873 2.7743757e-16
6893.231810490499 2.914178e-16
6895.050761421125 2.9046303e-16
6896.86971235175 2.5054628e-16
6898.688663282376 2.1096949e-16
6900.507614213002 2.0922432e-16
6902.326565143628 2.637292e-16
6904.1455160742535 3.0228438e-16
6905.964467004879 2.9991158e-16
6907.783417935505 2.7672948e-16
6909.602368866131 2.5502224e-16
6911.4213197967565 2.5160396e-16
6913.240270727382 2.4483135e-16
6915.059221658008 2.6901896e-16
6916.878172588634 2.7485282e-16
6918.69712351926 2.8557708e-16
6920.516074449885 2.5818922e-16
6922.335025380511 2.4666478e-16
6924.153976311137 2.3656455e-16
6925.972927241763 2.2966962e-16
6927.791878172388 2.3801533e-16
6929.610829103014 2.4601384e-16
6931.42978003364 2.487611e-16
6933.248730964266 2.303941e-16
6935.067681894891 2.1345813e-16
6936.886632825517 2.4175874e-16
6938.705583756143 2.7201224e-16
6940.524534686769 2.988799e-16
6942.343485617394 2.8617201e-16
6944.16243654802 2.6599844e-16
6945.981387478646 2.5876287e-16
6947.800338409272 2.6972756e-16
6949.6192893398975 2.8658693e-16
6951.438240270523 2.8949881e-16
6953.257191201149 2.8128813e-16
6955.076142131775 2.781177e-16
6956.8950930624005 2.6069684e-16
6958.714043993026 2.4511588e-16
6960.532994923652 2.5208185e-16
6962.351945854278 2.5245682e-16
6964.170896784904 2.4525762e-16
6965.989847715529 2.4661205e-16
6967.808798646155 2.698723e-16
6969.627749576781 3.100853e-16
6971.446700507407 3.1800346e-16
6973.265651438032 3.0224973e-16
6975.084602368658 2.7557137e-16
6976.903553299284 2.5111163e-16
6978.72250422991 2.5419776e-16
6980.541455160535 2.6275685e-16
6982.360406091161 2.8292917e-16
6984.179357021787 3.1050216e-16
6985.998307952413 3.0867215e-16
6987.817258883038 2.8364635e-16
6989.636209813664 2.4739982e-16
6991.45516074429 2.423457e-16
6993.274111674916 2.407543e-16
6995.0930626055415 2.290014e-16
6996.912013536167 2.249815e-16
6998.730964466793 2.5217997e-16
7000.549915397419 2.6953322e-16
7002.3688663280445 2.6963078e-16
7004.18781725867 2.5372618e-16
7006.006768189296 2.6463366e-16
7007.825719119922 2.7832084e-16
7009.644670050548 2.7760878e-16
7011.463620981173 2.573846e-16
7013.282571911799 2.3890117e-16
7015.101522842425 2.4918764e-16
7016.920473773051 2.7856383e-16
7018.739424703676 3.1003531e-16
7020.558375634302 3.187067e-16
7022.377326564928 3.1511426e-16
7024.196277495554 3.2405318e-16
7026.015228426179 3.342963e-16
7027.834179356805 3.279308e-16
7029.653130287431 2.907993e-16
7031.472081218057 2.745253e-16
7033.2910321486825 2.8401086e-16
7035.109983079308 3.1313567e-16
7036.928934009934 3.2209008e-16
7038.74788494056 3.0867831e-16
7040.5668358711855 3.025271e-16
7042.385786801811 2.9364867e-16
7044.204737732437 2.9507155e-16
7046.023688663063 2.8930431e-16
7047.842639593689 2.7593806e-16
7049.661590524314 2.7506032e-16
7051.48054145494 2.7581108e-16
7053.299492385566 2.8840008e-16
7055.118443316192 2.983111e-16
7056.937394246817 2.999328e-16
7058.756345177443 2.889848e-16
7060.575296108069 2.6967128e-16
7062.394247038695 2.683625e-16
7064.21319796932 2.938323e-16
7066.032148899946 3.2441645e-16
7067.851099830572 3.3059873e-16
7069.670050761198 3.216284e-16
7071.489001691823 3.2310567e-16
7073.307952622449 3.433066e-16
7075.126903553075 3.6233483e-16
7076.945854483701 3.712721e-16
7078.7648054143265 3.7654074e-16
7080.583756344952 3.6447799e-16
7082.402707275578 3.4025303e-16
7084.221658206204 3.412722e-16
7086.0406091368295 3.6130542e-16
7087.859560067455 3.7504848e-16
7089.678510998081 3.7004066e-16
7091.497461928707 3.6025645e-16
7093.316412859333 3.4282894e-16
7095.135363789958 3.1755128e-16
7096.954314720584 3.225063e-16
7098.77326565121 3.6629683e-16
7100.592216581836 4.262632e-16
7102.411167512461 4.553279e-16
7104.230118443087 4.5420495e-16
7106.049069373713 4.358355e-16
7107.868020304339 4.1370436e-16
7109.686971234964 3.937602e-16
7111.50592216559 3.8002356e-16
7113.324873096216 3.895479e-16
7115.143824026842 4.272914e-16
7116.962774957467 4.5246864e-16
7118.781725888093 4.2769798e-16
7120.600676818719 3.9515567e-16
7122.419627749345 4.0910503e-16
7124.2385786799705 4.6235045e-16
7126.057529610596 4.896093e-16
7127.876480541222 4.6594536e-16
7129.695431471848 4.3652997e-16
7131.5143824024735 4.2964889e-16
7133.333333333099 4.339679e-16
7135.152284263725 4.2775283e-16
7136.971235194351 4.0225108e-16
7138.790186124977 3.7931808e-16
7140.609137055602 3.6985927e-16
7142.428087986228 3.7393977e-16
7144.247038916854 3.8024556e-16
7146.06598984748 3.9880416e-16
7147.884940778105 4.2162216e-16
7149.703891708731 4.1634795e-16
7151.522842639357 3.926431e-16
7153.341793569983 3.9489743e-16
7155.160744500608 4.2436562e-16
7156.979695431234 4.188326e-16
7158.79864636186 3.8727892e-16
7160.617597292486 3.8340353e-16
7162.4365482231115 4.096828e-16
7164.255499153737 4.130549e-16
7166.074450084363 4.0009779e-16
7167.893401014989 3.9171685e-16
7169.7123519456145 3.8146243e-16
7171.53130287624 3.556671e-16
7173.350253806866 3.2155475e-16
7175.169204737492 3.1730206e-16
7176.9881556681175 3.2630417e-16
7178.807106598743 3.2778854e-16
7180.626057529369 3.170774e-16
7182.445008459995 3.0580624e-16
7184.263959390621 3.1776812e-16
7186.082910321246 3.246174e-16
7187.901861251872 3.0271094e-16
7189.720812182498 2.7464993e-16
7191.539763113124 2.6550886e-16
7193.358714043749 2.826192e-16
7195.177664974375 3.0592067e-16
7196.996615905001 3.1652364e-16
7198.815566835627 3.1714036e-16
7200.634517766252 3.0445784e-16
7202.453468696878 2.9588505e-16
7204.272419627504 2.9632339e-16
7206.09137055813 2.9758904e-16
7207.9103214887555 3.0123094e-16
7209.729272419381 3.0272097e-16
7211.548223350007 3.255768e-16
7213.367174280633 3.5432704e-16
7215.1861252112585 3.6461923e-16
7217.005076141884 3.8004801e-16
7218.82402707251 3.8725436e-16
7220.642978003136 3.7021637e-16
7222.461928933762 3.2491207e-16
7224.280879864387 2.9907397e-16
7226.099830795013 3.3602255e-16
7227.918781725639 3.8497287e-16
7229.737732656265 3.989996e-16
7231.55668358689 3.6576736e-16
7233.375634517516 3.116417e-16
7235.194585448142 2.8636323e-16
7237.013536378768 2.9870056e-16
7238.832487309393 3.2662999e-16
7240.651438240019 3.3512676e-16
7242.470389170645 3.1935162e-16
7244.289340101271 2.9856768e-16
7246.108291031896 3.030835e-16
7247.927241962522 3.4300713e-16
7249.746192893148 3.9371425e-16
7251.565143823774 4.3166268e-16
7253.3840947543995 4.6782556e-16
7255.203045685025 4.9931274e-16
7257.021996615651 5.303125e-16
7258.840947546277 5.397162e-16
7260.6598984769025 5.445313e-16
7262.478849407528 5.428453e-16
7264.297800338154 5.4040326e-16
7266.11675126878 5.568033e-16
7267.935702199406 5.8715207e-16
7269.754653130031 6.2199085e-16
7271.573604060657 6.489642e-16
7273.392554991283 6.4131787e-16
7275.211505921909 5.8840525e-16
7277.030456852534 5.415565e-16
7278.84940778316 5.368995e-16
7280.668358713786 5.9235275e-16
7282.487309644412 6.435529e-16
7284.306260575037 6.8069923e-16
7286.125211505663 6.9909584e-16
7287.944162436289 7.195612e-16
7289.763113366915 7.334549e-16
7291.5820642975405 7.475329e-16
7293.401015228166 7.473524e-16
7295.219966158792 7.626623e-16
7297.038917089418 7.7977027e-16
7298.8578680200435 8.1625855e-16
7300.676818950669 8.2606777e-16
7302.495769881295 8.198663e-16
7304.314720811921 8.0017196e-16
7306.1336717425465 7.899466e-16
7307.952622673172 8.064673e-16
7309.771573603798 8.0464197e-16
7311.590524534424 7.982153e-16
7313.40947546505 7.6443194e-16
7315.228426395675 7.470502e-16
7317.047377326301 7.4464376e-16
7318.866328256927 7.6137446e-16
7320.685279187553 7.727935e-16
7322.504230118178 7.628469e-16
7324.323181048804 7.6435274e-16
7326.14213197943 7.936669e-16
7327.961082910056 8.1253377e-16
7329.780033840681 7.9969275e-16
7331.598984771307 8.0354686e-16
7333.417935701933 8.4912284e-16
7335.236886632559 8.930583e-16
7337.0558375631845 9.034542e-16
7338.87478849381 9.003802e-16
7340.693739424436 9.227363e-16
7342.512690355062 9.21081e-16
7344.3316412856875 8.853328e-16
7346.150592216313 8.214651e-16
7347.969543146939 7.6539125e-16
7349.788494077565 7.4250596e-16
7351.607445008191 7.359357e-16
7353.426395938816 7.249457e-16
7355.245346869442 7.177669e-16
7357.064297800068 7.071529e-16
7358.883248730694 6.83243e-16
7360.702199661319 6.5357343e-16
7362.521150591945 6.3390035e-16
7364.340101522571 6.3371193e-16
7366.159052453197 6.151554e-16
7367.978003383822 6.096812e-16
7369.796954314448 6.198523e-16
7371.615905245074 6.4846767e-16
7373.4348561757 6.6728536e-16
7375.253807106325 6.5125235e-16
7377.072758036951 6.268508e-16
7378.891708967577 5.884355e-16
7380.710659898203 5.5188823e-16
7382.5296108288285 5.093038e-16
7384.348561759454 4.661387e-16
7386.16751269008 4.4077167e-16
7387.986463620706 4.2630102e-16
7389.8054145513315 4.2024873e-16
7391.624365481957 4.2468961e-16
7393.443316412583 4.2989868e-16
7395.262267343209 4.2338738e-16
7397.081218273835 4.2038393e-16
7398.90016920446 4.3222058e-16
7400.719120135086 4.3696664e-16
7402.538071065712 4.3070426e-16
7404.357021996338 4.1960601e-16
7406.175972926963 4.1635235e-16
7407.994923857589 3.9855624e-16
7409.813874788215 3.5423762e-16
7411.632825718841 3.1729846e-16
7413.451776649466 3.196855e-16
7415.270727580092 3.5100656e-16
7417.089678510718 3.7499295e-16
7418.908629441344 3.5876618e-16
7420.727580371969 3.3327274e-16
7422.546531302595 3.0891514e-16
7424.365482233221 3.0125838e-16
7426.184433163847 2.9017244e-16
7428.0033840944725 2.960281e-16
7429.822335025098 3.1515663e-16
7431.641285955724 3.17526e-16
7433.46023688635 3.0239915e-16
7435.2791878169755 2.9415008e-16
7437.098138747601 3.2058765e-16
7438.917089678227 3.6283654e-16
7440.736040608853 3.9098795e-16
7442.554991539479 3.9419968e-16
7444.373942470104 3.6127546e-16
7446.19289340073 3.315704e-16
7448.011844331356 3.2356587e-16
7449.830795261982 3.2796827e-16
7451.649746192607 3.4691836e-16
7453.468697123233 3.590297e-16
7455.287648053859 3.6799587e-16
7457.106598984485 3.594284e-16
7458.92554991511 3.4340884e-16
7460.744500845736 3.463284e-16
7462.563451776362 3.414738e-16
7464.382402706988 3.2290254e-16
7466.2013536376135 3.054508e-16
7468.020304568239 2.9627548e-16
7469.839255498865 3.0886471e-16
7471.658206429491 3.132893e-16
7473.4771573601165 3.1033826e-16
7475.296108290742 2.9746243e-16
7477.115059221368 2.994398e-16
7478.934010151994 3.1950273e-16
7480.75296108262 3.3187841e-16
7482.571912013245 3.1538086e-16
7484.390862943871 2.8536924e-16
7486.209813874497 2.7254598e-16
7488.028764805123 2.6378776e-16
7489.847715735748 2.6577615e-16
7491.666666666374 2.8200138e-16
7493.485617597 3.1609652e-16
7495.304568527626 3.1330383e-16
7497.123519458251 2.7521474e-16
7498.942470388877 2.5948426e-16
7500.761421319503 2.696832e-16
7502.580372250129 2.861524e-16
7504.399323180754 2.9514532e-16
7506.21827411138 3.2641103e-16
7508.037225042006 3.7065005e-16
7509.856175972632 3.724692e-16
7511.6751269032575 3.4242564e-16
7513.494077833883 3.243752e-16
7515.313028764509 3.2606554e-16
7517.131979695135 3.348024e-16
7518.9509306257605 3.1968728e-16
7520.769881556386 3.0526244e-16
7522.588832487012 2.9655523e-16
7524.407783417638 2.841287e-16
7526.226734348264 2.7817528e-16
7528.045685278889 2.850183e-16
7529.864636209515 3.035185e-16
7531.683587140141 3.0514926e-16
7533.502538070767 3.046553e-16
7535.321489001392 3.0028792e-16
7537.140439932018 2.9714263e-16
7538.959390862644 2.8231023e-16
7540.77834179327 2.8399524e-16
7542.597292723895 2.905897e-16
7544.416243654521 2.8401414e-16
7546.235194585147 2.643713e-16
7548.054145515773 2.510506e-16
7549.873096446398 2.6243095e-16
7551.692047377024 2.5287764e-16
7553.51099830765 2.5374746e-16
7555.329949238276 2.4637065e-16
7557.1489001689015 2.6881363e-16
7558.967851099527 2.902016e-16
7560.786802030153 2.9753231e-16
7562.605752960779 2.7173288e-16
7564.4247038914045 2.294325e-16
7566.24365482203 2.0601097e-16
7568.062605752656 2.057568e-16
7569.881556683282 2.3041697e-16
7571.700507613908 2.5914205e-16
7573.519458544533 2.6201614e-16
7575.338409475159 2.3961707e-16
7577.157360405785 2.2362075e-16
7578.976311336411 2.3076838e-16
7580.795262267036 2.403155e-16
7582.614213197662 2.240635e-16
7584.433164128288 2.2612924e-16
7586.252115058914 2.284647e-16
7588.071065989539 2.1468065e-16
7589.890016920165 1.79396e-16
7591.708967850791 1.456213e-16
7593.527918781417 1.2736714e-16
7595.3468697120425 1.0630438e-16
7597.165820642668 8.28075e-17
7598.984771573294 5.125085e-17
7600.80372250392 2.064373e-17
7602.6226734345455 2.498169e-18
7604.441624365171 -2.0477805e-18
7606.260575295797 5.5885993e-18
7608.079526226423 1.580402e-17
7609.898477157049 2.857669e-17
7611.717428087674 2.8393577e-17
7613.5363790183 2.0638548e-17
7615.355329948926 2.7161212e-17
7617.174280879552 4.785866e-17
7618.993231810177 6.600742e-17
7620.812182740803 7.571292e-17
7622.631133671429 7.611126e-17
7624.450084602055 7.961072e-17
7626.26903553268 7.713617e-17
7628.087986463306 6.857447e-17
7629.906937393932 5.8330626e-17
7631.725888324558 4.833558e-17
7633.544839255183 5.0148877e-17
7635.363790185809 4.702457e-17
7637.182741116435 4.8538323e-17
7639.001692047061 3.660894e-17
7640.8206429776865 3.4626856e-17
7642.639593908312 4.368719e-17
7644.458544838938 8.029636e-17
7646.277495769564 1.0346304e-16
7648.0964467001895 1.1014603e-16
7649.915397630815 9.801272e-17
7651.734348561441 9.3712556e-17
7653.553299492067 9.3657445e-17
7655.372250422693 9.119484e-17
7657.191201353318 9.0515264e-17
7659.010152283944 1.1262893e-16
7660.82910321457 1.4723722e-16
7662.648054145196 1.6575962e-16
7664.467005075821 1.527995e-16
7666.285956006447 1.4927361e-16
7668.104906937073 1.5593211e-16
7669.923857867699 1.7278176e-16
7671.742808798324 1.8104711e-16
7673.56175972895 1.896302e-16
7675.380710659576 2.0248577e-16
7677.199661590202 2.0068274e-16
7679.018612520827 2.0499604e-16
7680.837563451453 2.1336319e-16
7682.656514382079 2.365227e-16
7684.475465312705 2.7422715e-16
7686.2944162433305 2.8964607e-16
7688.113367173956 2.95624e-16
7689.932318104582 2.9015908e-16
7691.751269035208 3.145699e-16
7693.5702199658335 3.4861205e-16
7695.389170896459 3.7370535e-16
7697.208121827085 3.815913e-16
7699.027072757711 3.9621112e-16
7700.846023688337 4.1959887e-16
7702.664974618962 4.3010075e-16
7704.483925549588 4.26812e-16
7706.302876480214 4.3907634e-16
7708.12182741084 4.7118537e-16
7709.940778341465 5.0783204e-16
7711.759729272091 5.1435e-16
7713.578680202717 4.9151644e-16
7715.397631133343 4.899636e-16
7717.216582063968 5.058805e-16
7719.035532994594 5.2982234e-16
7720.85448392522 5.012327e-16
7722.673434855846 4.5435e-16
7724.4923857864715 4.3961664e-16
7726.311336717097 4.5544385e-16
7728.130287647723 4.853836e-16
7729.949238578349 4.8065864e-16
7731.7681895089745 4.3631252e-16
7733.5871404396 3.947655e-16
7735.406091370226 3.841291e-16
7737.225042300852 3.9706832e-16
7739.0439932314775 4.2187506e-16
7740.862944162103 4.3025017e-16
7742.681895092729 4.2804966e-16
7744.500846023355 3.8309394e-16
7746.319796953981 3.6539805e-16
7748.138747884606 3.6739358e-16
7749.957698815232 3.9476476e-16
7751.776649745858 3.9559988e-16
7753.595600676484 3.9098067e-16
7755.414551607109 3.9339807e-16
7757.233502537735 3.7628465e-16
7759.052453468361 3.504499e-16
7760.871404398987 3.2481607e-16
7762.690355329612 3.054941e-16
7764.509306260238 3.0210206e-16
7766.328257190864 3.0980897e-16
7768.14720812149 3.1257178e-16
7769.9661590521155 3.2816166e-16
7771.785109982741 3.1563463e-16
7773.604060913367 3.078542e-16
7775.423011843993 2.881086e-16
7777.2419627746185 2.8740897e-16
7779.060913705244 3.0637846e-16
7780.87986463587 3.1253483e-16
7782.698815566496 2.920326e-16
7784.517766497122 2.702227e-16
7786.336717427747 2.7699735e-16
7788.155668358373 2.9281707e-16
7789.974619288999 3.099506e-16
7791.793570219625 3.0977422e-16
7793.61252115025 2.9595763e-16
7795.431472080876 2.7431742e-16
7797.250423011502 2.4226077e-16
7799.069373942128 2.5860826e-16
7800.888324872753 2.7688295e-16
7802.707275803379 3.0211249e-16
7804.526226734005 2.9809972e-16
7806.345177664631 2.8486766e-16
7808.164128595256 2.9022411e-16
7809.983079525882 3.0364816e-16
7811.802030456508 3.3323578e-16
7813.620981387134 3.3254289e-16
7815.4399323177595 3.2796557e-16
7817.258883248385 3.1473351e-16
7819.077834179011 3.0240156e-16
7820.896785109637 3.2076407e-16
7822.7157360402625 3.087005e-16
7824.534686970888 2.8666125e-16
7826.353637901514 2.5977238e-16
7828.17258883214 2.6199523e-16
7829.991539762766 2.829648e-16
7831.810490693391 2.8493193e-16
7833.629441624017 2.7600007e-16
7835.448392554643 2.8473137e-16
7837.267343485269 2.8269531e-16
7839.086294415894 2.705818e-16
7840.90524534652 2.505178e-16
7842.724196277146 2.2872015e-16
7844.543147207772 2.2247598e-16
7846.362098138397 2.3503277e-16
7848.181049069023 2.6532717e-16
7849.999999999649 3.122641e-16
7851.818950930275 3.4526177e-16
7853.6379018609005 3.5170505e-16
7855.456852791526 3.2968357e-16
7857.275803722152 2.7029867e-16
7859.094754652778 2.3908842e-16
7860.9137055834035 2.3053783e-16
7862.732656514029 2.3195407e-16
7864.551607444655 2.3196156e-16
7866.370558375281 2.5857682e-16
7868.1895093059065 2.9655627e-16
7870.008460236532 3.2299367e-16
7871.827411167158 3.0677575e-16
7873.646362097784 2.8027428e-16
7875.46531302841 2.3200558e-16
7877.284263959035 1.9569917e-16
7879.103214889661 2.108528e-16
7880.922165820287 2.4974496e-16
7882.741116750913 2.70992e-16
7884.560067681538 2.5318172e-16
7886.379018612164 2.3944406e-16
7888.19796954279 2.2272374e-16
7890.016920473416 2.1242591e-16
7891.835871404041 2.2291268e-16
7893.654822334667 2.5485265e-16
7895.473773265293 2.6503047e-16
7897.292724195919 2.4083005e-16
7899.1116751265445 2.3879418e-16
7900.93062605717 2.7041143e-16
7902.749576987796 2.8846745e-16
7904.568527918422 2.7255323e-16
7906.3874788490475 2.718028e-16
7908.206429779673 2.8163006e-16
7910.025380710299 2.8665345e-16
7911.844331640925 2.5954138e-16
7913.663282571551 2.3392104e-16
7915.482233502176 2.060566e-16
7917.301184432802 1.8882735e-16
7919.120135363428 2.0093007e-16
7920.939086294054 2.322481e-16
7922.758037224679 2.6702166e-16
7924.576988155305 2.7005507e-16
7926.395939085931 2.4781405e-16
7928.214890016557 2.2797077e-16
7930.033840947182 2.202142e-16
7931.852791877808 2.4325569e-16
7933.671742808434 2.6247163e-16
7935.49069373906 3.1314705e-16
7937.309644669685 3.617581e-16
7939.128595600311 3.6698854e-16
7940.947546530937 3.1068822e-16
7942.766497461563 2.6600583e-16
7944.5854483921885 2.7622295e-16
7946.404399322814 3.1228487e-16
7948.22335025344 3.1185162e-16
7950.042301184066 2.981848e-16
7951.8612521146915 3.113025e-16
7953.680203045317 3.3933312e-16
7955.499153975943 3.3608912e-16
7957.318104906569 2.899815e-16
7959.137055837195 2.5072421e-16
7960.95600676782 2.4945343e-16
7962.774957698446 2.6547296e-16
7964.593908629072 2.8875012e-16
7966.412859559698 2.9270727e-16
7968.231810490323 2.9604344e-16
7970.050761420949 2.9179427e-16
7971.869712351575 2.8906823e-16
7973.688663282201 3.0419515e-16
7975.507614212826 3.1449928e-16
7977.326565143452 3.0115664e-16
7979.145516074078 2.6871355e-16
7980.964467004704 2.6681032e-16
7982.783417935329 2.9036911e-16
7984.602368865955 3.105925e-16
7986.421319796581 3.1178086e-16
7988.240270727207 3.082498e-16
7990.0592216578325 3.1052291e-16
7991.878172588458 3.2212914e-16
7993.697123519084 3.2585625e-16
7995.51607444971 3.2467024e-16
7997.3350253803355 3.0493946e-16
7999.153976310961 2.793983e-16
8000.972927241587 2.7844744e-16
8002.791878172213 3.0890138e-16
8004.610829102839 3.4144478e-16
8006.429780033464 3.271347e-16
8008.24873096409 2.9007035e-16
8010.067681894716 2.8036468e-16
8011.886632825342 2.791394e-16
8013.705583755967 2.5577925e-16
8015.524534686593 2.158636e-16
8017.343485617219 2.0342454e-16
8019.162436547845 2.275061e-16
8020.98138747847 2.5809944e-16
8022.800338409096 2.5824343e-16
8024.619289339722 2.4859088e-16
8026.438240270348 2.418651e-16
8028.2571912009735 2.4021299e-16
8030.076142131599 2.4542846e-16
8031.895093062225 2.5441572e-16
8033.714043992851 2.95197e-16
8035.5329949234765 3.3107225e-16
8037.351945854102 3.479248e-16
8039.170896784728 3.5157238e-16
8040.989847715354 3.4038908e-16
8042.80879864598 3.2126477e-16
8044.627749576605 2.9191487e-16
8046.446700507231 2.6322774e-16
8048.265651437857 2.6761688e-16
8050.084602368483 3.0957413e-16
8051.903553299108 3.5569505e-16
8053.722504229734 3.8540065e-16
8055.54145516036 3.9133544e-16
8057.360406090986 3.830153e-16
8059.179357021611 3.6627473e-16
8060.998307952237 3.5269997e-16
8062.817258882863 3.3837897e-16
8064.636209813489 3.5022684e-16
8066.455160744114 3.8823183e-16
8068.27411167474 4.16809e-16
8070.093062605366 4.0496796e-16
8071.912013535992 3.7119948e-16
8073.7309644666175 3.70822e-16
8075.549915397243 3.8142346e-16
8077.368866327869 3.660202e-16
8079.187817258495 3.5678838e-16
8081.0067681891205 3.7599234e-16
8082.825719119746 3.8622429e-16
8084.644670050372 3.695102e-16
8086.463620980998 3.469084e-16
8088.282571911624 3.6292114e-16
8090.101522842249 3.9905226e-16
8091.920473772875 4.3349338e-16
8093.739424703501 4.403984e-16
8095.558375634127 4.1000992e-16
8097.377326564752 3.6449064e-16
8099.196277495378 3.3689192e-16
8101.015228426004 3.3187987e-16
8102.83417935663 3.5167866e-16
8104.653130287255 3.8533686e-16
8106.472081217881 4.0247318e-16
8108.291032148507 3.9594918e-16
8110.109983079133 3.796177e-16
8111.928934009758 3.6249558e-16
8113.747884940384 3.4138972e-16
8115.56683587101 3.2244165e-16
8117.385786801636 3.2996415e-16
8119.2047377322615 3.4078994e-16
8121.023688662887 3.3643442e-16
8122.842639593513 3.2223767e-16
8124.661590524139 3.2090444e-16
8126.4805414547645 3.2312224e-16
8128.29949238539 3.0684181e-16
8130.118443316016 2.8080368e-16
8131.937394246642 2.595491e-16
8133.756345177268 2.6020714e-16
8135.575296107893 2.78986e-16
8137.394247038519 2.9914268e-16
8139.213197969145 3.0990913e-16
8141.032148899771 2.9145472e-16
8142.851099830396 2.59884e-16
8144.670050761022 2.4260297e-16
8146.489001691648 2.31387e-16
8148.307952622274 2.3612184e-16
8150.126903552899 2.389217e-16
8151.945854483525 2.4133004e-16
8153.764805414151 2.187487e-16
8155.583756344777 1.9410963e-16
8157.4027072754025 2.0896902e-16
8159.221658206028 2.2956565e-16
8161.040609136654 2.3348887e-16
8162.85956006728 2.0158978e-16
8164.6785109979055 1.8088696e-16
8166.497461928531 1.9259249e-16
8168.316412859157 2.1934527e-16
8170.135363789783 2.5484103e-16
8171.954314720409 2.797467e-16
8173.773265651034 2.7562987e-16
8175.59221658166 2.495406e-16
8177.411167512286 2.27338e-16
8179.230118442912 2.2787735e-16
8181.049069373537 2.231021e-16
8182.868020304163 2.0635569e-16
8184.686971234789 1.9441074e-16
8186.505922165415 1.9183347e-16
8188.32487309604 2.0547139e-16
8190.143824026666 2.1760664e-16
8191.962774957292 2.2232031e-16
8193.781725887919 2.12081e-16
8195.600676818545 2.2670464e-16
8197.419627749172 2.5674577e-16
8199.238578679799 2.7073981e-16
8201.057529610425 2.6664142e-16
8202.876480541052 2.7268182e-16
8204.695431471679 3.0100068e-16
8206.514382402305 3.117639e-16
8208.333333332932 3.111495e-16
8210.152284263559 3.0774975e-16
8211.971235194185 3.084493e-16
8213.790186124812 3.0764205e-16
8215.609137055439 2.9554952e-16
8217.428087986065 2.9331594e-16
8219.247038916692 2.735717e-16
8221.065989847319 2.6436483e-16
8222.884940777945 2.7243822e-16
8224.703891708572 2.829181e-16
8226.522842639199 2.765672e-16
8228.341793569825 2.4158277e-16
8230.160744500452 2.1975617e-16
8231.979695431079 2.1024558e-16
8233.798646361705 2.2634788e-16
8235.617597292332 2.6423704e-16
8237.436548222959 3.0132477e-16
8239.255499153585 3.235773e-16
8241.074450084212 3.3687644e-16
8242.893401014839 3.5940468e-16
8244.712351945465 3.5617913e-16
8246.531302876092 3.3359037e-16
8248.350253806719 3.1364854e-16
8250.169204737345 3.0380933e-16
8251.988155667972 3.0088672e-16
8253.807106598599 2.9350345e-16
8255.626057529225 2.8254372e-16
8257.445008459852 2.8299315e-16
8259.263959390479 2.95348e-16
8261.082910321105 3.1204178e-16
8262.901861251732 3.1645905e-16
8264.720812182359 3.2293015e-16
8266.539763112985 3.3500365e-16
8268.358714043612 3.3410283e-16
8270.177664974239 3.03466e-16
8271.996615904865 2.564094e-16
8273.815566835492 2.287968e-16
8275.634517766119 2.1450859e-16
8277.453468696745 2.2440198e-16
8279.272419627372 2.6422727e-16
8281.091370557999 3.0606718e-16
8282.910321488625 3.233345e-16
8284.729272419252 3.1495385e-16
8286.548223349879 2.9424228e-16
8288.367174280505 2.8358634e-16
8290.186125211132 2.6873706e-16
8292.005076141759 2.403225e-16
8293.824027072385 2.4467584e-16
8295.642978003012 2.5213005e-16
8297.461928933639 2.684282e-16
8299.280879864265 2.6461013e-16
8301.099830794892 2.547753e-16
8302.918781725519 2.5557432e-16
8304.737732656145 2.6795633e-16
8306.556683586772 2.6686967e-16
8308.375634517399 2.494437e-16
8310.194585448025 2.2150683e-16
8312.013536378652 2.1828897e-16
8313.832487309279 2.4773345e-16
8315.651438239905 2.6783163e-16
8317.470389170532 2.6989985e-16
8319.289340101159 2.5012102e-16
8321.108291031785 2.360086e-16
8322.927241962412 2.2903961e-16
8324.746192893039 2.436326e-16
8326.565143823665 2.5620732e-16
8328.384094754292 2.6502912e-16
8330.203045684919 2.6496427e-16
8332.021996615546 2.821703e-16
8333.840947546172 3.0256575e-16
8335.659898476799 3.1180649e-16
8337.478849407426 3.0689986e-16
8339.297800338052 2.9342743e-16
8341.116751268679 2.9941524e-16
8342.935702199306 2.862071e-16
8344.754653129932 2.3049363e-16
8346.573604060559 1.7919981e-16
8348.392554991186 1.9079691e-16
8350.211505921812 2.616136e-16
8352.030456852439 3.0198802e-16
8353.849407783066 3.09341e-16
8355.668358713692 3.2071018e-16
8357.487309644319 3.459944e-16
8359.306260574946 3.630438e-16
8361.125211505572 3.3306352e-16
8362.944162436199 3.1454412e-16
8364.763113366826 2.9887507e-16
8366.582064297452 3.160967e-16
8368.401015228079 3.1064298e-16
8370.219966158706 2.9394754e-16
8372.038917089332 3.0099371e-16
8373.857868019959 3.3892724e-16
8375.676818950586 3.527633e-16
8377.495769881212 3.2369457e-16
8379.314720811839 2.8964098e-16
8381.133671742466 2.9677242e-16
8382.952622673092 3.1550614e-16
8384.771573603719 2.9263948e-16
8386.590524534346 2.8361268e-16
8388.409475464972 2.9230728e-16
8390.228426395599 3.3793208e-16
8392.047377326226 3.608954e-16
8393.866328256852 3.6267036e-16
8395.685279187479 3.2444313e-16
8397.504230118106 2.928751e-16
8399.323181048732 3.1654786e-16
8401.142131979359 3.539798e-16
8402.961082909986 3.7138456e-16
8404.780033840612 3.3360692e-16
8406.598984771239 2.9913892e-16
8408.417935701866 2.8340584e-16
8410.236886632492 3.2476262e-16
8412.055837563119 3.958362e-16
8413.874788493746 4.3579483e-16
8415.693739424372 4.127687e-16
8417.512690354999 3.832054e-16
8419.331641285626 3.804641e-16
8421.150592216252 3.758637e-16
8422.969543146879 3.4805042e-16
8424.788494077506 3.2127274e-16
8426.607445008132 3.2057105e-16
8428.426395938759 3.5286503e-16
8430.245346869386 3.9386622e-16
8432.064297800012 4.3655175e-16
8433.883248730639 4.452115e-16
8435.702199661266 3.9537552e-16
8437.521150591892 3.4215936e-16
8439.340101522519 3.09918e-16
8441.159052453146 3.276298e-16
8442.978003383772 3.4630137e-16
8444.796954314399 3.381272e-16
8446.615905245026 3.2377165e-16
8448.434856175652 3.1864927e-16
8450.253807106279 3.445079e-16
8452.072758036906 3.8364176e-16
8453.891708967532 3.6910602e-16
8455.710659898159 3.1565877e-16
8457.529610828786 2.5513768e-16
8459.348561759412 2.6747495e-16
8461.167512690039 2.8989107e-16
8462.986463620666 3.143244e-16
8464.805414551292 3.3099769e-16
8466.624365481919 3.7141932e-16
8468.443316412546 4.0823873e-16
8470.262267343172 4.2091357e-16
8472.0812182738 4.1374584e-16
8473.900169204426 3.84937e-16
8475.719120135052 3.6265038e-16
8477.53807106568 3.6297508e-16
8479.357021996306 3.57979e-16
8481.175972926932 3.4018254e-16
8482.99492385756 3.3384536e-16
8484.813874788186 3.5730023e-16
8486.632825718812 3.9611917e-16
8488.45177664944 4.3435458e-16
8490.270727580066 4.602977e-16
8492.089678510692 4.6388543e-16
8493.90862944132 4.7623845e-16
8495.727580371946 5.1853573e-16
8497.546531302572 5.8588586e-16
8499.3654822332 6.289142e-16
8501.184433163826 6.686904e-16
8503.003384094452 7.240607e-16
8504.82233502508 7.785688e-16
8506.641285955706 8.1374005e-16
8508.460236886332 8.2220493e-16
8510.27918781696 8.5109114e-16
8512.098138747586 9.056701e-16
8513.917089678213 9.942545e-16
8515.73604060884 1.0568304e-15
8517.554991539466 1.083441e-15
8519.373942470093 1.098616e-15
8521.19289340072 1.1409393e-15
8523.011844331346 1.2028232e-15
8524.830795261973 1.259536e-15
8526.6497461926 1.2871476e-15
8528.468697123226 1.2850311e-15
8530.287648053853 1.2634458e-15
8532.10659898448 1.255185e-15
8533.925549915106 1.319438e-15
8535.744500845733 1.3944671e-15
8537.56345177636 1.4338198e-15
8539.382402706986 1.4172933e-15
8541.201353637613 1.3955536e-15
8543.02030456824 1.4130709e-15
8544.839255498866 1.4545338e-15
8546.658206429493 1.5164702e-15
8548.47715736012 1.5582083e-15
8550.296108290746 1.5818852e-15
8552.115059221373 1.6012726e-15
8553.934010152 1.6121774e-15
8555.752961082626 1.5929869e-15
8557.571912013253 1.5642554e-15
8559.39086294388 1.5438764e-15
8561.209813874506 1.525741e-15
8563.028764805133 1.4855773e-15
8564.84771573576 1.4377896e-15
8566.666666666386 1.3939066e-15
8568.485617597013 1.3657901e-15
8570.30456852764 1.3310716e-15
8572.123519458266 1.2850116e-15
8573.942470388893 1.2305033e-15
8575.76142131952 1.1850869e-15
8577.580372250146 1.1668654e-15
8579.399323180773 1.1416149e-15
8581.2182741114 1.1096181e-15
8583.037225042026 1.0857332e-15
8584.856175972653 1.0713466e-15
8586.67512690328 1.0462247e-15
8588.494077833906 1.0106157e-15
8590.313028764533 9.678703e-16
8592.13197969516 9.33384e-16
8593.950930625786 8.6093546e-16
8595.769881556413 7.977686e-16
8597.58883248704 7.521523e-16
8599.407783417666 7.1579393e-16
8601.226734348293 6.588585e-16
8603.04568527892 5.966709e-16
8604.864636209546 5.7418304e-16
8606.683587140173 5.595804e-16
8608.5025380708 5.2810016e-16
8610.321489001426 4.8334617e-16
8612.140439932053 4.65975e-16
8613.95939086268 4.6377526e-16
8615.778341793306 4.4659447e-16
8617.597292723933 4.4013582e-16
8619.41624365456 4.6238285e-16
8621.235194585186 5.2292357e-16
8623.054145515813 5.5518007e-16
8624.87309644644 5.570983e-16
8626.692047377066 5.3867293e-16
8628.510998307693 5.537613e-16
8630.32994923832 5.7295347e-16
8632.148900168946 5.750975e-16
8633.967851099573 5.793465e-16
8635.7868020302 6.065618e-16
8637.605752960826 6.6737324e-16
8639.424703891453 6.8647907e-16
8641.24365482208 6.877579e-16
8643.062605752706 7.030951e-16
8644.881556683333 7.173194e-16
8646.70050761396 7.376524e-16
8648.519458544586 7.376073e-16
8650.338409475213 7.4043327e-16
8652.15736040584 7.5910653e-16
8653.976311336466 7.8397934e-16
8655.795262267093 8.153469e-16
8657.61421319772 8.138167e-16
8659.433164128346 8.1999793e-16
8661.252115058973 8.4376186e-16
8663.0710659896 8.747265e-16
8664.890016920226 8.96254e-16
8666.708967850853 9.201209e-16
8668.52791878148 9.294758e-16
8670.346869712106 9.108136e-16
8672.165820642733 8.909088e-16
8673.98477157336 9.161686e-16
8675.803722503986 9.720043e-16
8677.622673434613 9.913033e-16
8679.44162436524 9.833925e-16
8681.260575295866 9.728075e-16
8683.079526226493 9.922572e-16
8684.89847715712 1.029342e-15
8686.717428087746 1.0520269e-15
8688.536379018373 1.0294913e-15
8690.355329949 9.782755e-16
8692.174280879626 9.568301e-16
8693.993231810253 9.638757e-16
8695.81218274088 9.619135e-16
8697.631133671506 9.303989e-16
8699.450084602133 8.993432e-16
8701.26903553276 8.973489e-16
8703.087986463386 9.137733e-16
8704.906937394013 9.55975e-16
8706.72588832464 1.0051469e-15
8708.544839255266 1.0322897e-15
8710.363790185893 1.036327e-15
8712.18274111652 1.045101e-15
8714.001692047146 1.0657376e-15
8715.820642977773 1.0738206e-15
8717.6395939084 1.0563893e-15
8719.458544839026 1.0449063e-15
8721.277495769653 1.0634209e-15
8723.09644670028 1.0782645e-15
8724.915397630906 1.0575926e-15
8726.734348561533 1.0144151e-15
8728.55329949216 9.928516e-16
8730.372250422786 9.795694e-16
8732.191201353413 9.521539e-16
8734.01015228404 9.231373e-16
8735.829103214666 9.217375e-16
8737.648054145293 9.443266e-16
8739.46700507592 9.521852e-16
8741.285956006546 9.217818e-16
8743.104906937173 8.742978e-16
8744.9238578678 8.381268e-16
8746.742808798426 8.116312e-16
8748.561759729053 7.7845266e-16
8750.38071065968 7.317535e-16
8752.199661590306 6.905302e-16
8754.018612520933 6.59045e-16
8755.83756345156 6.395736e-16
8757.656514382186 6.3135565e-16
8759.475465312813 6.173375e-16
8761.29441624344 5.805691e-16
8763.113367174066 5.4669645e-16
8764.932318104693 5.2699357e-16
8766.75126903532 5.102422e-16
8768.570219965946 5.0009503e-16
8770.389170896573 4.928476e-16
8772.2081218272 4.9809555e-16
8774.027072757826 4.941738e-16
8775.846023688453 4.8505066e-16
8777.66497461908 4.911437e-16
8779.483925549706 4.8205344e-16
8781.302876480333 4.6494025e-16
8783.12182741096 4.477678e-16
8784.940778341586 4.241919e-16
8786.759729272213 3.9807115e-16
8788.57868020284 3.5991327e-16
8790.397631133466 3.398702e-16
8792.216582064093 3.3025627e-16
8794.03553299472 3.3814876e-16
8795.854483925346 3.6571068e-16
8797.673434855973 3.8411586e-16
8799.4923857866 3.809158e-16
8801.311336717226 3.6333698e-16
8803.130287647853 3.5416928e-16
8804.94923857848 3.6102887e-16
8806.768189509106 3.900813e-16
8808.587140439733 4.2742108e-16
8810.40609137036 4.4162053e-16
8812.225042300986 4.331459e-16
8814.043993231613 4.2355395e-16
8815.86294416224 4.2280224e-16
8817.681895092866 4.2734583e-16
8819.500846023493 4.362106e-16
8821.31979695412 4.4781547e-16
8823.138747884746 4.489113e-16
8824.957698815373 4.3395901e-16
8826.776649746 3.983099e-16
8828.595600676626 3.740885e-16
8830.414551607253 3.9576492e-16
8832.23350253788 4.180281e-16
8834.052453468506 4.131075e-16
8835.871404399133 3.8696094e-16
8837.69035532976 4.1145195e-16
8839.509306260386 4.531573e-16
8841.328257191013 4.7117706e-16
8843.14720812164 4.2233605e-16
8844.966159052266 3.5251116e-16
8846.785109982893 3.0899833e-16
8848.60406091352 2.972537e-16
8850.423011844146 3.0756613e-16
8852.241962774773 3.1636215e-16
8854.0609137054 3.297926e-16
8855.879864636026 3.345725e-16
8857.698815566653 3.3084522e-16
8859.51776649728 3.3765446e-16
8861.336717427906 3.6221628e-16
8863.155668358533 3.8620772e-16
8864.97461928916 4.0358735e-16
8866.793570219786 4.1010082e-16
8868.612521150413 4.1861546e-16
8870.43147208104 4.19731e-16
8872.250423011666 4.02442e-16
8874.069373942293 3.7923603e-16
8875.88832487292 3.641425e-16
8877.707275803547 3.6528156e-16
8879.526226734173 3.6265475e-16
8881.3451776648 3.5961684e-16
8883.164128595427 3.7503424e-16
8884.983079526053 4.0628594e-16
8886.80203045668 4.269355e-16
8888.620981387307 4.2364215e-16
8890.439932317933 3.7757608e-16
8892.25888324856 3.175534e-16
8894.077834179187 2.6532696e-16
8895.896785109813 2.5092938e-16
8897.71573604044 2.8198325e-16
8899.534686971067 3.0229762e-16
8901.353637901693 3.2228569e-16
8903.17258883232 3.0478818e-16
8904.991539762947 2.854613e-16
8906.810490693573 2.869995e-16
8908.6294416242 3.0904031e-16
8910.448392554827 3.2041607e-16
8912.267343485453 3.085114e-16
8914.08629441608 2.859683e-16
8915.905245346707 2.865933e-16
8917.724196277333 2.8510692e-16
8919.54314720796 2.552747e-16
8921.362098138587 1.897404e-16
8923.181049069213 1.3867019e-16
8924.99999999984 1.512003e-16
8926.818950930467 2.1810961e-16
8928.637901861093 2.5486006e-16
8930.45685279172 2.6162537e-16
8932.275803722347 2.6560192e-16
8934.094754652973 2.7724476e-16
8935.9137055836 2.6569354e-16
8937.732656514227 2.4228252e-16
8939.551607444853 2.1563192e-16
8941.37055837548 2.3016784e-16
8943.189509306107 2.608013e-16
8945.008460236733 2.746955e-16
8946.82741116736 2.6086187e-16
8948.646362097987 2.464568e-16
8950.465313028613 2.624374e-16
8952.28426395924 2.7996856e-16
8954.103214889867 2.6427552e-16
8955.922165820493 2.3298134e-16
8957.74111675112 2.237422e-16
8959.560067681747 2.1417796e-16
8961.379018612373 2.0570898e-16
8963.197969543 1.6800247e-16
8965.016920473627 1.4305206e-16
8966.835871404253 1.3818779e-16
8968.65482233488 1.5752834e-16
8970.473773265507 1.8672562e-16
8972.292724196133 1.9708281e-16
8974.11167512676 1.975826e-16
8975.930626057387 1.8092657e-16
8977.749576988013 1.8415747e-16
8979.56852791864 1.9793858e-16
8981.387478849267 1.9332353e-16
8983.206429779893 1.7665016e-16
8985.02538071052 1.7263712e-16
8986.844331641147 2.0600248e-16
8988.663282571773 2.1940818e-16
8990.4822335024 2.0851452e-16
8992.301184433027 2.0365908e-16
8994.120135363653 2.256924e-16
8995.93908629428 2.3271145e-16
8997.758037224907 2.1753925e-16
8999.576988155533 2.0374262e-16
9001.39593908616 2.024942e-16
9003.214890016787 1.9772268e-16
9005.033840947413 1.9613127e-16
9006.85279187804 2.0562936e-16
9008.671742808667 2.1711064e-16
9010.490693739293 2.0724826e-16
9012.30964466992 2.0102199e-16
9014.128595600547 2.1288602e-16
9015.947546531173 2.434321e-16
9017.7664974618 2.8883805e-16
9019.585448392427 3.0856044e-16
9021.404399323053 3.0790664e-16
9023.22335025368 2.7514566e-16
9025.042301184307 2.5606682e-16
9026.861252114933 2.4526776e-16
9028.68020304556 2.430303e-16
9030.499153976187 2.514798e-16
9032.318104906813 2.689386e-16
9034.13705583744 3.100037e-16
9035.956006768067 3.3431366e-16
9037.774957698693 3.4542798e-16
9039.59390862932 3.3230384e-16
9041.412859559947 3.104366e-16
9043.231810490573 2.833099e-16
9045.0507614212 2.6032618e-16
9046.869712351827 2.6475786e-16
9048.688663282453 2.895136e-16
9050.50761421308 2.946368e-16
9052.326565143707 2.9070073e-16
9054.145516074334 2.8606455e-16
9055.96446700496 2.9044654e-16
9057.783417935587 2.8128212e-16
9059.602368866214 2.5097414e-16
9061.42131979684 2.33895e-16
9063.240270727467 2.428621e-16
9065.059221658094 2.5746543e-16
9066.87817258872 2.3971247e-16
9068.697123519347 2.1146269e-16
9070.516074449974 1.9621083e-16
9072.3350253806 1.9837661e-16
9074.153976311227 2.1452041e-16
9075.972927241854 2.3199764e-16
9077.79187817248 2.4610323e-16
9079.610829103107 2.4886704e-16
9081.429780033734 2.319802e-16
9083.24873096436 2.2097193e-16
9085.067681894987 2.0784406e-16
9086.886632825614 2.0785691e-16
9088.70558375624 2.1125112e-16
9090.524534686867 2.0750022e-16
9092.343485617494 2.160552e-16
9094.16243654812 2.2274777e-16
9095.981387478747 2.314415e-16
9097.800338409374 2.3099083e-16
9099.61928934 2.400204e-16
9101.438240270627 2.557647e-16
9103.257191201254 2.5930548e-16
9105.07614213188 2.4252925e-16
9106.895093062507 2.2690697e-16
9108.714043993134 2.387676e-16
9110.53299492376 2.6354525e-16
9112.351945854387 3.079099e-16
9114.170896785014 3.3958877e-16
9115.98984771564 3.442491e-16
9117.808798646267 3.469532e-16
9119.627749576894 3.6341716e-16
9121.44670050752 3.8285159e-16
9123.265651438147 3.5994678e-16
9125.084602368774 3.2157656e-16
9126.9035532994 3.11452e-16
9128.722504230027 3.1955438e-16
9130.541455160654 3.1855816e-16
9132.36040609128 2.9146698e-16
9134.179357021907 2.462037e-16
9135.998307952534 2.1276582e-16
9137.81725888316 2.1455826e-16
9139.636209813787 2.49579e-16
9141.455160744414 2.9824435e-16
9143.27411167504 3.3355766e-16
9145.093062605667 3.4734304e-16
9146.912013536294 3.4389792e-16
9148.73096446692 3.3226262e-16
9150.549915397547 3.1538284e-16
9152.368866328174 2.840006e-16
9154.1878172588 2.4961937e-16
9156.006768189427 2.3740375e-16
9157.825719120054 2.4072195e-16
9159.64467005068 2.6431803e-16
9161.463620981307 3.030165e-16
9163.282571911934 3.5585831e-16
9165.10152284256 3.799581e-16
9166.920473773187 3.3986961e-16
9168.739424703814 2.786221e-16
9170.55837563444 2.4107754e-16
9172.377326565067 2.3566534e-16
9174.196277495694 2.2570493e-16
9176.01522842632 2.0207674e-16
9177.834179356947 1.7731996e-16
9179.653130287574 1.7207718e-16
9181.4720812182 2.1572352e-16
9183.291032148827 2.9225307e-16
9185.109983079454 3.4366964e-16
9186.92893401008 3.529712e-16
9188.747884940707 3.39567e-16
9190.566835871334 3.2849502e-16
9192.38578680196 2.9192728e-16
9194.204737732587 2.3254138e-16
9196.023688663214 1.906669e-16
9197.84263959384 1.8770112e-16
9199.661590524467 2.1094788e-16
9201.480541455094 2.3346115e-16
9203.29949238572 2.5296766e-16
9205.118443316347 2.4976638e-16
9206.937394246974 2.4568217e-16
9208.7563451776 2.4236085e-16
9210.575296108227 2.3612137e-16
9212.394247038854 2.541611e-16
9214.21319796948 2.594709e-16
9216.032148900107 2.7504523e-16
9217.851099830734 2.7122405e-16
9219.67005076136 2.6584682e-16
9221.489001691987 2.658856e-16
9223.307952622614 2.727749e-16
9225.12690355324 2.7832224e-16
9226.945854483867 2.9696403e-16
9228.764805414494 3.1015586e-16
9230.58375634512 3.373023e-16
9232.402707275747 3.5536984e-16
9234.221658206374 3.4227003e-16
9236.040609137 3.3424322e-16
9237.859560067627 3.4768212e-16
9239.678510998254 3.681612e-16
9241.49746192888 3.659945e-16
9243.316412859507 3.5662101e-16
9245.135363790134 3.6691686e-16
9246.95431472076 3.9099115e-16
9248.773265651387 3.8316147e-16
9250.592216582014 3.7026094e-16
9252.41116751264 3.6488655e-16
9254.230118443267 3.7398635e-16
9256.049069373894 4.0532742e-16
9257.86802030452 4.1581067e-16
9259.686971235147 4.0798795e-16
9261.505922165774 3.472182e-16
9263.3248730964 3.2823077e-16
9265.143824027027 3.6568961e-16
9266.962774957654 4.1424993e-16
9268.78172588828 4.1152323e-16
9270.600676818907 3.5521685e-16
9272.419627749534 3.3675764e-16
9274.23857868016 3.368672e-16
9276.057529610787 3.6595076e-16
9277.876480541414 3.6543085e-16
9279.69543147204 3.3558426e-16
9281.514382402667 3.0539924e-16
9283.333333333294 2.8517394e-16
9285.15228426392 2.6383223e-16
9286.971235194547 2.5080648e-16
9288.790186125174 2.7465853e-16
9290.6091370558 3.315276e-16
9292.428087986427 3.5237378e-16
9294.247038917054 3.1934222e-16
9296.06598984768 3.0759533e-16
9297.884940778307 3.0352295e-16
9299.703891708934 3.1604263e-16
9301.52284263956 3.032049e-16
9303.341793570187 2.7024472e-16
9305.160744500814 2.856875e-16
9306.97969543144 2.9220683e-16
9308.798646362067 3.3335606e-16
9310.617597292694 2.6979892e-16
9312.43654822332 1.8084404e-16
9314.255499153947 2.0118445e-16
9316.074450084574 2.6263498e-16
9317.8934010152 2.7985122e-16
9319.712351945827 1.8969553e-16
9321.531302876454 1.4272644e-16
9323.35025380708 1.9467619e-16
9325.169204737707 2.7569686e-16
9326.988155668334 2.9507454e-16
9328.80710659896 2.591547e-16
9330.626057529587 1.8618695e-16
9332.445008460214 1.6263239e-16
9334.26395939084 1.7288171e-16
9336.082910321467 1.8523587e-16
9337.901861252094 1.7593593e-16
9339.72081218272 1.8535282e-16
9341.539763113347 1.8317504e-16
9343.358714043974 1.5606148e-16
9345.1776649746 1.09126596e-16
9346.996615905227 1.0316898e-16
9348.815566835854 1.5641071e-16
9350.63451776648 2.1183422e-16
9352.453468697107 2.1316294e-16
9354.272419627734 1.9060924e-16
9356.09137055836 1.7776617e-16
9357.910321488987 1.7677603e-16
9359.729272419614 1.5899067e-16
9361.54822335024 1.48062e-16
9363.367174280867 1.7122944e-16
9365.186125211494 2.0500135e-16
9367.00507614212 1.9778542e-16
9368.824027072747 1.6662515e-16
9370.642978003374 1.4849299e-16
9372.461928934 1.9957225e-16
9374.280879864627 2.5058615e-16
9376.099830795254 1.9657094e-16
9377.91878172588 7.91692e-17
9379.737732656507 8.23974e-17
9381.556683587134 2.0803023e-16
9383.37563451776 3.1083295e-16
9385.194585448387 2.9714424e-16
9387.013536379014 2.5084984e-16
9388.83248730964 2.9446108e-16
9390.651438240267 3.7321817e-16
9392.470389170894 4.2738993e-16
9394.28934010152 4.574145e-16
9396.108291032147 4.742786e-16
9397.927241962774 4.543713e-16
9399.7461928934 3.720989e-16
9401.565143824027 2.9983465e-16
9403.384094754654 3.3565113e-16
9405.20304568528 4.184308e-16
9407.021996615907 4.374144e-16
9408.840947546534 3.653733e-16
9410.65989847716 3.0964496e-16
9412.478849407787 3.2490852e-16
9414.297800338414 3.206222e-16
9416.11675126904 2.613071e-16
9417.935702199668 2.7136132e-16
9419.754653130294 3.9524852e-16
9421.57360406092 4.919809e-16
9423.392554991548 4.7750514e-16
9425.211505922174 4.0201224e-16
9427.0304568528 3.247143e-16
9428.849407783428 2.3643318e-16
9430.668358714054 1.8190202e-16
9432.48730964468 1.9673575e-16
9434.306260575308 2.26991e-16
9436.125211505934 2.1306509e-16
9437.94416243656 1.4498748e-16
9439.763113367188 1.04704145e-16
9441.582064297814 1.4263925e-16
9443.40101522844 2.3697486e-16
9445.219966159068 3.1485612e-16
9447.038917089694 3.5444848e-16
9448.85786802032 3.763699e-16
9450.676818950948 3.7499914e-16
9452.495769881574 3.7769218e-16
9454.3147208122 3.406253e-16
9456.133671742828 2.476825e-16
9457.952622673454 1.4064872e-16
9459.771573604081 1.2143669e-16
9461.590524534708 1.7461722e-16
9463.409475465334 1.8154235e-16
9465.228426395961 1.2235552e-16
9467.047377326588 8.1117904e-17
9468.866328257214 8.800727e-17
9470.685279187841 1.4336534e-16
9472.504230118468 1.9976548e-16
9474.323181049094 2.499898e-16
9476.142131979721 3.1267806e-16
9477.961082910348 3.2844168e-16
9479.780033840974 2.8821617e-16
9481.598984771601 2.561613e-16
9483.417935702228 2.8423376e-16
9485.236886632854 3.0248584e-16
9487.055837563481 2.7949364e-16
9488.874788494108 2.5519949e-16
9490.693739424734 2.583471e-16
9492.512690355361 2.4549384e-16
9494.331641285988 2.2570445e-16
9496.150592216614 2.1373798e-16
9497.969543147241 2.0391556e-16
9499.788494077868 1.5408011e-16
9501.607445008494 7.338022e-17
9503.426395939121 2.2798307e-17
9505.245346869748 7.7335504e-17
9507.064297800374 1.7730761e-16
9508.883248731001 2.3966816e-16
9510.702199661628 2.6735904e-16
9512.521150592254 3.1439483e-16
9514.340101522881 3.6358042e-16
9516.159052453508 2.9429434e-16
9517.978003384134 2.0084566e-16
9519.796954314761 1.3842858e-16
9521.615905245388 1.2727676e-16
9523.434856176014 1.22823e-16
9525.253807106641 1.2313862e-16
9527.072758037268 1.4100014e-16
9528.891708967894 1.7656845e-16
9530.710659898521 1.8472444e-16
9532.529610829148 1.8724694e-16
9534.348561759774 2.1942795e-16
9536.167512690401 2.2997834e-16
9537.986463621028 2.320909e-16
9539.805414551654 2.0668934e-16
9541.624365482281 2.0479995e-16
9543.443316412908 2.351323e-16
9545.262267343534 2.6239696e-16
9547.081218274161 2.5948028e-16
9548.900169204788 2.702063e-16
9550.719120135414 2.772193e-16
9552.538071066041 3.117585e-16
9554.357021996668 2.9238262e-16
9556.175972927294 2.96567e-16
9557.994923857921 3.4363902e-16
9559.813874788548 3.9266626e-16
9561.632825719174 3.6057766e-16
9563.451776649801 2.7811549e-16
9565.270727580428 2.4194485e-16
9567.089678511054 2.8274404e-16
9568.908629441681 3.186143e-16
9570.727580372308 3.6321792e-16
9572.546531302934 4.0377947e-16
9574.365482233561 4.627064e-16
9576.184433164188 4.318279e-16
9578.003384094814 3.7944747e-16
9579.822335025441 3.2020675e-16
9581.641285956068 2.9510027e-16
9583.460236886694 3.0898378e-16
9585.279187817321 3.2743477e-16
9587.098138747948 3.0892856e-16
9588.917089678574 2.1274196e-16
9590.736040609201 9.488347e-17
9592.554991539828 5.7414375e-17
9594.373942470454 1.0852105e-16
9596.192893401081 1.857745e-16
9598.011844331708 2.2117371e-16
9599.830795262335 2.0546891e-16
9601.649746192961 2.3708788e-16
9603.468697123588 2.8620944e-16
9605.287648054215 3.239634e-16
9607.106598984841 3.151514e-16
9608.925549915468 2.5893546e-16
9610.744500846095 2.39142e-16
9612.563451776721 2.2151436e-16
9614.382402707348 2.2511057e-16
9616.201353637975 2.126398e-16
9618.020304568601 1.4996481e-16
9619.839255499228 1.036629e-16
9621.658206429855 1.2729469e-16
9623.477157360481 1.9374448e-16
9625.296108291108 2.5552663e-16
9627.115059221735 2.386601e-16
9628.934010152361 2.1695768e-16
9630.752961082988 2.1966165e-16
9632.571912013615 1.8395728e-16
9634.390862944241 1.6098519e-16
9636.209813874868 1.8610655e-16
9638.028764805495 2.1670685e-16
9639.847715736121 2.0288154e-16
9641.666666666748 1.6564253e-16
9643.485617597375 1.3944752e-16
9645.304568528001 1.2817669e-16
9647.123519458628 1.2982584e-16
9648.942470389255 1.8315588e-16
9650.761421319881 2.655729e-16
9652.580372250508 2.6885262e-16
9654.399323181135 2.3083832e-16
9656.218274111761 1.7938664e-16
9658.037225042388 1.6391246e-16
9659.856175973015 2.0943929e-16
9661.675126903641 2.6159212e-16
9663.494077834268 2.869232e-16
9665.313028764895 2.4520238e-16
9667.131979695521 1.8143992e-16
9668.950930626148 1.6694166e-16
9670.769881556775 1.9416765e-16
9672.588832487401 2.112641e-16
9674.407783418028 1.9821275e-16
9676.226734348655 2.0579445e-16
9678.045685279281 2.6570865e-16
9679.864636209908 2.7809307e-16
9681.683587140535 2.2106363e-16
9683.502538071161 1.7964298e-16
9685.321489001788 2.346796e-16
9687.140439932415 3.740952e-16
9688.959390863041 4.8033343e-16
9690.778341793668 4.9149786e-16
9692.597292724295 4.2872139e-16
9694.416243654921 3.9190888e-16
9696.235194585548 3.7219694e-16
9698.054145516175 3.4322842e-16
9699.873096446801 3.0689197e-16
9701.692047377428 2.6573096e-16
9703.510998308055 2.441999e-16
9705.329949238681 2.1041615e-16
9707.148900169308 1.6951766e-16
9708.967851099935 1.4883588e-16
9710.786802030561 1.8071762e-16
9712.605752961188 2.567901e-16
9714.424703891815 3.2227282e-16
9716.243654822441 3.4256667e-16
9718.062605753068 3.5031152e-16
9719.881556683695 2.9034609e-16
9721.700507614321 2.3774222e-16
9723.519458544948 2.444426e-16
9725.338409475575 3.2184732e-16
9727.157360406201 3.4503442e-16
9728.976311336828 2.8354028e-16
9730.795262267455 2.3890218e-16
9732.614213198081 2.3239945e-16
9734.433164128708 2.3093062e-16
9736.252115059335 1.574457e-16
9738.071065989961 6.8842265e-17
9739.890016920588 4.9051493e-17
9741.708967851215 1.0396596e-16
9743.527918781841 1.7182603e-16
9745.346869712468 1.8827525e-16
9747.165820643095 2.0113172e-16
9748.984771573721 2.1360424e-16
9750.803722504348 2.4089575e-16
9752.622673434975 2.6867123e-16
9754.441624365601 2.8553033e-16
9756.260575296228 2.7081295e-16
9758.079526226855 2.5901076e-16
9759.898477157481 2.1700752e-16
9761.717428088108 1.5981395e-16
9763.536379018735 8.204498e-17
9765.355329949361 6.990697e-17
9767.174280879988 1.2315102e-16
9768.993231810615 1.6091102e-16
9770.812182741241 1.6350072e-16
9772.631133671868 1.3065375e-16
9774.450084602495 1.2835895e-16
9776.269035533121 1.5846201e-16
9778.087986463748 2.0504101e-16
9779.906937394375 2.3565169e-16
9781.725888325002 2.5536508e-16
9783.544839255628 3.035239e-16
9785.363790186255 3.318757e-16
9787.182741116882 3.0299165e-16
9789.001692047508 2.3230644e-16
9790.820642978135 1.2862092e-16
9792.639593908762 7.4182385e-17
9794.458544839388 1.01271736e-16
9796.277495770015 1.8885284e-16
9798.096446700642 2.7385666e-16
9799.915397631268 2.7687972e-16
9801.734348561895 2.2357662e-16
9803.553299492522 1.9849573e-16
9805.372250423148 1.9033663e-16
9807.191201353775 2.4971492e-16
9809.010152284402 2.7943884e-16
9810.829103215028 2.3645224e-16
9812.648054145655 2.1621473e-16
9814.467005076282 2.1304991e-16
9816.285956006908 2.436949e-16
9818.104906937535 2.5076379e-16
9819.923857868162 2.1280852e-16
9821.742808798788 1.8574173e-16
9823.561759729415 1.2074152e-16
9825.380710660042 1.0602393e-16
9827.199661590668 1.4044255e-16
9829.018612521295 1.8753867e-16
9830.837563451922 2.1362988e-16
9832.656514382548 1.9611249e-16
9834.475465313175 2.0456015e-16
9836.294416243802 2.4300962e-16
9838.113367174428 2.961203e-16
9839.932318105055 3.0315468e-16
9841.751269035682 2.716586e-16
9843.570219966308 2.3386365e-16
9845.389170896935 2.2713763e-16
9847.208121827562 2.697737e-16
9849.027072758188 3.1753518e-16
9850.846023688815 3.7701815e-16
9852.664974619442 3.9043113e-16
9854.483925550068 3.5864458e-16
9856.302876480695 3.27506e-16
9858.121827411322 2.5121001e-16
9859.940778341948 1.6886416e-16
9861.759729272575 1.1827183e-16
9863.578680203202 1.5512598e-16
9865.397631133828 2.725095e-16
9867.216582064455 3.2330668e-16
9869.035532995082 2.788175e-16
9870.854483925708 1.9111558e-16
9872.673434856335 1.3827412e-16
9874.492385786962 1.448548e-16
9876.311336717588 1.6511363e-16
9878.130287648215 1.7600312e-16
9879.949238578842 1.6651888e-16
9881.768189509468 1.964286e-16
9883.587140440095 2.2100068e-16
9885.406091370722 2.0393969e-16
9887.225042301348 1.3501116e-16
9889.043993231975 7.483997e-17
9890.862944162602 8.40429e-17
9892.681895093228 1.1182342e-16
9894.500846023855 1.380492e-16
9896.319796954482 1.405488e-16
9898.138747885108 1.07042995e-16
9899.957698815735 8.0467223e-17
9901.776649746362 9.5927825e-17
9903.595600676988 1.7690844e-16
9905.414551607615 2.8018987e-16
9907.233502538242 3.0640318e-16
9909.052453468868 2.8084103e-16
9910.871404399495 2.4073002e-16
9912.690355330122 2.64063e-16
9914.509306260748 3.4041097e-16
9916.328257191375 4.2244426e-16
9918.147208122002 4.8935894e-16
9919.966159052628 4.2573435e-16
9921.785109983255 2.8478886e-16
9923.604060913882 1.5163789e-16
9925.423011844508 1.3621158e-16
9927.241962775135 1.9909016e-16
9929.060913705762 2.4570856e-16
9930.879864636388 2.7316365e-16
9932.698815567015 2.742144e-16
9934.517766497642 2.3748313e-16
9936.336717428268 1.7531205e-16
9938.155668358895 1.7247117e-16
9939.974619289522 2.615656e-16
9941.793570220148 3.135303e-16
9943.612521150775 2.492925e-16
9945.431472081402 2.1945692e-16
9947.250423012028 2.9767493e-16
9949.069373942655 4.100412e-16
9950.888324873282 4.017063e-16
9952.707275803908 3.4769826e-16
9954.526226734535 3.3462685e-16
9956.345177665162 3.1368168e-16
9958.164128595788 2.7297193e-16
9959.983079526415 2.4945883e-16
9961.802030457042 2.9518969e-16
9963.620981387669 3.9126487e-16
9965.439932318295 4.0652415e-16
9967.258883248922 3.2462207e-16
9969.077834179549 1.8253434e-16
9970.896785110175 9.744214e-17
9972.715736040802 6.795377e-17
9974.534686971429 4.5258396e-17
9976.353637902055 3.7619708e-17
9978.172588832682 3.8247988e-17
9979.991539763309 8.550774e-17
9981.810490693935 1.026185e-16
9983.629441624562 1.346244e-16
9985.448392555189 1.2791779e-16
9987.267343485815 1.290957e-16
9989.086294416442 1.3547825e-16
9990.905245347069 1.3011785e-16
9992.724196277695 1.3020077e-16
9994.543147208322 1.5257378e-16
9996.362098138949 1.8741546e-16
9998.181049069575 2.1619245e-16
10000.000000000202 2.2149013e-16
