3171.1272795223 3.790248e-15
3173.4194362186195 4.000369e-15
3175.711592914939 2.9769723e-15
3178.0037496112586 4.111191e-15
3180.295906307578 5.5413078e-15
3182.588063003898 5.167398e-15
3184.8802197002174 4.7699263e-15
3187.172376396537 2.8070367e-15
3189.4645330928565 3.4310175e-15
3191.756689789176 4.1638352e-15
3194.0488464854957 5.4602725e-15
3196.3410031818153 5.335126e-15
3198.633159878135 4.6121537e-15
3200.9253165744544 4.4221515e-15
3203.217473270774 5.21042e-15
3205.5096299670936 6.449342e-15
3207.801786663413 7.492692e-15
3210.0939433597327 9.9570925e-15
3212.3861000560523 9.887941e-15
3214.678256752372 7.870606e-15
3216.9704134486915 7.8062124e-15
3219.262570145011 7.415312e-15
3221.5547268413306 8.696554e-15
3223.8468835376502 8.200699e-15
3226.13904023397 7.259147e-15
3228.4311969302894 7.448834e-15
3230.723353626609 8.094274e-15
3233.0155103229285 7.652091e-15
3235.307667019248 1.0694771e-14
3237.5998237155677 1.066823e-14
3239.8919804118873 9.574715e-15
3242.184137108207 9.1390705e-15
3244.4762938045264 8.522684e-15
3246.768450500846 6.7528507e-15
3249.0606071971656 5.505974e-15
3251.352763893485 6.8421407e-15
3253.6449205898048 8.052507e-15
3255.9370772861243 7.371356e-15
3258.229233982444 8.335404e-15
3260.5213906787635 7.118434e-15
3262.813547375083 6.769921e-15
3265.1057040714027 5.734436e-15
3267.3978607677222 5.360602e-15
3269.690017464042 6.628297e-15
3271.9821741603614 7.678924e-15
3274.274330856681 8.807582e-15
3276.5664875530006 9.643029e-15
3278.85864424932 8.760226e-15
3281.1508009456397 7.380394e-15
3283.4429576419593 8.8383416e-15
3285.735114338279 9.221476e-15
3288.0272710345985 8.3767205e-15
3290.319427730918 7.757415e-15
3292.6115844272376 8.24575e-15
3294.903741123557 8.72844e-15
3297.195897819877 9.018787e-15
3299.4880545161964 8.833102e-15
3301.780211212516 8.767533e-15
3304.0723679088355 8.899651e-15
3306.364524605155 8.7174835e-15
3308.6566813014747 7.818534e-15
3310.9488379977943 6.8390363e-15
3313.240994694114 8.164587e-15
3315.5331513904334 7.322521e-15
3317.825308086753 6.626881e-15
3320.1174647830726 6.514914e-15
3322.409621479392 4.9566102e-15
3324.7017781757118 4.6741794e-15
3326.9939348720313 4.5122512e-15
3329.286091568351 4.081916e-15
3331.5782482646705 4.6888263e-15
3333.87040496099 4.214983e-15
3336.1625616573097 4.335782e-15
3338.4547183536292 5.432516e-15
3340.746875049949 5.400852e-15
3343.0390317462684 4.985758e-15
3345.331188442588 5.1281247e-15
3347.6233451389076 5.7331764e-15
3349.915501835227 6.436484e-15
3352.2076585315467 5.7970867e-15
3354.4998152278663 5.1186726e-15
3356.791971924186 4.6443973e-15
3359.0841286205055 4.6542813e-15
3361.376285316825 5.3032987e-15
3363.6684420131446 5.376846e-15
3365.960598709464 6.216989e-15
3368.252755405784 5.869292e-15
3370.5449121021034 5.122066e-15
3372.837068798423 7.001565e-15
3375.1292254947425 7.413209e-15
3377.421382191062 5.8364466e-15
3379.7135388873817 4.992757e-15
3382.0056955837013 5.3320546e-15
3384.297852280021 4.6729554e-15
3386.5900089763404 5.6430733e-15
3388.88216567266 6.8451722e-15
3391.1743223689796 6.7522248e-15
3393.466479065299 8.655347e-15
3395.7586357616187 8.322247e-15
3398.0507924579383 6.892972e-15
3400.342949154258 7.621615e-15
3402.6351058505775 9.160066e-15
3404.927262546897 9.249346e-15
3407.2194192432166 9.15166e-15
3409.511575939536 9.667344e-15
3411.803732635856 1.0924592e-14
3414.0958893321754 1.1920815e-14
3416.388046028495 1.25796285e-14
3418.6802027248145 1.3149847e-14
3420.972359421134 1.2038135e-14
3423.2645161174537 1.1920835e-14
3425.5566728137733 1.293985e-14
3427.848829510093 1.300988e-14
3430.1409862064124 1.2016926e-14
3432.433142902732 1.1850034e-14
3434.7252995990516 1.2423056e-14
3437.017456295371 1.1663456e-14
3439.3096129916908 1.130544e-14
3441.6017696880103 1.26623565e-14
3443.89392638433 1.2036737e-14
3446.1860830806495 1.2251904e-14
3448.478239776969 1.2192788e-14
3450.7703964732887 1.0387621e-14
3453.0625531696082 1.0226602e-14
3455.354709865928 1.2284169e-14
3457.6468665622474 1.1914634e-14
3459.939023258567 1.1133344e-14
3462.2311799548866 1.2487171e-14
3464.523336651206 1.3067989e-14
3466.8154933475257 1.2630684e-14
3469.1076500438453 1.066634e-14
3471.399806740165 9.370698e-15
3473.6919634364845 9.662631e-15
3475.984120132804 1.0807848e-14
3478.2762768291236 1.2769865e-14
3480.568433525443 1.3231757e-14
3482.860590221763 1.2554803e-14
3485.1527469180824 1.22216936e-14
3487.444903614402 1.3354208e-14
3489.7370603107215 1.1588805e-14
3492.029217007041 9.779293e-15
3494.3213737033607 9.1418055e-15
3496.6135303996803 9.782208e-15
3498.905687096 1.0784135e-14
3501.1978437923194 1.1136943e-14
3503.490000488639 7.910823e-15
3505.7821571849586 9.744863e-15
3508.074313881278 1.2207744e-14
3510.3664705775977 9.733012e-15
3512.6586272739173 9.521651e-15
3514.950783970237 1.01052725e-14
3517.2429406665565 1.0146661e-14
3519.535097362876 9.03752e-15
3521.8272540591956 8.723991e-15
3524.119410755515 8.064301e-15
3526.411567451835 7.939131e-15
3528.7037241481544 9.724655e-15
3530.995880844474 1.12705586e-14
3533.2880375407935 1.2344158e-14
3535.580194237113 1.1770894e-14
3537.8723509334327 1.2703161e-14
3540.1645076297523 1.0235821e-14
3542.456664326072 9.79488e-15
3544.7488210223914 1.23027495e-14
3547.040977718711 1.3212981e-14
3549.3331344150306 1.18484705e-14
3551.62529111135 1.2160316e-14
3553.9174478076698 1.33618295e-14
3556.2096045039893 1.353554e-14
3558.501761200309 1.358179e-14
3560.7939178966285 1.358179e-14
3563.086074592948 1.33618295e-14
3565.3782312892677 1.2890101e-14
3567.6703879855872 1.24601825e-14
3569.962544681907 1.252948e-14
3572.2547013782264 1.22935685e-14
3574.546858074546 1.2410672e-14
3576.8390147708656 1.2549414e-14
3579.131171467185 1.1641583e-14
3581.4233281635047 1.2628416e-14
3583.7154848598243 1.361783e-14
3586.007641556144 1.31226605e-14
3588.2997982524635 1.1770155e-14
3590.591954948783 1.12954385e-14
3592.8841116451026 1.2452459e-14
3595.176268341422 1.2712663e-14
3597.468425037742 1.12981574e-14
3599.7605817340614 1.0347117e-14
3602.052738430381 1.1344798e-14
3604.3448951267005 1.3574867e-14
3606.63705182302 1.0426236e-14
3608.9292085193397 1.04227286e-14
3611.2213652156593 1.21993895e-14
3613.513521911979 1.28365726e-14
3615.8056786082984 1.0702098e-14
3618.097835304618 1.1219316e-14
3620.3899920009376 1.27622505e-14
3622.682148697257 1.1917201e-14
3624.9743053935767 1.0889469e-14
3627.2664620898963 1.0473511e-14
3629.558618786216 1.1774098e-14
3631.8507754825355 1.1530001e-14
3634.142932178855 1.1072891e-14
3636.4350888751746 1.1754111e-14
3638.727245571494 1.2030356e-14
3641.019402267814 1.2491283e-14
3643.3115589641334 1.33793004e-14
3645.603715660453 1.2714135e-14
3647.8958723567725 1.1549e-14
3650.188029053092 1.1189884e-14
3652.4801857494117 9.994909e-15
3654.7723424457313 8.782467e-15
3657.064499142051 9.185247e-15
3659.3566558383704 9.466913e-15
3661.64881253469 8.9946e-15
3663.9409692310096 9.027588e-15
3666.233125927329 9.562674e-15
3668.5252826236488 9.2659585e-15
3670.8174393199683 9.432297e-15
3673.109596016288 1.1534444e-14
3675.4017527126075 1.1927314e-14
3677.693909408927 9.756592e-15
3679.9860661052467 1.0138225e-14
3682.2782228015662 1.12967785e-14
3684.570379497886 1.1119418e-14
3686.8625361942054 1.1020193e-14
3689.154692890525 1.0554514e-14
3691.4468495868446 9.840362e-15
3693.739006283164 8.212161e-15
3696.0311629794837 9.132262e-15
3698.3233196758033 9.647949e-15
3700.615476372123 8.8320346e-15
3702.9076330684425 7.719714e-15
3705.199789764762 7.7432804e-15
3707.4919464610816 9.304389e-15
3709.784103157401 8.569585e-15
3712.076259853721 7.520555e-15
3714.3684165500404 8.139464e-15
3716.66057324636 7.553653e-15
3718.9527299426795 7.788126e-15
3721.244886638999 8.267049e-15
3723.5370433353187 6.6028954e-15
3725.8292000316383 5.325001e-15
3728.121356727958 5.537895e-15
3730.4135134242774 5.9241874e-15
3732.705670120597 6.029932e-15
3734.9978268169166 5.8799435e-15
3737.289983513236 5.735239e-15
3739.5821402095557 5.5940885e-15
3741.8742969058753 4.9491356e-15
3744.166453602195 4.2566607e-15
3746.4586102985145 4.4781116e-15
3748.750766994834 4.8199936e-15
3751.0429236911536 5.5088973e-15
3753.335080387473 6.3875695e-15
3755.627237083793 6.018115e-15
3757.9193937801124 5.8720093e-15
3760.211550476432 6.0390806e-15
3762.5037071727515 6.567979e-15
3764.795863869071 6.4804687e-15
3767.0880205653907 6.314363e-15
3769.3801772617103 7.386291e-15
3771.67233395803 8.061948e-15
3773.9644906543494 8.260081e-15
3776.256647350669 8.6938115e-15
3778.5488040469886 9.8534496e-15
3780.840960743308 9.854065e-15
3783.1331174396278 9.6668e-15
3785.4252741359473 1.00429385e-14
3787.717430832267 9.62941e-15
3790.0095875285865 9.258924e-15
3792.301744224906 9.344455e-15
3794.5939009212257 1.01531264e-14
3796.8860576175452 1.027102e-14
3799.178214313865 1.0645477e-14
3801.4703710101844 1.1159307e-14
3803.762527706504 9.989867e-15
3806.0546844028236 8.890882e-15
3808.346841099143 9.740281e-15
3810.6389977954627 9.900999e-15
3812.9311544917823 9.374787e-15
3815.223311188102 9.5354234e-15
3817.5154678844215 1.0185852e-14
3819.807624580741 1.09211626e-14
3822.0997812770606 9.476076e-15
3824.39193797338 9.1314455e-15
3826.6840946697 9.749387e-15
3828.9762513660194 9.2633065e-15
3831.268408062339 1.1012896e-14
3833.5605647586585 1.0748588e-14
3835.852721454978 8.581482e-15
3838.1448781512977 9.080252e-15
3840.4370348476173 9.969376e-15
3842.729191543937 1.0555938e-14
3845.0213482402564 1.1524677e-14
3847.313504936576 1.10382115e-14
3849.6056616328956 9.131434e-15
3851.897818329215 9.505662e-15
3854.1899750255347 1.0766496e-14
3856.4821317218543 1.0584088e-14
3858.774288418174 1.001577e-14
3861.0664451144935 8.540536e-15
3863.358601810813 9.148904e-15
3865.6507585071327 9.899106e-15
3867.9429152034522 9.112757e-15
3870.235071899772 9.246213e-15
3872.5272285960914 9.079468e-15
3874.819385292411 9.107057e-15
3877.1115419887306 9.877819e-15
3879.40369868505 9.574221e-15
3881.6958553813697 9.722723e-15
3883.9880120776893 1.10603495e-14
3886.280168774009 1.09790835e-14
3888.5723254703285 9.904665e-15
3890.864482166648 9.29158e-15
3893.1566388629676 9.7615465e-15
3895.448795559287 1.0572326e-14
3897.7409522556068 1.06442065e-14
3900.0331089519264 1.0184374e-14
3902.325265648246 9.119217e-15
3904.6174223445655 7.398011e-15
3906.909579040885 8.749332e-15
3909.2017357372047 1.0522611e-14
3911.4938924335243 9.467459e-15
3913.786049129844 9.161632e-15
3916.0782058261634 8.943895e-15
3918.370362522483 8.516761e-15
3920.6625192188026 8.916015e-15
3922.954675915122 9.993107e-15
3925.2468326114417 1.1019956e-14
3927.5389893077613 1.0244465e-14
3929.831146004081 8.7395775e-15
3932.1233027004005 8.864971e-15
3934.41545939672 9.277253e-15
3936.7076160930396 8.96355e-15
3938.999772789359 8.867063e-15
3941.291929485679 8.265491e-15
3943.5840861819984 8.201723e-15
3945.876242878318 8.976679e-15
3948.1683995746375 9.0429525e-15
3950.460556270957 8.966399e-15
3952.7527129672767 9.1081715e-15
3955.0448696635963 8.031072e-15
3957.337026359916 7.251994e-15
3959.6291830562354 8.106515e-15
3961.921339752555 7.754493e-15
3964.2134964488746 7.644681e-15
3966.505653145194 8.521982e-15
3968.7978098415138 8.406287e-15
3971.0899665378333 7.780037e-15
3973.382123234153 7.85377e-15
3975.6742799304725 8.50819e-15
3977.966436626792 9.2881e-15
3980.2585933231117 9.476864e-15
3982.5507500194312 1.0068713e-14
3984.842906715751 9.738638e-15
3987.1350634120704 8.4079514e-15
3989.42722010839 8.800822e-15
3991.7193768047096 9.059411e-15
3994.011533501029 8.283173e-15
3996.3036901973487 8.9845835e-15
3998.5958468936683 9.9461726e-15
4000.888003589988 9.288751e-15
4003.1801602863075 9.434576e-15
4005.472316982627 1.0020685e-14
4007.7644736789466 9.724151e-15
4010.056630375266 9.796889e-15
4012.348787071586 1.0847153e-14
4014.6409437679054 1.0726852e-14
4016.933100464225 1.0163783e-14
4019.2252571605445 1.1176746e-14
4021.517413856864 1.148752e-14
4023.8095705531837 1.0919516e-14
4026.1017272495033 1.1895572e-14
4028.393883945823 1.1360562e-14
4030.6860406421424 1.1244359e-14
4032.978197338462 1.269791e-14
4035.2703540347816 1.269791e-14
4037.562510731101 1.18182365e-14
4039.8546674274207 1.1458035e-14
4042.1468241237403 1.16379456e-14
4044.43898082006 1.1821454e-14
4046.7311375163795 1.2092897e-14
4049.023294212699 1.1691432e-14
4051.3154509090186 1.150092e-14
4053.607607605338 1.1867947e-14
4055.899764301658 1.2224848e-14
4058.1919209979774 1.1997647e-14
4060.484077694297 1.1302548e-14
4062.7762343906165 1.1586538e-14
4065.068391086936 1.1687704e-14
4067.3605477832557 1.0886065e-14
4069.6527044795753 1.0831302e-14
4071.944861175895 1.0122524e-14
4074.2370178722144 9.936818e-15
4076.529174568534 1.1194281e-14
4078.8213312648536 1.09344085e-14
4081.113487961173 1.0051279e-14
4083.4056446574928 1.0373174e-14
4085.6978013538123 1.0948493e-14
4087.989958050132 1.2119172e-14
4090.2821147464515 1.2416782e-14
4092.574271442771 1.17109784e-14
4094.8664281390907 1.0541633e-14
4097.15858483541 1.0458997e-14
4099.450741531729 1.13400085e-14
4101.742898228049 1.0870522e-14
4104.0350549243685 1.0863222e-14
4106.327211620688 1.0779752e-14
4108.619368317008 1.0804752e-14
4110.911525013327 1.1721188e-14
4113.203681709647 1.1511674e-14
4115.495838405966 1.1341772e-14
4117.787995102286 1.2090001e-14
4120.080151798606 1.1728656e-14
4122.372308494925 1.1757265e-14
4124.664465191245 1.1786837e-14
4126.956621887564 1.1909511e-14
4129.248778583884 1.20056375e-14
4131.5409352802035 1.1137443e-14
4133.833091976523 1.17614345e-14
4136.125248672843 1.1386539e-14
4138.417405369162 1.0472392e-14
4140.709562065482 1.1089122e-14
4143.001718761801 1.1097994e-14
4145.293875458121 1.09899476e-14
4147.5860321544405 1.1404725e-14
4149.87818885076 1.1710058e-14
4152.17034554708 1.1386525e-14
4154.462502243399 1.1000505e-14
4156.754658939719 1.12980685e-14
4159.046815636038 1.2388109e-14
4161.338972332358 1.21004094e-14
4163.631129028678 1.1356009e-14
4165.923285724997 1.1391766e-14
4168.215442421317 1.1291221e-14
4170.507599117636 1.0833005e-14
4172.799755813956 1.0296343e-14
4175.0919125102755 1.0868551e-14
4177.384069206595 1.0795175e-14
4179.676225902915 1.0190029e-14
4181.968382599234 1.0390625e-14
4184.260539295554 9.847627e-15
4186.552695991873 9.661351e-15
4188.844852688193 1.0006282e-14
4191.137009384513 9.8578796e-15
4193.429166080832 9.4726015e-15
4195.721322777152 8.962638e-15
4198.013479473471 8.865015e-15
4200.305636169791 8.502077e-15
4202.5977928661105 7.8363295e-15
4204.88994956243 8.0394565e-15
4207.18210625875 8.272122e-15
4209.474262955069 8.935354e-15
4211.766419651389 8.775269e-15
4214.058576347708 8.266291e-15
4216.350733044028 8.35168e-15
4218.6428897403475 7.608883e-15
4220.935046436667 7.491544e-15
4223.227203132987 7.999647e-15
4225.519359829306 8.032537e-15
4227.811516525626 6.899025e-15
4230.103673221945 6.9915065e-15
4232.395829918265 7.118867e-15
4234.687986614585 6.3094773e-15
4236.980143310904 6.5972898e-15
4239.272300007224 6.6894884e-15
4241.564456703543 6.7367266e-15
4243.856613399863 6.462022e-15
4246.1487700961825 6.9819215e-15
4248.440926792502 6.9673805e-15
4250.733083488822 5.921371e-15
4253.025240185141 5.9269098e-15
4255.317396881461 5.418885e-15
4257.60955357778 5.4192516e-15
4259.9017102741 5.4825173e-15
4262.19386697042 5.8211425e-15
4264.486023666739 5.1884978e-15
4266.778180363059 4.962628e-15
4269.070337059378 6.3313646e-15
4271.362493755698 6.531587e-15
4273.654650452017 6.319734e-15
4275.946807148337 6.0583286e-15
4278.238963844657 6.4607082e-15
4280.531120540976 7.90191e-15
4282.823277237296 8.3750755e-15
4285.115433933615 8.96595e-15
4287.407590629935 9.13148e-15
4289.6997473262545 9.7674766e-15
4291.991904022574 1.0146995e-14
4294.284060718894 1.0013003e-14
4296.576217415213 9.288559e-15
4298.868374111533 9.9232925e-15
4301.160530807852 1.0908798e-14
4303.452687504172 1.184647e-14
4305.744844200492 1.2802576e-14
4308.037000896811 1.2982053e-14
4310.329157593131 1.2716774e-14
4312.62131428945 1.21349015e-14
4314.91347098577 1.2499924e-14
4317.2056276820895 1.3228263e-14
4319.497784378409 1.3433342e-14
4321.789941074729 1.3214502e-14
4324.082097771048 1.2810257e-14
4326.374254467368 1.3372936e-14
4328.666411163687 1.3927336e-14
4330.958567860007 1.3356671e-14
4333.2507245563265 1.285837e-14
4335.542881252646 1.2365533e-14
4337.835037948966 1.2518489e-14
4340.127194645285 1.3104789e-14
4342.419351341605 1.3363649e-14
4344.711508037924 1.4390541e-14
4347.003664734244 1.422701e-14
4349.295821430564 1.3621738e-14
4351.587978126883 1.3053899e-14
4353.880134823203 1.2303221e-14
4356.172291519522 1.2041545e-14
4358.464448215842 1.21487555e-14
4360.7566049121615 1.2049323e-14
4363.048761608481 1.227181e-14
4365.340918304801 1.3092945e-14
4367.63307500112 1.29268595e-14
4369.92523169744 1.36047755e-14
4372.217388393759 1.3139632e-14
4374.509545090079 1.2401349e-14
4376.801701786399 1.4161142e-14
4379.093858482718 1.4061593e-14
4381.386015179038 1.2559658e-14
4383.678171875357 1.31639135e-14
4385.970328571677 1.3699677e-14
4388.262485267996 1.2765384e-14
4390.554641964316 1.2675033e-14
4392.846798660636 1.3172459e-14
4395.138955356955 1.2749539e-14
4397.431112053275 1.2488853e-14
4399.723268749594 1.24084575e-14
4402.015425445914 1.19593285e-14
4404.3075821422335 1.307536e-14
4406.599738838553 1.2157231e-14
4408.891895534873 1.1565538e-14
4411.184052231192 1.1773035e-14
4413.476208927512 1.18562446e-14
4415.768365623831 1.0959079e-14
4418.060522320151 1.0218639e-14
4420.352679016471 1.0866836e-14
4422.64483571279 1.097767e-14
4424.93699240911 9.903177e-15
4427.229149105429 9.4975196e-15
4429.521305801749 8.895724e-15
4431.8134624980685 9.556687e-15
4434.105619194388 9.692506e-15
4436.397775890708 8.9608175e-15
4438.689932587027 9.791932e-15
4440.982089283347 1.13506676e-14
4443.274245979666 1.1127425e-14
4445.566402675986 1.0095359e-14
4447.8585593723055 8.543138e-15
4450.150716068625 9.2208515e-15
4452.442872764945 1.03852355e-14
4454.735029461264 9.843263e-15
4457.027186157584 9.927754e-15
4459.319342853903 1.0267576e-14
4461.611499550223 1.1021341e-14
4463.903656246543 1.0510798e-14
4466.195812942862 1.0579274e-14
4468.487969639182 1.1091496e-14
4470.780126335501 1.05477125e-14
4473.072283031821 1.164362e-14
4475.3644397281405 1.1965416e-14
4477.65659642446 1.0828873e-14
4479.94875312078 1.1027891e-14
4482.240909817099 1.1730145e-14
4484.533066513419 1.20056e-14
4486.825223209738 1.23878e-14
4489.117379906058 1.223815e-14
4491.409536602378 1.1955847e-14
4493.701693298697 1.1789622e-14
4495.993849995017 1.21884e-14
4498.286006691336 1.1872932e-14
4500.578163387656 1.1889515e-14
4502.8703200839755 1.1164858e-14
4505.162476780295 1.038269e-14
4507.454633476615 1.1484856e-14
4509.746790172934 1.137419e-14
4512.038946869254 9.999607e-15
4514.331103565573 1.0087337e-14
4516.623260261893 1.0846447e-14
4518.9154169582125 1.1411804e-14
4521.207573654532 1.0933964e-14
4523.499730350852 1.02713765e-14
4525.791887047171 9.908882e-15
4528.084043743491 1.0127955e-14
4530.37620043981 1.0400901e-14
4532.66835713613 9.739468e-15
4534.96051383245 9.725443e-15
4537.252670528769 9.572266e-15
4539.544827225089 9.267038e-15
4541.836983921408 9.4775906e-15
4544.129140617728 9.155559e-15
4546.4212973140475 9.3081094e-15
4548.713454010367 1.0320383e-14
4551.005610706687 1.02168996e-14
4553.297767403006 9.637649e-15
4555.589924099326 9.311364e-15
4557.882080795645 9.108451e-15
4560.174237491965 8.620217e-15
4562.4663941882845 7.927185e-15
4564.758550884604 8.1515766e-15
4567.050707580924 8.087903e-15
4569.342864277243 7.9921895e-15
4571.635020973563 7.7705185e-15
4573.927177669882 7.515259e-15
4576.219334366202 7.963815e-15
4578.511491062522 7.7444e-15
4580.803647758841 7.0084946e-15
4583.095804455161 7.152627e-15
4585.38796115148 7.952146e-15
4587.6801178478 7.571104e-15
4589.9722745441195 7.333102e-15
4592.264431240439 8.069574e-15
4594.556587936759 7.9847255e-15
4596.848744633078 7.664422e-15
4599.140901329398 7.713907e-15
4601.433058025717 8.3435346e-15
4603.725214722037 8.091752e-15
4606.017371418357 8.133291e-15
4608.309528114676 8.382487e-15
4610.601684810996 9.068613e-15
4612.893841507315 8.919827e-15
4615.185998203635 8.5946045e-15
4617.4781548999545 8.673337e-15
4619.770311596274 8.6822165e-15
4622.062468292594 9.050018e-15
4624.354624988913 1.000113e-14
4626.646781685233 9.894667e-15
4628.938938381552 9.2764795e-15
4631.231095077872 9.427113e-15
4633.5232517741915 9.28535e-15
4635.815408470511 9.3065534e-15
4638.107565166831 9.21205e-15
4640.39972186315 9.358292e-15
4642.69187855947 9.090772e-15
4644.984035255789 8.897353e-15
4647.276191952109 9.934456e-15
4649.568348648429 9.567688e-15
4651.860505344748 9.213857e-15
4654.152662041068 9.60532e-15
4656.444818737387 9.866441e-15
4658.736975433707 9.553531e-15
4661.0291321300265 9.7832695e-15
4663.321288826346 1.0166315e-14
4665.613445522666 9.64407e-15
4667.905602218985 1.0343686e-14
4670.197758915305 1.0104895e-14
4672.489915611624 1.0425039e-14
4674.782072307944 1.0957286e-14
4677.0742290042635 9.864781e-15
4679.366385700583 8.729909e-15
4681.658542396903 9.556949e-15
4683.950699093222 9.984937e-15
4686.242855789542 9.596279e-15
4688.535012485861 9.8466e-15
4690.827169182181 1.0005311e-14
4693.119325878501 1.0165994e-14
4695.41148257482 9.822322e-15
4697.70363927114 9.400493e-15
4699.995795967459 1.0361023e-14
4702.287952663779 1.0831234e-14
4704.5801093600985 1.01551525e-14
4706.872266056418 1.0421763e-14
4709.164422752738 1.1024509e-14
4711.456579449057 1.0665493e-14
4713.748736145377 1.03363575e-14
4716.040892841696 1.0031876e-14
4718.333049538016 9.728188e-15
4720.625206234336 9.355503e-15
4722.917362930655 9.357517e-15
4725.209519626975 9.6029624e-15
4727.501676323294 9.653465e-15
4729.793833019614 9.926435e-15
4732.0859897159335 9.345258e-15
4734.378146412253 8.731709e-15
4736.670303108573 9.101591e-15
4738.962459804892 9.181678e-15
4741.254616501212 9.302869e-15
4743.546773197531 9.698753e-15
4745.838929893851 9.6746e-15
4748.1310865901705 9.999755e-15
4750.42324328649 1.05312055e-14
4752.71539998281 1.07649705e-14
4755.007556679129 1.029813e-14
4757.299713375449 9.616119e-15
4759.591870071768 9.4656135e-15
4761.884026768088 9.814618e-15
4764.176183464408 1.0217878e-14
4766.468340160727 1.0423644e-14
4768.760496857047 1.0175615e-14
4771.052653553366 9.971789e-15
4773.344810249686 1.0395406e-14
4775.6369669460055 9.153596e-15
4777.929123642325 8.615352e-15
4780.221280338645 9.919305e-15
4782.513437034964 1.00631936e-14
4784.805593731284 9.886242e-15
4787.097750427603 1.0319449e-14
4789.389907123923 1.06330155e-14
4791.682063820243 1.00079e-14
4793.974220516562 1.0104514e-14
4796.266377212882 1.0167338e-14
4798.558533909201 9.906332e-15
4800.850690605521 1.0223512e-14
4803.14284730184 1.0342591e-14
4805.43500399816 1.0292918e-14
4807.72716069448 1.00655585e-14
4810.019317390799 1.0677711e-14
4812.311474087119 1.1636162e-14
4814.603630783438 1.0955759e-14
4816.895787479758 1.0345648e-14
4819.1879441760775 1.026052e-14
4821.480100872397 1.0003713e-14
4823.772257568717 9.556261e-15
4826.064414265036 1.00375945e-14
4828.356570961356 1.0328502e-14
4830.648727657675 1.0159352e-14
4832.940884353995 1.0176477e-14
4835.233041050315 9.8084425e-15
4837.525197746634 9.431763e-15
4839.817354442954 9.577052e-15
4842.109511139273 1.030535e-14
4844.401667835593 1.064412e-14
4846.6938245319125 1.0635685e-14
4848.985981228232 1.0488414e-14
4851.278137924552 1.0585825e-14
4853.570294620871 1.04481734e-14
4855.862451317191 1.04846e-14
4858.15460801351 1.0833846e-14
4860.44676470983 1.0228682e-14
4862.7389214061495 1.0320978e-14
4865.031078102469 1.1089425e-14
4867.323234798789 1.08942904e-14
4869.615391495108 1.0363244e-14
4871.907548191428 9.833492e-15
4874.199704887747 9.500815e-15
4876.491861584067 1.0095726e-14
4878.784018280387 1.1171985e-14
4881.076174976706 1.0546398e-14
4883.368331673026 1.0093971e-14
4885.660488369345 9.697071e-15
4887.952645065665 9.653493e-15
4890.2448017619845 1.0467974e-14
4892.536958458304 1.032536e-14
4894.829115154624 9.9395725e-15
4897.121271850943 9.528936e-15
4899.413428547263 1.0090761e-14
4901.705585243582 1.0829286e-14
4903.997741939902 1.1012991e-14
4906.289898636222 1.0264107e-14
4908.582055332541 1.0184449e-14
4910.874212028861 9.3689594e-15
4913.16636872518 9.243127e-15
4915.4585254215 9.445342e-15
4917.750682117819 9.731573e-15
4920.042838814139 9.284721e-15
4922.334995510459 9.206609e-15
4924.627152206778 9.847697e-15
4926.919308903098 9.478627e-15
4929.211465599417 8.864138e-15
4931.503622295737 9.761064e-15
4933.7957789920565 9.17464e-15
4936.087935688376 8.473958e-15
4938.380092384696 8.638989e-15
4940.672249081015 9.265651e-15
4942.964405777335 9.186683e-15
4945.256562473654 9.335381e-15
4947.548719169974 8.845446e-15
4949.840875866294 9.20326e-15
4952.133032562613 8.7593956e-15
4954.425189258933 1.0021275e-14
4956.717345955252 1.0550433e-14
4959.009502651572 1.0280221e-14
4961.3016593478915 1.02760665e-14
4963.593816044211 1.0422459e-14
4965.885972740531 1.0475931e-14
4968.17812943685 1.00758194e-14
4970.47028613317 9.799523e-15
4972.762442829489 1.0323331e-14
4975.054599525809 1.0358018e-14
4977.3467562221285 9.921585e-15
4979.638912918448 9.351708e-15
4981.931069614768 9.979924e-15
4984.223226311087 1.0153835e-14
4986.515383007407 9.916858e-15
4988.807539703726 1.02444645e-14
4991.099696400046 1.0468192e-14
4993.391853096366 1.0221251e-14
4995.684009792685 1.03505664e-14
4997.976166489005 9.340273e-15
5000.268323185324 9.635494e-15
5002.560479881644 1.0876496e-14
5004.8526365779635 1.0612895e-14
5007.144793274283 9.798763e-15
5009.436949970603 1.0185844e-14
5011.729106666922 1.0353859e-14
5014.021263363242 9.984655e-15
5016.313420059561 1.0199643e-14
5018.605576755881 9.8202366e-15
5020.897733452201 9.792545e-15
5023.18989014852 9.968582e-15
5025.48204684484 1.064651e-14
5027.774203541159 1.0433046e-14
5030.066360237479 1.0244755e-14
5032.3585169337985 9.882456e-15
5034.650673630118 9.472235e-15
5036.942830326438 1.0046833e-14
5039.234987022757 9.836129e-15
5041.527143719077 9.8509085e-15
5043.819300415396 9.578859e-15
5046.111457111716 9.016925e-15
5048.4036138080355 8.856466e-15
5050.695770504355 9.0183894e-15
5052.987927200675 9.367839e-15
5055.280083896994 8.905378e-15
5057.572240593314 8.723253e-15
5059.864397289633 8.211799e-15
5062.156553985953 8.380872e-15
5064.448710682273 8.973464e-15
5066.740867378592 8.8124274e-15
5069.033024074912 8.162018e-15
5071.325180771231 8.5117096e-15
5073.617337467551 8.740262e-15
5075.9094941638705 8.810023e-15
5078.20165086019 8.212857e-15
5080.49380755651 8.143287e-15
5082.785964252829 8.65241e-15
5085.078120949149 8.548811e-15
5087.370277645468 7.857448e-15
5089.662434341788 8.385684e-15
5091.9545910381075 9.249212e-15
5094.246747734427 9.251193e-15
5096.538904430747 8.76218e-15
5098.831061127066 9.225184e-15
5101.123217823386 8.3509e-15
5103.415374519705 8.977041e-15
5105.707531216025 9.7335775e-15
5107.999687912345 9.678828e-15
5110.291844608664 9.562166e-15
5112.584001304984 9.57482e-15
5114.876158001303 9.272722e-15
5117.168314697623 9.097265e-15
5119.4604713939425 9.585425e-15
5121.752628090262 1.0140186e-14
5124.044784786582 9.405735e-15
5126.336941482901 8.925349e-15
5128.629098179221 9.38934e-15
5130.92125487554 1.01288505e-14
5133.21341157186 9.6353056e-15
5135.50556826818 9.228112e-15
5137.797724964499 9.118619e-15
5140.089881660819 9.463735e-15
5142.382038357138 9.4825855e-15
5144.674195053458 9.085665e-15
5146.9663517497775 8.908593e-15
5149.258508446097 9.789818e-15
5151.550665142417 1.05202364e-14
5153.842821838736 1.0019206e-14
5156.134978535056 1.0046629e-14
5158.427135231375 1.0271191e-14
5160.719291927695 9.830926e-15
5163.0114486240145 9.556083e-15
5165.303605320334 9.0581415e-15
5167.595762016654 9.046747e-15
5169.887918712973 8.83235e-15
5172.180075409293 9.060801e-15
5174.472232105612 8.811054e-15
5176.764388801932 9.882088e-15
5179.056545498252 9.905659e-15
5181.348702194571 9.362946e-15
5183.640858890891 8.854632e-15
5185.93301558721 9.29774e-15
5188.22517228353 9.49885e-15
5190.5173289798495 9.396139e-15
5192.809485676169 9.300513e-15
5195.101642372489 9.217493e-15
5197.393799068808 9.291677e-15
5199.685955765128 9.107264e-15
5201.978112461447 9.462784e-15
5204.270269157767 9.264901e-15
5206.5624258540865 9.421349e-15
5208.854582550406 9.502516e-15
5211.146739246726 9.659464e-15
5213.438895943045 9.199499e-15
5215.731052639365 9.668052e-15
5218.023209335684 8.406738e-15
5220.315366032004 8.5094455e-15
5222.607522728324 8.741692e-15
5224.899679424643 8.494188e-15
5227.191836120963 9.029555e-15
5229.483992817282 8.791124e-15
5231.776149513602 8.393269e-15
5234.0683062099215 9.0244745e-15
5236.360462906241 8.744358e-15
5238.652619602561 9.288666e-15
5240.94477629888 9.454722e-15
5243.2369329952 8.256267e-15
5245.529089691519 8.119137e-15
5247.821246387839 8.977755e-15
5250.113403084159 8.496753e-15
5252.405559780478 8.854744e-15
5254.697716476798 8.896258e-15
5256.989873173117 8.426743e-15
5259.282029869437 8.3207816e-15
5261.5741865657565 8.451171e-15
5263.866343262076 8.312951e-15
5266.158499958396 8.845944e-15
5268.450656654715 8.543052e-15
5270.742813351035 8.209223e-15
5273.034970047354 8.715606e-15
5275.327126743674 8.90675e-15
5277.6192834399935 9.36685e-15
5279.911440136313 9.5794725e-15
5282.203596832633 8.85576e-15
5284.495753528952 8.208825e-15
5286.787910225272 8.189557e-15
5289.080066921591 8.54444e-15
5291.372223617911 8.265954e-15
5293.664380314231 8.728161e-15
5295.95653701055 8.389952e-15
5298.24869370687 7.588586e-15
5300.540850403189 8.117188e-15
5302.833007099509 8.313506e-15
5305.1251637958285 8.008777e-15
5307.417320492148 7.983199e-15
5309.709477188468 8.421085e-15
5312.001633884787 8.882476e-15
5314.293790581107 9.577342e-15
5316.585947277426 9.803294e-15
5318.878103973746 9.934423e-15
5321.1702606700655 8.853568e-15
5323.462417366385 8.703369e-15
5325.754574062705 9.014183e-15
5328.046730759024 9.157608e-15
5330.338887455344 9.220463e-15
5332.631044151663 9.054371e-15
5334.923200847983 8.714209e-15
5337.215357544303 8.939139e-15
5339.507514240622 8.393723e-15
5341.799670936942 8.011606e-15
5344.091827633261 8.558899e-15
5346.383984329581 9.139497e-15
5348.6761410259005 9.958639e-15
5350.96829772222 9.7728925e-15
5353.26045441854 8.851125e-15
5355.552611114859 8.803685e-15
5357.844767811179 9.212781e-15
5360.136924507498 8.619206e-15
5362.429081203818 8.651199e-15
5364.721237900138 8.8061204e-15
5367.013394596457 8.908569e-15
5369.305551292777 8.8837264e-15
5371.597707989096 8.956452e-15
5373.889864685416 9.1066765e-15
5376.1820213817355 9.2075785e-15
5378.474178078055 9.03426e-15
5380.766334774375 8.724687e-15
5383.058491470694 8.873838e-15
5385.350648167014 9.189071e-15
5387.642804863333 9.0856125e-15
5389.934961559653 8.562752e-15
5392.2271182559725 8.275582e-15
5394.519274952292 8.723425e-15
5396.811431648612 9.16869e-15
5399.103588344931 8.4473164e-15
5401.395745041251 8.231399e-15
5403.68790173757 9.279536e-15
5405.98005843389 9.320878e-15
5408.27221513021 8.815314e-15
5410.564371826529 8.627521e-15
5412.856528522849 8.541436e-15
5415.148685219168 8.483758e-15
5417.440841915488 9.053314e-15
5419.7329986118075 8.644419e-15
5422.025155308127 8.113292e-15
5424.317312004447 8.537776e-15
5426.609468700766 8.912843e-15
5428.901625397086 8.924196e-15
5431.193782093405 8.319408e-15
5433.485938789725 8.09421e-15
5435.778095486045 7.896358e-15
5438.070252182364 7.508428e-15
5440.362408878684 8.086333e-15
5442.654565575003 8.1810914e-15
5444.946722271323 8.072501e-15
5447.238878967642 8.5703725e-15
5449.531035663962 9.068613e-15
5451.823192360282 8.451451e-15
5454.115349056601 8.096621e-15
5456.407505752921 8.889793e-15
5458.69966244924 9.141133e-15
5460.99181914556 8.641757e-15
5463.2839758418795 8.266132e-15
5465.576132538199 8.1592575e-15
5467.868289234519 8.335271e-15
5470.160445930838 8.444974e-15
5472.452602627158 8.320679e-15
5474.744759323477 8.189722e-15
5477.036916019797 8.328915e-15
5479.329072716117 8.629595e-15
5481.621229412436 8.984377e-15
5483.913386108756 8.662826e-15
5486.205542805075 8.95951e-15
5488.497699501395 8.911701e-15
5490.7898561977145 8.3828394e-15
5493.082012894034 8.288556e-15
5495.374169590354 8.32412e-15
5497.666326286673 8.2624405e-15
5499.958482982993 8.573599e-15
5502.250639679312 9.0261245e-15
5504.542796375632 8.8854815e-15
5506.8349530719515 8.518024e-15
5509.127109768271 8.422871e-15
5511.419266464591 8.526052e-15
5513.71142316091 9.0845884e-15
5516.00357985723 9.245964e-15
5518.295736553549 8.497103e-15
5520.587893249869 8.294083e-15
5522.880049946189 8.585918e-15
5525.172206642508 8.928426e-15
5527.464363338828 8.418703e-15
5529.756520035147 8.08078e-15
5532.048676731467 8.649783e-15
5534.3408334277865 8.572233e-15
5536.632990124106 8.074049e-15
5538.925146820426 8.2928845e-15
5541.217303516745 7.978251e-15
5543.509460213065 8.51582e-15
5545.801616909384 8.900359e-15
5548.093773605704 8.1658635e-15
5550.385930302024 8.327005e-15
5552.678086998343 8.694254e-15
5554.970243694663 9.007513e-15
5557.262400390982 8.4198395e-15
5559.554557087302 8.7081535e-15
5561.846713783621 8.0574e-15
5564.138870479941 9.033033e-15
5566.431027176261 8.957213e-15
5568.72318387258 8.429119e-15
5571.0153405689 9.235225e-15
5573.307497265219 9.0537344e-15
5575.599653961539 8.482318e-15
5577.8918106578585 8.5168e-15
5580.183967354178 8.750648e-15
5582.476124050498 9.361739e-15
5584.768280746817 8.50435e-15
5587.060437443137 8.49889e-15
5589.352594139456 8.66039e-15
5591.644750835776 8.623349e-15
5593.936907532096 8.451388e-15
5596.229064228415 7.804365e-15
5598.521220924735 8.421783e-15
5600.813377621054 8.751822e-15
5603.105534317374 8.5707935e-15
5605.3976910136935 8.4306765e-15
5607.689847710013 8.131246e-15
5609.982004406333 8.400965e-15
5612.274161102652 8.592114e-15
5614.566317798972 9.067492e-15
5616.858474495291 8.562017e-15
5619.150631191611 8.603877e-15
5621.4427878879305 8.594328e-15
5623.73494458425 8.2336905e-15
5626.02710128057 8.184811e-15
5628.319257976889 8.470823e-15
5630.611414673209 7.783431e-15
5632.903571369528 8.2179924e-15
5635.195728065848 8.681055e-15
5637.487884762168 8.330483e-15
5639.780041458487 8.221072e-15
5642.072198154807 7.6118175e-15
5644.364354851126 7.654032e-15
5646.656511547446 7.427427e-15
5648.9486682437655 7.423774e-15
5651.240824940085 7.586703e-15
5653.532981636405 7.75433e-15
5655.825138332724 8.058362e-15
5658.117295029044 7.906218e-15
5660.409451725363 8.333008e-15
5662.701608421683 8.317501e-15
5664.993765118003 7.507551e-15
5667.285921814322 7.507338e-15
5669.578078510642 7.757773e-15
5671.870235206961 7.833728e-15
5674.162391903281 8.3664206e-15
5676.4545485996005 8.633892e-15
5678.74670529592 8.667306e-15
5681.03886199224 8.4606055e-15
5683.331018688559 8.376644e-15
5685.623175384879 7.856467e-15
5687.915332081198 7.726174e-15
5690.207488777518 7.556308e-15
5692.4996454738375 7.7207375e-15
5694.791802170157 8.001471e-15
5697.083958866477 8.414245e-15
5699.376115562796 8.1678904e-15
5701.668272259116 8.671305e-15
5703.960428955435 8.302696e-15
5706.252585651755 8.841926e-15
5708.544742348075 8.293709e-15
5710.836899044394 7.967689e-15
5713.129055740714 7.552701e-15
5715.421212437033 7.840745e-15
5717.713369133353 7.947691e-15
5720.0055258296725 8.00709e-15
5722.297682525992 7.804416e-15
5724.589839222312 7.447314e-15
5726.881995918631 7.5912744e-15
5729.174152614951 8.2045636e-15
5731.46630931127 8.270025e-15
5733.75846600759 8.423291e-15
5736.0506227039095 8.1002015e-15
5738.342779400229 7.731063e-15
5740.634936096549 7.486818e-15
5742.927092792868 8.044045e-15
5745.219249489188 8.126749e-15
5747.511406185507 7.934226e-15
5749.803562881827 7.821001e-15
5752.095719578147 7.842597e-15
5754.387876274466 7.500755e-15
5756.680032970786 7.402932e-15
5758.972189667105 7.6803095e-15
5761.264346363425 8.039879e-15
5763.5565030597445 7.821055e-15
5765.848659756064 7.207235e-15
5768.140816452384 7.102892e-15
5770.432973148703 7.291276e-15
5772.725129845023 7.570267e-15
5775.017286541342 7.7436955e-15
5777.309443237662 7.739499e-15
5779.601599933982 7.5224445e-15
5781.893756630301 7.306138e-15
5784.185913326621 7.631519e-15
5786.47807002294 7.869783e-15
5788.77022671926 7.66104e-15
5791.0623834155795 8.060772e-15
5793.354540111899 8.115511e-15
5795.646696808219 7.907319e-15
5797.938853504538 8.321363e-15
5800.231010200858 8.060527e-15
5802.523166897177 8.231064e-15
5804.815323593497 8.553463e-15
5807.1074802898165 8.036232e-15
5809.399636986136 7.676535e-15
5811.691793682456 8.0364995e-15
5813.983950378775 8.249598e-15
5816.276107075095 7.704613e-15
5818.568263771414 7.791367e-15
5820.860420467734 8.268281e-15
5823.152577164054 8.3080795e-15
5825.444733860373 7.9647076e-15
5827.736890556693 7.796391e-15
5830.029047253012 7.7778555e-15
5832.321203949332 7.256299e-15
5834.6133606456515 7.2451005e-15
5836.905517341971 7.620722e-15
5839.197674038291 7.6577996e-15
5841.48983073461 7.595041e-15
5843.78198743093 7.233188e-15
5846.074144127249 7.430293e-15
5848.366300823569 7.653467e-15
5850.6584575198885 7.201652e-15
5852.950614216208 7.155049e-15
5855.242770912528 7.456905e-15
5857.534927608847 7.272958e-15
5859.827084305167 6.846016e-15
5862.119241001486 6.927305e-15
5864.411397697806 7.154367e-15
5866.703554394126 6.831308e-15
5868.995711090445 6.3999667e-15
5871.287867786765 6.234835e-15
5873.580024483084 5.8734357e-15
5875.872181179404 5.734574e-15
5878.1643378757235 5.570712e-15
5880.456494572043 5.1199745e-15
5882.748651268363 5.355152e-15
5885.040807964682 5.650112e-15
5887.332964661002 5.6360827e-15
5889.625121357321 5.604773e-15
5891.917278053641 5.1699266e-15
5894.209434749961 5.19668e-15
5896.50159144628 5.2363475e-15
5898.7937481426 4.900648e-15
5901.085904838919 5.068311e-15
5903.378061535239 5.3860504e-15
5905.6702182315585 5.1514918e-15
5907.962374927878 5.2020986e-15
5910.254531624198 4.8925737e-15
5912.546688320517 4.7498868e-15
5914.838845016837 4.5295858e-15
5917.131001713156 4.5994177e-15
5919.423158409476 5.176541e-15
5921.7153151057955 5.3608393e-15
5924.007471802115 5.194521e-15
5926.299628498435 5.6341083e-15
5928.591785194754 6.1339754e-15
5930.883941891074 5.472269e-15
5933.176098587393 5.649366e-15
5935.468255283713 5.758517e-15
5937.760411980033 5.8688516e-15
5940.052568676352 6.1001907e-15
5942.344725372672 6.111541e-15
5944.636882068991 6.2889367e-15
5946.929038765311 6.9365358e-15
5949.2211954616305 7.339931e-15
5951.51335215795 6.9824085e-15
5953.80550885427 7.532487e-15
5956.097665550589 7.869855e-15
5958.389822246909 7.682246e-15
5960.681978943228 8.392218e-15
5962.974135639548 8.72473e-15
5965.266292335868 9.712603e-15
5967.558449032187 1.00652205e-14
5969.850605728507 1.0606686e-14
5972.142762424826 1.0890878e-14
5974.434919121146 1.09237435e-14
5976.727075817465 1.14141205e-14
5979.019232513785 1.1780552e-14
5981.311389210105 1.1266296e-14
5983.603545906424 1.1816025e-14
5985.895702602744 1.2255349e-14
5988.187859299063 1.2615429e-14
5990.480015995383 1.2744214e-14
5992.7721726917025 1.2988917e-14
5995.064329388022 1.330407e-14
5997.356486084342 1.3340391e-14
5999.648642780661 1.298669e-14
6001.940799476981 1.3193957e-14
6004.2329561733 1.2975723e-14
6006.52511286962 1.312761e-14
6008.81726956594 1.357325e-14
6011.109426262259 1.3772261e-14
6013.401582958579 1.4066608e-14
6015.693739654898 1.406007e-14
6017.985896351218 1.4202445e-14
6020.2780530475375 1.442777e-14
6022.570209743857 1.423782e-14
6024.862366440177 1.39489225e-14
6027.154523136496 1.4173604e-14
6029.446679832816 1.4566786e-14
6031.738836529135 1.4482722e-14
6034.030993225455 1.4253105e-14
6036.3231499217745 1.459776e-14
6038.615306618094 1.4610478e-14
6040.907463314414 1.458044e-14
6043.199620010733 1.47043e-14
6045.491776707053 1.467182e-14
6047.783933403372 1.4725961e-14
6050.076090099692 1.450914e-14
6052.368246796012 1.448748e-14
6054.660403492331 1.4455e-14
6056.952560188651 1.443335e-14
6059.24471688497 1.4451729e-14
6061.53687358129 1.4162155e-14
6063.8290302776095 1.346751e-14
6066.121186973929 1.3551622e-14
6068.413343670249 1.3897161e-14
6070.705500366568 1.3204975e-14
6072.997657062888 1.29748736e-14
6075.289813759207 1.2898577e-14
6077.581970455527 1.2450182e-14
6079.874127151847 1.2149186e-14
6082.166283848166 1.2044039e-14
6084.458440544486 1.2126046e-14
6086.750597240805 1.2201333e-14
6089.042753937125 1.2317119e-14
6091.334910633444 1.1845858e-14
6093.627067329764 1.1369154e-14
6095.919224026084 1.13210426e-14
6098.211380722403 1.1139483e-14
6100.503537418723 1.1273353e-14
6102.795694115042 1.1424581e-14
6105.087850811362 1.1074912e-14
6107.3800075076815 1.0876166e-14
6109.672164204001 1.0986957e-14
6111.964320900321 1.0818989e-14
6114.25647759664 1.03838675e-14
6116.54863429296 9.999336e-15
6118.840790989279 9.974631e-15
6121.132947685599 1.0486014e-14
6123.425104381919 1.0185505e-14
6125.717261078238 9.58168e-15
6128.009417774558 1.0536694e-14
6130.301574470877 1.0769459e-14
6132.593731167197 1.031504e-14
6134.8858878635165 9.936496e-15
6137.178044559836 1.0022945e-14
6139.470201256156 1.0520458e-14
6141.762357952475 1.0163732e-14
6144.054514648795 1.0045873e-14
6146.346671345114 1.03662696e-14
6148.638828041434 9.666117e-15
6150.9309847377535 8.9801095e-15
6153.223141434073 8.491779e-15
6155.515298130393 8.828079e-15
6157.807454826712 9.059038e-15
6160.099611523032 8.801547e-15
6162.391768219351 8.431341e-15
6164.683924915671 8.92456e-15
6166.976081611991 8.8316746e-15
6169.26823830831 8.9847605e-15
6171.56039500463 8.49586e-15
6173.852551700949 8.396726e-15
6176.144708397269 8.4168e-15
6178.4368650935885 8.514929e-15
6180.729021789908 9.044884e-15
6183.021178486228 8.9383025e-15
6185.313335182547 9.110126e-15
6187.605491878867 8.675963e-15
6189.897648575186 8.255471e-15
6192.189805271506 8.037638e-15
6194.481961967826 7.872136e-15
6196.774118664145 7.977431e-15
6199.066275360465 8.384683e-15
6201.358432056784 8.431166e-15
6203.650588753104 8.662404e-15
6205.9427454494235 8.684006e-15
6208.234902145743 8.5243515e-15
6210.527058842063 8.267823e-15
6212.819215538382 7.858614e-15
6215.111372234702 7.770123e-15
6217.403528931021 7.3382445e-15
6219.695685627341 7.390106e-15
6221.9878423236605 7.837301e-15
6224.27999901998 7.849017e-15
6226.5721557163 7.560179e-15
6228.864312412619 7.280653e-15
6231.156469108939 7.499404e-15
6233.448625805258 7.5891924e-15
6235.740782501578 7.980495e-15
6238.032939197898 8.056863e-15
6240.325095894217 7.688083e-15
6242.617252590537 7.34464e-15
6244.909409286856 7.175213e-15
6247.201565983176 7.717664e-15
6249.4937226794955 7.646385e-15
6251.785879375815 7.447807e-15
6254.078036072135 7.463885e-15
6256.370192768454 7.152612e-15
6258.662349464774 7.529094e-15
6260.954506161093 8.166518e-15
6263.246662857413 7.9292304e-15
6265.5388195537325 7.124162e-15
6267.830976250052 6.8897592e-15
6270.123132946372 6.934536e-15
6272.415289642691 7.135376e-15
6274.707446339011 7.374924e-15
6276.99960303533 7.526056e-15
6279.29175973165 7.487799e-15
6281.58391642797 7.068218e-15
6283.876073124289 7.329201e-15
6286.168229820609 7.71644e-15
6288.460386516928 7.595099e-15
6290.752543213248 7.894858e-15
6293.0446999095675 7.627381e-15
6295.336856605887 8.021337e-15
6297.629013302207 7.588106e-15
6299.921169998526 7.148412e-15
6302.213326694846 6.839243e-15
6304.505483391165 6.7808384e-15
6306.797640087485 7.206593e-15
6309.089796783805 7.0452118e-15
6311.381953480124 7.206223e-15
6313.674110176444 8.1544014e-15
6315.966266872763 7.979766e-15
6318.258423569083 7.625236e-15
6320.5505802654025 6.821147e-15
6322.842736961722 6.8277225e-15
6325.134893658042 7.1021595e-15
6327.427050354361 7.4505e-15
6329.719207050681 7.079193e-15
6332.011363747 7.280297e-15
6334.30352044332 6.948052e-15
6336.5956771396395 6.319165e-15
6338.887833835959 6.0290933e-15
6341.179990532279 6.170446e-15
6343.472147228598 6.2247037e-15
6345.764303924918 6.589834e-15
6348.056460621237 6.8654655e-15
6350.348617317557 6.504383e-15
6352.640774013877 6.8287915e-15
6354.932930710196 6.7159582e-15
6357.225087406516 6.429347e-15
6359.517244102835 6.1678373e-15
6361.809400799155 6.2466986e-15
6364.1015574954745 6.460816e-15
6366.393714191794 6.625192e-15
6368.685870888114 6.3852257e-15
6370.978027584433 6.224952e-15
6373.270184280753 6.7439984e-15
6375.562340977072 6.576928e-15
6377.854497673392 6.677695e-15
6380.1466543697115 7.221546e-15
6382.438811066031 7.474171e-15
6384.730967762351 7.098066e-15
6387.02312445867 7.10194e-15
6389.31528115499 6.9842466e-15
6391.607437851309 6.628878e-15
6393.899594547629 6.4660395e-15
6396.191751243949 6.400247e-15
6398.483907940268 6.4558827e-15
6400.776064636588 6.672055e-15
6403.068221332907 7.070694e-15
6405.360378029227 7.16753e-15
6407.6525347255465 6.8933506e-15
6409.944691421866 6.7610034e-15
6412.236848118186 6.6497812e-15
6414.529004814505 6.480351e-15
6416.821161510825 6.7994198e-15
6419.113318207144 7.1736355e-15
6421.405474903464 7.294276e-15
6423.697631599784 7.292776e-15
6425.989788296103 7.414442e-15
6428.281944992423 7.502948e-15
6430.574101688742 7.0983165e-15
6432.866258385062 7.19683e-15
6435.1584150813815 7.357045e-15
6437.450571777701 7.482836e-15
6439.742728474021 7.308397e-15
6442.03488517034 7.902125e-15
6444.32704186666 8.3844674e-15
6446.619198562979 7.905076e-15
6448.911355259299 7.234821e-15
6451.2035119556185 6.8613836e-15
6453.495668651938 7.021792e-15
6455.787825348258 7.166056e-15
6458.079982044577 7.342592e-15
6460.372138740897 7.5977e-15
6462.664295437216 7.0465696e-15
6464.956452133536 6.4734425e-15
6467.248608829856 6.555314e-15
6469.540765526175 6.7009217e-15
6471.832922222495 7.2457816e-15
6474.125078918814 7.766072e-15
6476.417235615134 7.7242e-15
6478.7093923114535 7.245284e-15
6481.001549007773 7.324863e-15
6483.293705704093 7.005308e-15
6485.585862400412 6.6902135e-15
6487.878019096732 7.114814e-15
6490.170175793051 7.161506e-15
6492.462332489371 6.890885e-15
6494.7544891856905 6.383918e-15
6497.04664588201 6.796567e-15
6499.33880257833 6.775054e-15
6501.630959274649 6.7285434e-15
6503.923115970969 6.790122e-15
6506.215272667288 6.499669e-15
6508.507429363608 6.408874e-15
6510.799586059928 6.8576092e-15
6513.091742756247 7.0818604e-15
6515.383899452567 6.5989237e-15
6517.676056148886 6.3932437e-15
6519.968212845206 7.001217e-15
6522.2603695415255 7.327131e-15
6524.552526237845 6.750634e-15
6526.844682934165 6.453069e-15
6529.136839630484 6.7081943e-15
6531.428996326804 6.57406e-15
6533.721153023123 6.8101296e-15
6536.013309719443 7.0351126e-15
6538.305466415763 6.9991103e-15
6540.597623112082 7.026351e-15
6542.889779808402 6.7965305e-15
6545.181936504721 6.726581e-15
6547.474093201041 6.812492e-15
6549.7662498973605 6.80397e-15
6552.05840659368 7.071608e-15
6554.35056329 7.287053e-15
6556.642719986319 6.962251e-15
6558.934876682639 6.8519002e-15
6561.227033378958 6.268353e-15
6563.519190075278 6.388608e-15
6565.8113467715975 6.7572994e-15
6568.103503467917 6.8744135e-15
6570.395660164237 6.777905e-15
6572.687816860556 6.8591737e-15
6574.979973556876 6.8641017e-15
6577.272130253195 6.9268067e-15
6579.564286949515 7.0635856e-15
6581.856443645835 6.958944e-15
6584.148600342154 7.034707e-15
6586.440757038474 6.9416163e-15
6588.732913734793 7.112881e-15
6591.025070431113 7.589599e-15
6593.3172271274325 7.0073477e-15
6595.609383823752 6.5402175e-15
6597.901540520072 6.2748844e-15
6600.193697216391 6.822298e-15
6602.485853912711 6.9697716e-15
6604.77801060903 6.8378878e-15
6607.07016730535 6.2535155e-15
6609.36232400167 6.8268103e-15
6611.654480697989 6.837201e-15
6613.946637394309 6.542784e-15
6616.238794090628 6.3545055e-15
6618.530950786948 6.660487e-15
6620.823107483267 6.6077116e-15
6623.115264179587 6.9006538e-15
6625.407420875907 7.298e-15
6627.699577572226 7.1323766e-15
6629.991734268546 7.0023274e-15
6632.283890964865 6.9786646e-15
6634.576047661185 6.3566663e-15
6636.8682043575045 6.7461905e-15
6639.160361053824 6.7511575e-15
6641.452517750144 6.556655e-15
6643.744674446463 6.8564048e-15
6646.036831142783 6.760115e-15
6648.328987839102 6.6717626e-15
6650.621144535422 6.6025015e-15
6652.913301231742 5.754957e-15
6655.205457928061 5.562318e-15
6657.497614624381 6.2507584e-15
6659.7897713207 6.726325e-15
6662.08192801702 6.8033246e-15
6664.3740847133395 6.6510857e-15
6666.666241409659 6.347106e-15
6668.958398105979 6.1029097e-15
6671.250554802298 6.3413977e-15
6673.542711498618 6.7398547e-15
6675.834868194937 6.916257e-15
6678.127024891257 6.9079205e-15
6680.4191815875765 6.6289713e-15
6682.711338283896 6.4461274e-15
6685.003494980216 6.770702e-15
6687.295651676535 6.798476e-15
6689.587808372855 6.5932545e-15
6691.879965069174 6.8558245e-15
6694.172121765494 7.100214e-15
6696.464278461814 7.0208892e-15
6698.756435158133 6.6973506e-15
6701.048591854453 6.4159773e-15
6703.340748550772 6.647003e-15
6705.632905247092 6.5309866e-15
6707.9250619434115 6.567741e-15
6710.217218639731 6.487532e-15
6712.509375336051 6.672116e-15
6714.80153203237 6.632683e-15
6717.09368872869 6.4255445e-15
6719.385845425009 6.743357e-15
6721.678002121329 7.200952e-15
6723.970158817649 6.43259e-15
6726.262315513968 6.067174e-15
6728.554472210288 6.7495346e-15
6730.846628906607 6.6851516e-15
6733.138785602927 6.3966014e-15
6735.430942299246 6.307031e-15
6737.723098995566 6.493434e-15
6740.015255691886 6.2070142e-15
6742.307412388205 6.212531e-15
6744.599569084525 6.3048372e-15
6746.891725780844 6.145579e-15
6749.183882477164 6.229447e-15
6751.4760391734835 6.086782e-15
6753.768195869803 6.1687944e-15
6756.060352566123 6.555542e-15
6758.352509262442 6.7217917e-15
6760.644665958762 6.9488864e-15
6762.936822655081 6.6437952e-15
6765.228979351401 6.917208e-15
6767.521136047721 7.184522e-15
6769.81329274404 6.895673e-15
6772.10544944036 6.893764e-15
6774.397606136679 7.129749e-15
6776.689762832999 6.8559956e-15
6778.9819195293185 6.5367997e-15
6781.274076225638 6.387892e-15
6783.566232921958 6.3373946e-15
6785.858389618277 6.304158e-15
6788.150546314597 6.146674e-15
6790.442703010916 6.2981694e-15
6792.734859707236 6.778652e-15
6795.0270164035555 6.9608177e-15
6797.319173099875 7.207279e-15
6799.611329796195 7.3421095e-15
6801.903486492514 6.710449e-15
6804.195643188834 6.660757e-15
6806.487799885153 6.9453424e-15
6808.779956581473 7.370788e-15
6811.072113277793 7.038998e-15
6813.364269974112 5.584927e-15
6815.656426670432 5.4383988e-15
6817.948583366751 6.270806e-15
6820.240740063071 6.547844e-15
6822.5328967593905 6.679552e-15
6824.82505345571 6.234819e-15
6827.11721015203 6.174501e-15
6829.409366848349 7.04211e-15
6831.701523544669 6.7213877e-15
6833.993680240988 6.3044044e-15
6836.285836937308 6.489078e-15
6838.577993633628 5.95371e-15
6840.870150329947 6.1643594e-15
6843.162307026267 7.036826e-15
6845.454463722586 6.822012e-15
6847.746620418906 6.3531994e-15
6850.0387771152255 5.96067e-15
6852.330933811545 6.361801e-15
6854.623090507865 6.8868768e-15
6856.915247204184 6.568505e-15
6859.207403900504 6.326854e-15
6861.499560596823 6.123767e-15
6863.791717293143 6.685992e-15
6866.0838739894625 6.8991545e-15
6868.376030685782 6.8191997e-15
6870.668187382102 6.7023633e-15
6872.960344078421 6.0894605e-15
6875.252500774741 6.2975883e-15
6877.54465747106 6.5115056e-15
6879.83681416738 6.6035697e-15
6882.1289708637 6.6853295e-15
6884.421127560019 6.6630356e-15
6886.713284256339 6.345167e-15
6889.005440952658 6.2052007e-15
6891.297597648978 6.632002e-15
6893.5897543452975 6.3756695e-15
6895.881911041617 6.245373e-15
6898.174067737937 6.5203012e-15
6900.466224434256 6.7668166e-15
6902.758381130576 7.0741676e-15
6905.050537826895 6.8740713e-15
6907.342694523215 6.4065464e-15
6909.6348512195345 6.2742238e-15
6911.927007915854 6.293287e-15
6914.219164612174 6.5394637e-15
6916.511321308493 6.6223746e-15
6918.803478004813 6.095271e-15
6921.095634701132 6.2169982e-15
6923.387791397452 6.7881652e-15
6925.679948093772 6.9787714e-15
6927.972104790091 6.446234e-15
6930.264261486411 6.75225e-15
6932.55641818273 6.6184876e-15
6934.84857487905 6.218291e-15
6937.1407315753695 6.450349e-15
6939.432888271689 6.494566e-15
6941.725044968009 6.359248e-15
6944.017201664328 6.234842e-15
6946.309358360648 6.0769362e-15
6948.601515056967 6.357924e-15
6950.893671753287 6.2401468e-15
6953.185828449607 5.9748637e-15
6955.477985145926 6.5815104e-15
6957.770141842246 6.6775046e-15
6960.062298538565 6.6391823e-15
6962.354455234885 6.4907178e-15
6964.6466119312045 6.3691075e-15
6966.938768627524 6.4721644e-15
6969.230925323844 6.752518e-15
6971.523082020163 6.6273493e-15
6973.815238716483 6.7011495e-15
6976.107395412802 6.7741485e-15
6978.399552109122 6.418597e-15
6980.6917088054415 6.516405e-15
6982.983865501761 6.764805e-15
6985.276022198081 6.399323e-15
6987.5681788944 6.705085e-15
6989.86033559072 6.7607425e-15
6992.152492287039 6.3788162e-15
6994.444648983359 6.2547115e-15
6996.736805679679 5.8686017e-15
6999.028962375998 6.385069e-15
7001.321119072318 6.801722e-15
7003.613275768637 6.6687827e-15
7005.905432464957 6.4337074e-15
7008.1975891612765 6.519871e-15
7010.489745857596 6.374582e-15
7012.781902553916 6.326878e-15
7015.074059250235 6.6474544e-15
7017.366215946555 6.4129754e-15
7019.658372642874 5.797839e-15
7021.950529339194 5.805712e-15
7024.2426860355135 6.126789e-15
7026.534842731833 6.2582614e-15
7028.826999428153 6.533697e-15
7031.119156124472 6.325854e-15
7033.411312820792 6.1224338e-15
7035.703469517111 6.4175807e-15
7037.995626213431 6.6728358e-15
7040.287782909751 6.628181e-15
7042.57993960607 6.6657563e-15
7044.87209630239 6.191627e-15
7047.164252998709 6.102548e-15
7049.456409695029 6.0765686e-15
7051.7485663913485 5.9803e-15
7054.040723087668 6.352283e-15
7056.332879783988 6.4307427e-15
7058.625036480307 5.8175036e-15
7060.917193176627 5.861912e-15
7063.209349872946 5.3394797e-15
7065.501506569266 4.195526e-15
7067.793663265586 3.497741e-15
7070.085819961905 3.1183327e-15
7072.377976658225 3.0817062e-15
7074.670133354544 3.451364e-15
7076.962290050864 3.5336254e-15
7079.2544467471835 3.51828e-15
7081.546603443503 3.9964166e-15
7083.838760139823 4.8324225e-15
7086.130916836142 5.2623044e-15
7088.423073532462 4.6291943e-15
7090.715230228781 4.1983336e-15
7093.007386925101 3.846224e-15
7095.2995436214205 3.4787933e-15
7097.59170031774 3.348021e-15
7099.88385701406 3.119236e-15
7102.176013710379 3.5801825e-15
7104.468170406699 4.398267e-15
7106.760327103018 4.6922415e-15
7109.052483799338 4.6217773e-15
7111.344640495658 4.243558e-15
7113.636797191977 4.6946958e-15
7115.928953888297 4.8240818e-15
7118.221110584616 4.7642893e-15
7120.513267280936 5.141991e-15
7122.8054239772555 5.7462038e-15
7125.097580673575 6.1845026e-15
7127.389737369895 6.0256467e-15
7129.681894066214 5.500848e-15
7131.974050762534 5.0323955e-15
7134.266207458853 5.2385176e-15
7136.558364155173 5.8264745e-15
7138.850520851493 5.7223056e-15
7141.142677547812 5.4989794e-15
7143.434834244132 5.86787e-15
7145.726990940451 5.6773163e-15
7148.019147636771 5.2560376e-15
7150.31130433309 5.513031e-15
7152.60346102941 5.6429708e-15
7154.89561772573 5.093077e-15
7157.187774422049 4.914692e-15
7159.479931118369 5.067561e-15
7161.772087814688 5.059243e-15
7164.064244511008 4.9680308e-15
7166.3564012073275 4.794735e-15
7168.648557903647 5.002549e-15
7170.940714599967 5.5417457e-15
7173.232871296286 5.476196e-15
7175.525027992606 5.159303e-15
7177.817184688925 4.798976e-15
7180.109341385245 4.605386e-15
7182.401498081565 5.001356e-15
7184.693654777884 5.431472e-15
7186.985811474204 5.5509567e-15
7189.277968170523 5.58409e-15
7191.570124866843 5.5080117e-15
7193.8622815631625 5.8558445e-15
7196.154438259482 5.523888e-15
7198.446594955802 5.934855e-15
7200.738751652121 5.9972923e-15
7203.030908348441 6.0892182e-15
7205.32306504476 6.2308565e-15
7207.61522174108 5.838954e-15
7209.9073784373995 5.7821095e-15
7212.199535133719 5.8916656e-15
7214.491691830039 6.04949e-15
7216.783848526358 6.231379e-15
7219.076005222678 5.967895e-15
7221.368161918997 5.976818e-15
7223.660318615317 6.3322074e-15
7225.952475311637 6.387479e-15
7228.244632007956 6.2380275e-15
7230.536788704276 5.8977947e-15
7232.828945400595 5.9269106e-15
7235.121102096915 6.1887675e-15
7237.4132587932345 5.5782346e-15
7239.705415489554 5.408364e-15
7241.997572185874 5.731666e-15
7244.289728882193 5.7209664e-15
7246.581885578513 5.7078577e-15
7248.874042274832 5.885926e-15
7251.166198971152 6.110146e-15
7253.458355667472 5.9233734e-15
7255.750512363791 5.9211474e-15
7258.042669060111 5.6167356e-15
7260.33482575643 5.6616436e-15
7262.62698245275 5.715199e-15
7264.919139149069 5.4192456e-15
7267.211295845389 5.6253525e-15
7269.503452541709 5.856324e-15
7271.795609238028 5.8963437e-15
7274.087765934348 5.3263685e-15
7276.379922630667 5.746064e-15
7278.672079326987 6.490988e-15
7280.9642360233065 5.6589094e-15
7283.256392719626 5.290052e-15
7285.548549415946 6.0122797e-15
7287.840706112265 5.5102377e-15
7290.132862808585 5.4116274e-15
7292.425019504904 5.8679283e-15
7294.717176201224 5.8679283e-15
