3207.8576660156 1.2056561e-14
3210.1598944302013 1.0389835e-14
3212.4621228448027 2.9172719e-15
3214.764351259404 2.6728627e-15
3217.0665796740054 4.0667754e-15
3219.368808088607 1.1264465e-14
3221.671036503208 1.0927418e-14
3223.9732649178095 2.947437e-15
3226.275493332411 6.7433686e-15
3228.577721747012 6.659144e-15
3230.8799501616136 3.0977255e-15
3233.182178576215 5.1502064e-15
3235.4844069908163 4.092323e-15
3237.7866354054177 3.7966338e-15
3240.088863820019 6.074401e-15
3242.3910922346204 5.004522e-15
3244.6933206492217 7.594095e-15
3246.995549063823 5.9290388e-15
3249.2977774784245 2.737273e-15
3251.600005893026 7.903742e-15
3253.902234307627 5.8299347e-15
3256.2044627222285 7.350129e-15
3258.50669113683 1.1835618e-14
3260.8089195514312 7.894511e-15
3263.1111479660326 6.9462555e-15
3265.413376380634 5.336323e-15
3267.7156047952353 4.2118243e-15
3270.0178332098367 3.2417541e-15
3272.320061624438 7.199904e-15
3274.6222900390394 8.916881e-15
3276.9245184536408 8.0876e-15
3279.226746868242 7.292164e-15
3281.5289752828435 4.4766725e-15
3283.831203697445 5.3519565e-15
3286.133432112046 6.3730103e-15
3288.4356605266476 7.990153e-15
3290.737888941249 9.968156e-15
3293.0401173558503 7.2505825e-15
3295.3423457704516 8.814986e-15
3297.644574185053 8.4174475e-15
3299.9468025996543 5.6543612e-15
3302.2490310142557 4.9463975e-15
3304.551259428857 5.355513e-15
3306.8534878434584 6.413559e-15
3309.15571625806 5.7286782e-15
3311.457944672661 5.7508175e-15
3313.7601730872625 6.1135255e-15
3316.062401501864 7.318454e-15
3318.364629916465 5.841116e-15
3320.6668583310666 5.6665356e-15
3322.969086745668 7.194897e-15
3325.2713151602693 7.132055e-15
3327.5735435748707 6.4713444e-15
3329.875771989472 7.0279484e-15
3332.1780004040734 6.1841867e-15
3334.4802288186747 7.3019475e-15
3336.782457233276 6.752065e-15
3339.0846856478774 6.6279727e-15
3341.386914062479 6.9082254e-15
3343.68914247708 6.9881264e-15
3345.9913708916815 7.29241e-15
3348.293599306283 7.567028e-15
3350.5958277208842 8.1825805e-15
3352.8980561354856 7.864174e-15
3355.200284550087 8.704463e-15
3357.5025129646883 8.095839e-15
3359.8047413792897 8.329657e-15
3362.106969793891 8.282399e-15
3364.4091982084924 8.58416e-15
3366.7114266230938 8.901345e-15
3369.013655037695 7.682487e-15
3371.3158834522965 8.486898e-15
3373.618111866898 8.584688e-15
3375.920340281499 7.350379e-15
3378.2225686961006 8.4221265e-15
3380.524797110702 8.173818e-15
3382.8270255253033 8.2850715e-15
3385.1292539399046 7.497522e-15
3387.431482354506 7.777993e-15
3389.7337107691073 7.624299e-15
3392.0359391837087 7.935396e-15
3394.33816759831 8.654206e-15
3396.6403960129114 8.396973e-15
3398.942624427513 9.174544e-15
3401.244852842114 8.950383e-15
3403.5470812567155 8.013137e-15
3405.849309671317 7.569267e-15
3408.151538085918 9.1446575e-15
3410.4537665005196 9.1434666e-15
3412.755994915121 8.5978045e-15
3415.0582233297223 9.130511e-15
3417.3604517443237 8.854807e-15
3419.662680158925 9.153429e-15
3421.9649085735264 8.8665105e-15
3424.2671369881277 8.82714e-15
3426.569365402729 8.713412e-15
3428.8715938173304 8.62633e-15
3431.173822231932 8.053662e-15
3433.476050646533 8.783592e-15
3435.7782790611345 8.512928e-15
3438.080507475736 8.5619285e-15
3440.3827358903372 8.7510896e-15
3442.6849643049386 8.341951e-15
3444.98719271954 8.901676e-15
3447.2894211341413 8.4451895e-15
3449.5916495487427 8.728546e-15
3451.893877963344 8.895117e-15
3454.1961063779454 8.726922e-15
3456.4983347925468 8.644001e-15
3458.800563207148 8.6652775e-15
3461.1027916217495 8.572081e-15
3463.405020036351 9.0697925e-15
3465.707248450952 9.359091e-15
3468.0094768655536 9.2292236e-15
3470.311705280155 9.079037e-15
3472.6139336947563 9.19211e-15
3474.9161621093576 9.595894e-15
3477.218390523959 9.926864e-15
3479.5206189385603 9.665836e-15
3481.8228473531617 9.939182e-15
3484.125075767763 9.684339e-15
3486.4273041823644 9.631011e-15
3488.729532596966 9.691142e-15
3491.031761011567 1.0536203e-14
3493.3339894261685 9.972159e-15
3495.63621784077 9.314667e-15
3497.938446255371 9.880217e-15
3500.2406746699726 9.829886e-15
3502.542903084574 9.7958784e-15
3504.8451314991753 9.806603e-15
3507.1473599137767 9.631488e-15
3509.449588328378 9.418483e-15
3511.7518167429794 9.506769e-15
3514.0540451575807 9.644107e-15
3516.356273572182 9.242764e-15
3518.6585019867834 9.79441e-15
3520.960730401385 9.264432e-15
3523.262958815986 9.0116504e-15
3525.5651872305875 9.3034906e-15
3527.867415645189 8.791396e-15
3530.1696440597902 9.140556e-15
3532.4718724743916 9.8249825e-15
3534.774100888993 9.558087e-15
3537.0763293035943 8.947646e-15
3539.3785577181957 9.046384e-15
3541.680786132797 9.3219356e-15
3543.9830145473984 9.647904e-15
3546.2852429619998 1.0240819e-14
3548.587471376601 9.612581e-15
3550.8896997912025 9.1727536e-15
3553.191928205804 9.383055e-15
3555.494156620405 9.5841405e-15
3557.7963850350066 9.77247e-15
3560.098613449608 1.0083551e-14
3562.4008418642093 1.0156525e-14
3564.7030702788106 9.885336e-15
3567.005298693412 9.612954e-15
3569.3075271080133 9.722118e-15
3571.6097555226147 9.790892e-15
3573.911983937216 9.762245e-15
3576.2142123518174 9.673494e-15
3578.516440766419 1.0139656e-14
3580.81866918102 1.0115169e-14
3583.1208975956215 9.251412e-15
3585.423126010223 9.08276e-15
3587.725354424824 9.510419e-15
3590.0275828394256 9.5566255e-15
3592.329811254027 9.9885666e-15
3594.6320396686283 1.03240475e-14
3596.9342680832297 9.609289e-15
3599.236496497831 9.37268e-15
3601.5387249124324 1.0074298e-14
3603.8409533270337 1.0063791e-14
3606.143181741635 1.0044357e-14
3608.4454101562364 1.0137181e-14
3610.747638570838 1.0154987e-14
3613.049866985439 1.0078051e-14
3615.3520954000405 9.944428e-15
3617.654323814642 9.903064e-15
3619.9565522292432 9.563872e-15
3622.2587806438446 9.410792e-15
3624.561009058446 9.575186e-15
3626.8632374730473 9.9958765e-15
3629.1654658876487 9.877203e-15
3631.46769430225 9.8995426e-15
3633.7699227168514 9.956779e-15
3636.0721511314528 9.732689e-15
3638.374379546054 9.922562e-15
3640.6766079606555 9.865573e-15
3642.978836375257 1.0302815e-14
3645.281064789858 1.0654024e-14
3647.5832932044596 1.0366375e-14
3649.885521619061 1.0618917e-14
3652.1877500336623 9.902388e-15
3654.4899784482636 8.565017e-15
3656.792206862865 9.592818e-15
3659.0944352774663 1.0160626e-14
3661.3966636920677 9.549889e-15
3663.698892106669 9.929665e-15
3666.0011205212704 9.96458e-15
3668.303348935872 1.0096494e-14
3670.605577350473 1.0249612e-14
3672.9078057650745 9.792843e-15
3675.210034179676 9.906794e-15
3677.512262594277 9.840284e-15
3679.8144910088786 9.547931e-15
3682.11671942348 9.841496e-15
3684.4189478380813 9.976194e-15
3686.7211762526827 9.224761e-15
3689.023404667284 9.185384e-15
3691.3256330818854 9.190589e-15
3693.6278614964867 8.735392e-15
3695.930089911088 8.949168e-15
3698.2323183256894 9.314996e-15
3700.534546740291 9.352696e-15
3702.836775154892 9.2218535e-15
3705.1390035694935 9.384803e-15
3707.441231984095 9.405505e-15
3709.7434603986962 9.080623e-15
3712.0456888132976 9.564319e-15
3714.347917227899 9.678809e-15
3716.6501456425003 9.914793e-15
3718.9523740571017 1.0272222e-14
3721.254602471703 1.0549339e-14
3723.5568308863044 1.049508e-14
3725.8590593009058 1.0795447e-14
3728.161287715507 1.1703569e-14
3730.4635161301085 1.2999122e-14
3732.76574454471 1.3199502e-14
3735.067972959311 1.3342532e-14
3737.3702013739126 1.3250075e-14
3739.672429788514 1.300831e-14
3741.9746582031153 1.2927338e-14
3744.2768866177166 1.2648476e-14
3746.579115032318 1.2402659e-14
3748.8813434469193 1.2617616e-14
3751.1835718615207 1.2728386e-14
3753.485800276122 1.2566128e-14
3755.7880286907234 1.2627672e-14
3758.090257105325 1.3001043e-14
3760.392485519926 1.2737391e-14
3762.6947139345275 1.269857e-14
3764.996942349129 1.2859506e-14
3767.29917076373 1.2696392e-14
3769.6013991783316 1.2477873e-14
3771.903627592933 1.2627966e-14
3774.2058560075343 1.2645687e-14
3776.5080844221357 1.2313786e-14
3778.810312836737 1.2012939e-14
3781.1125412513384 1.2479232e-14
3783.4147696659397 1.2052309e-14
3785.716998080541 1.1999704e-14
3788.0192264951424 1.2117477e-14
3790.321454909744 1.2594628e-14
3792.623683324345 1.25082355e-14
3794.9259117389465 1.26855195e-14
3797.228140153548 1.2428422e-14
3799.5303685681492 1.2630721e-14
3801.8325969827506 1.28735235e-14
3804.134825397352 1.2659275e-14
3806.4370538119533 1.2582461e-14
3808.7392822265547 1.2499669e-14
3811.041510641156 1.2631556e-14
3813.3437390557574 1.214253e-14
3815.6459674703588 1.21419894e-14
3817.94819588496 1.2255568e-14
3820.2504242995615 1.23097824e-14
3822.552652714163 1.1745245e-14
3824.854881128764 1.185525e-14
3827.1571095433656 1.1342969e-14
3829.459337957967 1.1070643e-14
3831.7615663725683 1.0942114e-14
3834.0637947871696 1.0705838e-14
3836.366023201771 1.0630367e-14
3838.6682516163723 1.06940756e-14
3840.9704800309737 1.0348721e-14
3843.272708445575 1.0170577e-14
3845.5749368601764 1.0114138e-14
3847.877165274778 9.6846935e-15
3850.179393689379 9.416091e-15
3852.4816221039805 9.202249e-15
3854.783850518582 9.1197174e-15
3857.086078933183 8.748822e-15
3859.3883073477846 8.833119e-15
3861.690535762386 9.065866e-15
3863.9927641769873 8.759865e-15
3866.2949925915887 8.333926e-15
3868.59722100619 8.385817e-15
3870.8994494207914 8.611077e-15
3873.2016778353927 8.84902e-15
3875.503906249994 9.024742e-15
3877.8061346645954 9.015053e-15
3880.108363079197 9.357272e-15
3882.410591493798 9.350371e-15
3884.7128199083995 9.252063e-15
3887.015048323001 8.901916e-15
3889.3172767376022 9.065735e-15
3891.6195051522036 9.078734e-15
3893.921733566805 9.159113e-15
3896.2239619814063 9.1890945e-15
3898.5261903960077 9.059727e-15
3900.828418810609 9.442554e-15
3903.1306472252104 9.429618e-15
3905.4328756398118 9.297686e-15
3907.735104054413 9.448892e-15
3910.0373324690145 9.7873895e-15
3912.339560883616 9.831007e-15
3914.641789298217 1.0354092e-14
3916.9440177128185 1.0581221e-14
3919.24624612742 1.0957168e-14
3921.5484745420213 1.1292553e-14
3923.8507029566226 1.1621545e-14
3926.152931371224 1.2020046e-14
3928.4551597858253 1.2442448e-14
3930.7573882004267 1.2812869e-14
3933.059616615028 1.2912263e-14
3935.3618450296294 1.2844968e-14
3937.664073444231 1.3321105e-14
3939.966301858832 1.3758816e-14
3942.2685302734335 1.3832312e-14
3944.570758688035 1.3798939e-14
3946.872987102636 1.3784492e-14
3949.1752155172376 1.4066339e-14
3951.477443931839 1.4314315e-14
3953.7796723464403 1.4185515e-14
3956.0819007610417 1.4437031e-14
3958.384129175643 1.4326271e-14
3960.6863575902444 1.40445e-14
3962.9885860048457 1.4024768e-14
3965.290814419447 1.4153327e-14
3967.5930428340484 1.4065875e-14
3969.89527124865 1.4214756e-14
3972.197499663251 1.4681536e-14
3974.4997280778525 1.4543027e-14
3976.801956492454 1.4476117e-14
3979.1041849070552 1.4526845e-14
3981.4064133216566 1.4668984e-14
3983.708641736258 1.4581293e-14
3986.0108701508593 1.421617e-14
3988.3130985654607 1.4051993e-14
3990.615326980062 1.3976327e-14
3992.9175553946634 1.4307394e-14
3995.2197838092648 1.4332467e-14
3997.522012223866 1.378695e-14
3999.8242406384675 1.3773398e-14
4002.126469053069 1.38918045e-14
4004.42869746767 1.3674363e-14
4006.7309258822715 1.3627892e-14
4009.033154296873 1.363721e-14
4011.3353827114743 1.33707784e-14
4013.6376111260756 1.31843296e-14
4015.939839540677 1.3180697e-14
4018.2420679552783 1.3097856e-14
4020.5442963698797 1.2607225e-14
4022.846524784481 1.2365731e-14
4025.1487531990824 1.2458145e-14
4027.450981613684 1.2410008e-14
4029.753210028285 1.21910225e-14
4032.0554384428865 1.2140141e-14
4034.357666857488 1.2240836e-14
4036.659895272089 1.2158397e-14
4038.9621236866906 1.2197068e-14
4041.264352101292 1.1967427e-14
4043.5665805158933 1.1882163e-14
4045.8688089304947 1.2033265e-14
4048.171037345096 1.22230225e-14
4050.4732657596974 1.2579544e-14
4052.7754941742987 1.2762846e-14
4055.0777225889 1.3032104e-14
4057.3799510035014 1.3426608e-14
4059.682179418103 1.3667779e-14
4061.984407832704 1.37868e-14
4064.2866362473055 1.3720734e-14
4066.588864661907 1.3988033e-14
4068.8910930765082 1.3938624e-14
4071.1933214911096 1.3978904e-14
4073.495549905711 1.447206e-14
4075.7977783203123 1.4586073e-14
4078.1000067349137 1.4264206e-14
4080.402235149515 1.4217302e-14
4082.7044635641164 1.3993118e-14
4085.0066919787178 1.4364149e-14
4087.308920393319 1.4470225e-14
4089.6111488079205 1.41277015e-14
4091.913377222522 1.3927606e-14
4094.215605637123 1.4255356e-14
4096.517834051724 1.4177512e-14
4098.820062466325 1.3796077e-14
4101.122290880926 1.40413024e-14
4103.424519295527 1.3522797e-14
4105.726747710128 1.3485377e-14
4108.028976124729 1.3691602e-14
4110.3312045393295 1.404787e-14
4112.63343295393 1.3997805e-14
4114.935661368531 1.3847352e-14
4117.237889783132 1.3795703e-14
4119.540118197733 1.3848436e-14
4121.842346612334 1.3759762e-14
4124.144575026935 1.3684496e-14
4126.446803441536 1.382428e-14
4128.749031856137 1.3800679e-14
4131.051260270738 1.3897478e-14
4133.353488685339 1.4063783e-14
4135.6557170999395 1.38936765e-14
4137.95794551454 1.4021113e-14
4140.260173929141 1.3829299e-14
4142.562402343742 1.3912008e-14
4144.864630758343 1.4109478e-14
4147.166859172944 1.3848152e-14
4149.469087587545 1.4105598e-14
4151.771316002146 1.3842305e-14
4154.073544416747 1.3781549e-14
4156.375772831348 1.3845121e-14
4158.6780012459485 1.3778785e-14
4160.980229660549 1.3684438e-14
4163.28245807515 1.3782003e-14
4165.584686489751 1.3655872e-14
4167.886914904352 1.3443795e-14
4170.189143318953 1.3123615e-14
4172.491371733554 1.3156881e-14
4174.793600148155 1.3043775e-14
4177.095828562756 1.2963697e-14
4179.398056977357 1.3236698e-14
4181.700285391958 1.3066412e-14
4184.002513806558 1.29371425e-14
4186.304742221159 1.2927827e-14
4188.60697063576 1.3209897e-14
4190.909199050361 1.3097358e-14
4193.211427464962 1.2850626e-14
4195.513655879563 1.3071296e-14
4197.815884294164 1.33208645e-14
4200.118112708765 1.3009269e-14
4202.420341123366 1.3027629e-14
4204.722569537967 1.2788208e-14
4207.0247979525675 1.261351e-14
4209.327026367168 1.2711319e-14
4211.629254781769 1.2342061e-14
4213.93148319637 1.2238458e-14
4216.233711610971 1.1820148e-14
4218.535940025572 1.1790928e-14
4220.838168440173 1.1606618e-14
4223.140396854774 1.146449e-14
4225.442625269375 1.085847e-14
4227.744853683976 1.0757915e-14
4230.0470820985765 1.0893662e-14
4232.349310513177 1.0471676e-14
4234.651538927778 1.0347452e-14
4236.953767342379 1.0293272e-14
4239.25599575698 9.959375e-15
4241.558224171581 9.792632e-15
4243.860452586182 9.687039e-15
4246.162681000783 9.458197e-15
4248.464909415384 9.5384075e-15
4250.767137829985 9.485923e-15
4253.069366244586 9.275675e-15
4255.3715946591865 9.268885e-15
4257.673823073787 9.222638e-15
4259.976051488388 9.19622e-15
4262.278279902989 9.216022e-15
4264.58050831759 9.139789e-15
4266.882736732191 9.182974e-15
4269.184965146792 9.427958e-15
4271.487193561393 9.5593775e-15
4273.789421975994 9.686416e-15
4276.091650390595 9.67366e-15
4278.3938788051955 1.0021911e-14
4280.696107219796 1.0276713e-14
4282.998335634397 1.0400592e-14
4285.300564048998 1.0941005e-14
4287.602792463599 1.1148981e-14
4289.9050208782 1.1413747e-14
4292.207249292801 1.1643226e-14
4294.509477707402 1.1943734e-14
4296.811706122003 1.2298127e-14
4299.113934536604 1.2399685e-14
4301.416162951205 1.2629158e-14
4303.7183913658055 1.2876103e-14
4306.020619780406 1.2801649e-14
4308.322848195007 1.28824944e-14
4310.625076609608 1.2947702e-14
4312.927305024209 1.2854046e-14
4315.22953343881 1.2917475e-14
4317.531761853411 1.2861293e-14
4319.833990268012 1.2674134e-14
4322.136218682613 1.2700706e-14
4324.438447097214 1.2983728e-14
4326.7406755118145 1.303829e-14
4329.042903926415 1.28709485e-14
4331.345132341016 1.293859e-14
4333.647360755617 1.2927847e-14
4335.949589170218 1.2641312e-14
4338.251817584819 1.2728241e-14
4340.55404599942 1.26695826e-14
4342.856274414021 1.279946e-14
4345.158502828622 1.3178766e-14
4347.460731243223 1.3053068e-14
4349.762959657824 1.31771865e-14
4352.0651880724245 1.3204339e-14
4354.367416487025 1.3121041e-14
4356.669644901626 1.2929992e-14
4358.971873316227 1.3055685e-14
4361.274101730828 1.285535e-14
4363.576330145429 1.2746889e-14
4365.87855856003 1.2625982e-14
4368.180786974631 1.25106216e-14
4370.483015389232 1.2708583e-14
4372.785243803833 1.2673082e-14
4375.0874722184335 1.2516492e-14
4377.389700633034 1.2421397e-14
4379.691929047635 1.2412428e-14
4381.994157462236 1.2328314e-14
4384.296385876837 1.2379549e-14
4386.598614291438 1.22201655e-14
4388.900842706039 1.2259068e-14
4391.20307112064 1.2172063e-14
4393.505299535241 1.2107521e-14
4395.807527949842 1.21560485e-14
4398.109756364443 1.2279111e-14
4400.411984779043 1.2203616e-14
4402.714213193644 1.215144e-14
4405.016441608245 1.22012775e-14
4407.318670022846 1.2160803e-14
4409.620898437447 1.1997603e-14
4411.923126852048 1.1963393e-14
4414.225355266649 1.1931225e-14
4416.52758368125 1.2026684e-14
4418.829812095851 1.1926312e-14
4421.132040510452 1.1734582e-14
4423.4342689250525 1.1722884e-14
4425.736497339653 1.1787581e-14
4428.038725754254 1.1777209e-14
4430.340954168855 1.16789445e-14
4432.643182583456 1.1723366e-14
4434.945410998057 1.1823843e-14
4437.247639412658 1.1698705e-14
4439.549867827259 1.1610889e-14
4441.85209624186 1.1646177e-14
4444.154324656461 1.162704e-14
4446.4565530710615 1.14680045e-14
4448.758781485662 1.1595715e-14
4451.061009900263 1.13913006e-14
4453.363238314864 1.13821535e-14
4455.665466729465 1.13332085e-14
4457.967695144066 1.1300856e-14
4460.269923558667 1.12906815e-14
4462.572151973268 1.11726915e-14
4464.874380387869 1.09120646e-14
4467.17660880247 1.0986572e-14
4469.478837217071 1.08997e-14
4471.7810656316715 1.0940265e-14
4474.083294046272 1.1015775e-14
4476.385522460873 1.098522e-14
4478.687750875474 1.0663093e-14
4480.989979290075 1.0849221e-14
4483.292207704676 1.0479479e-14
4485.594436119277 1.06851936e-14
4487.896664533878 1.07465145e-14
4490.198892948479 1.0741017e-14
4492.50112136308 1.05173294e-14
4494.8033497776805 1.0611122e-14
4497.105578192281 1.0652601e-14
4499.407806606882 1.0639421e-14
4501.710035021483 1.0732607e-14
4504.012263436084 1.07242265e-14
4506.314491850685 1.0758231e-14
4508.616720265286 1.0878499e-14
4510.918948679887 1.0847717e-14
4513.221177094488 1.1064011e-14
4515.523405509089 1.1191628e-14
4517.82563392369 1.1086926e-14
4520.1278623382905 1.1274256e-14
4522.430090752891 1.150155e-14
4524.732319167492 1.1754272e-14
4527.034547582093 1.1802032e-14
4529.336775996694 1.1834146e-14
4531.639004411295 1.2085818e-14
4533.941232825896 1.2093573e-14
4536.243461240497 1.220638e-14
4538.545689655098 1.2608877e-14
4540.847918069699 1.2662232e-14
4543.1501464842995 1.2696763e-14
4545.4523748989 1.27014174e-14
4547.754603313501 1.2740327e-14
4550.056831728102 1.2907108e-14
4552.359060142703 1.28901135e-14
4554.661288557304 1.295228e-14
4556.963516971905 1.3058723e-14
4559.265745386506 1.2711668e-14
4561.567973801107 1.2725019e-14
4563.870202215708 1.3007315e-14
4566.172430630309 1.2946923e-14
4568.4746590449095 1.2802224e-14
4570.77688745951 1.31312765e-14
4573.079115874111 1.298853e-14
4575.381344288712 1.3067699e-14
4577.683572703313 1.3136408e-14
4579.985801117914 1.2957432e-14
4582.288029532515 1.2992864e-14
4584.590257947116 1.30209555e-14
4586.892486361717 1.2815161e-14
4589.194714776318 1.2674297e-14
4591.4969431909185 1.2942437e-14
4593.799171605519 1.287622e-14
4596.10140002012 1.26666425e-14
4598.403628434721 1.26046795e-14
4600.705856849322 1.2590683e-14
4603.008085263923 1.2628584e-14
4605.310313678524 1.2808936e-14
4607.612542093125 1.294306e-14
4609.914770507726 1.2955804e-14
4612.216998922327 1.2717563e-14
4614.5192273369275 1.2815018e-14
4616.821455751528 1.29398835e-14
4619.123684166129 1.293124e-14
4621.42591258073 1.29351265e-14
4623.728140995331 1.3024536e-14
4626.030369409932 1.30153685e-14
4628.332597824533 1.2934067e-14
4630.634826239134 1.2966377e-14
4632.937054653735 1.3012926e-14
4635.239283068336 1.29073794e-14
4637.541511482937 1.287368e-14
4639.8437398975375 1.2869616e-14
4642.145968312138 1.28535064e-14
4644.448196726739 1.287224e-14
4646.75042514134 1.2776964e-14
4649.052653555941 1.2610921e-14
4651.354881970542 1.2744213e-14
4653.657110385143 1.2887478e-14
4655.959338799744 1.2808772e-14
4658.261567214345 1.2730186e-14
4660.563795628946 1.2612963e-14
4662.8660240435465 1.266074e-14
4665.168252458147 1.2774321e-14
4667.470480872748 1.2564029e-14
4669.772709287349 1.2458525e-14
4672.07493770195 1.2554132e-14
4674.377166116551 1.2447001e-14
4676.679394531152 1.23554096e-14
4678.981622945753 1.23662685e-14
4681.283851360354 1.2174054e-14
4683.586079774955 1.2205196e-14
4685.888308189556 1.2240345e-14
4688.1905366041565 1.22563796e-14
4690.492765018757 1.2272674e-14
4692.794993433358 1.2274009e-14
4695.097221847959 1.20722405e-14
4697.39945026256 1.19840085e-14
4699.701678677161 1.2079595e-14
4702.003907091762 1.2037141e-14
4704.306135506363 1.19307394e-14
4706.608363920964 1.1779675e-14
4708.910592335565 1.1756e-14
4711.2128207501655 1.1864204e-14
4713.515049164766 1.163898e-14
4715.817277579367 1.1607435e-14
4718.119505993968 1.1461665e-14
4720.421734408569 1.14326375e-14
4722.72396282317 1.134383e-14
4725.026191237771 1.12904655e-14
4727.328419652372 1.1082927e-14
4729.630648066973 1.0966547e-14
4731.932876481574 1.0851958e-14
4734.235104896175 1.0831748e-14
4736.5373333107755 1.0551248e-14
4738.839561725376 1.03776046e-14
4741.141790139977 1.0296601e-14
4743.444018554578 1.0142895e-14
4745.746246969179 1.00968665e-14
4748.04847538378 9.8589206e-15
4750.350703798381 9.752759e-15
4752.652932212982 9.654874e-15
4754.955160627583 9.486584e-15
4757.257389042184 9.334921e-15
4759.5596174567845 9.280556e-15
4761.861845871385 9.189646e-15
4764.164074285986 9.05966e-15
4766.466302700587 8.985825e-15
4768.768531115188 8.889951e-15
4771.070759529789 8.786078e-15
4773.37298794439 8.730077e-15
4775.675216358991 8.7602434e-15
4777.977444773592 8.9324164e-15
4780.279673188193 9.068311e-15
4782.581901602794 9.121101e-15
4784.884130017394 9.255489e-15
4787.186358431995 9.376745e-15
4789.488586846596 9.532433e-15
4791.790815261197 9.807699e-15
4794.093043675798 1.0262211e-14
4796.395272090399 1.05644905e-14
4798.697500505 1.07132575e-14
4800.999728919601 1.11473085e-14
4803.301957334202 1.1372347e-14
4805.604185748803 1.1575574e-14
4807.9064141634035 1.1840576e-14
4810.208642578004 1.2064428e-14
4812.510870992605 1.2202182e-14
4814.813099407206 1.2577907e-14
4817.115327821807 1.2812671e-14
4819.417556236408 1.3043263e-14
4821.719784651009 1.3475214e-14
4824.02201306561 1.3422575e-14
4826.324241480211 1.3457293e-14
4828.626469894812 1.3512708e-14
4830.9286983094125 1.3757974e-14
4833.230926724013 1.3865037e-14
4835.533155138614 1.4014606e-14
4837.835383553215 1.4049113e-14
4840.137611967816 1.3914605e-14
4842.439840382417 1.3925828e-14
4844.742068797018 1.3781012e-14
4847.044297211619 1.3938595e-14
4849.34652562622 1.3793461e-14
4851.648754040821 1.3634463e-14
4853.950982455422 1.3727711e-14
4856.2532108700225 1.3833777e-14
4858.555439284623 1.3793603e-14
4860.857667699224 1.3636175e-14
4863.159896113825 1.3654524e-14
4865.462124528426 1.389808e-14
4867.764352943027 1.4222557e-14
4870.066581357628 1.4222075e-14
4872.368809772229 1.4327118e-14
4874.67103818683 1.4335894e-14
4876.973266601431 1.4442456e-14
4879.2754950160315 1.4322089e-14
4881.577723430632 1.4189567e-14
4883.879951845233 1.41823936e-14
4886.182180259834 1.3997833e-14
4888.484408674435 1.38840686e-14
4890.786637089036 1.39543604e-14
4893.088865503637 1.3778718e-14
4895.391093918238 1.3763961e-14
4897.693322332839 1.3881464e-14
4899.99555074744 1.3839615e-14
4902.297779162041 1.38103335e-14
4904.6000075766415 1.3734925e-14
4906.902235991242 1.3657974e-14
4909.204464405843 1.3641218e-14
4911.506692820444 1.3565646e-14
4913.808921235045 1.3451194e-14
4916.111149649646 1.33876e-14
4918.413378064247 1.32028525e-14
4920.715606478848 1.3011006e-14
4923.017834893449 1.3078194e-14
4925.32006330805 1.3013728e-14
4927.6222917226505 1.2806581e-14
4929.924520137251 1.2820886e-14
4932.226748551852 1.2507197e-14
4934.528976966453 1.2218678e-14
4936.831205381054 1.2089165e-14
4939.133433795655 1.1873073e-14
4941.435662210256 1.1787643e-14
4943.737890624857 1.16103145e-14
4946.040119039458 1.1406274e-14
4948.342347454059 1.1538439e-14
4950.64457586866 1.1643715e-14
4952.9468042832605 1.1502087e-14
4955.249032697861 1.1430181e-14
4957.551261112462 1.14294924e-14
4959.853489527063 1.1579686e-14
4962.155717941664 1.16995e-14
4964.457946356265 1.1799471e-14
4966.760174770866 1.1981839e-14
4969.062403185467 1.21730264e-14
4971.364631600068 1.2201099e-14
4973.666860014669 1.2181282e-14
4975.9690884292695 1.2209364e-14
4978.27131684387 1.2161931e-14
4980.573545258471 1.199529e-14
4982.875773673072 1.1938433e-14
4985.178002087673 1.178429e-14
4987.480230502274 1.1860714e-14
4989.782458916875 1.1944627e-14
4992.084687331476 1.2039461e-14
4994.386915746077 1.206888e-14
4996.689144160678 1.2080139e-14
4998.991372575279 1.20829385e-14
5001.293600989879 1.2016423e-14
5003.59582940448 1.2061906e-14
5005.898057819081 1.1948924e-14
5008.200286233682 1.20794174e-14
5010.502514648283 1.21894055e-14
5012.804743062884 1.21989185e-14
5015.106971477485 1.2255924e-14
5017.409199892086 1.2312692e-14
5019.711428306687 1.2196987e-14
5022.013656721288 1.2167635e-14
5024.3158851358885 1.2186128e-14
5026.618113550489 1.2128085e-14
5028.92034196509 1.2131441e-14
5031.222570379691 1.1909011e-14
5033.524798794292 1.1898053e-14
5035.827027208893 1.18750445e-14
5038.129255623494 1.170617e-14
5040.431484038095 1.1710568e-14
5042.733712452696 1.1720007e-14
5045.035940867297 1.1626497e-14
5047.3381692818975 1.1618977e-14
5049.640397696498 1.1593616e-14
5051.942626111099 1.1363735e-14
5054.2448545257 1.1380284e-14
5056.547082940301 1.1329697e-14
5058.849311354902 1.1315785e-14
5061.151539769503 1.120835e-14
5063.453768184104 1.1157152e-14
5065.755996598705 1.11305694e-14
5068.058225013306 1.1101054e-14
5070.360453427907 1.0982758e-14
5072.6626818425075 1.0718933e-14
5074.964910257108 1.0700134e-14
5077.267138671709 1.0604365e-14
5079.56936708631 1.0585202e-14
5081.871595500911 1.0562164e-14
5084.173823915512 1.0441762e-14
5086.476052330113 1.0092581e-14
5088.778280744714 1.017656e-14
5091.080509159315 9.972704e-15
5093.382737573916 9.969169e-15
5095.6849659885165 9.916628e-15
5097.987194403117 9.872987e-15
5100.289422817718 9.9616885e-15
5102.591651232319 9.983159e-15
5104.89387964692 9.896378e-15
5107.196108061521 9.835833e-15
5109.498336476122 9.951376e-15
5111.800564890723 1.0026252e-14
5114.102793305324 1.0002956e-14
5116.405021719925 1.0222313e-14
5118.707250134526 1.01991525e-14
5121.0094785491265 1.0391237e-14
5123.311706963727 1.0541401e-14
5125.613935378328 1.0493868e-14
5127.916163792929 1.05479285e-14
5130.21839220753 1.05092276e-14
5132.520620622131 1.0523435e-14
5134.822849036732 1.0629444e-14
5137.125077451333 1.0767375e-14
5139.427305865934 1.0746209e-14
5141.729534280535 1.0838087e-14
5144.0317626951355 1.0917847e-14
5146.333991109736 1.08811275e-14
5148.636219524337 1.09021865e-14
5150.938447938938 1.0887153e-14
5153.240676353539 1.08012625e-14
5155.54290476814 1.0768538e-14
5157.845133182741 1.0953231e-14
5160.147361597342 1.1072039e-14
5162.449590011943 1.11860975e-14
5164.751818426544 1.1152465e-14
5167.054046841145 1.1181984e-14
5169.3562752557455 1.1185171e-14
5171.658503670346 1.1185182e-14
5173.960732084947 1.1299202e-14
5176.262960499548 1.1257618e-14
5178.565188914149 1.1302834e-14
5180.86741732875 1.1390449e-14
5183.169645743351 1.1301717e-14
5185.471874157952 1.12240565e-14
5187.774102572553 1.1209398e-14
5190.076330987154 1.1166691e-14
5192.3785594017545 1.1205848e-14
5194.680787816355 1.1108772e-14
5196.983016230956 1.1024779e-14
5199.285244645557 1.1106843e-14
5201.587473060158 1.1166865e-14
5203.889701474759 1.11154025e-14
5206.19192988936 1.1153149e-14
5208.494158303961 1.1219583e-14
5210.796386718562 1.1274306e-14
5213.098615133163 1.1288662e-14
5215.4008435477635 1.1256658e-14
5217.703071962364 1.1165345e-14
5220.005300376965 1.1067448e-14
5222.307528791566 1.1027757e-14
5224.609757206167 1.1122165e-14
5226.911985620768 1.1165483e-14
5229.214214035369 1.10803675e-14
5231.51644244997 1.1117863e-14
5233.818670864571 1.1042669e-14
5236.120899279172 1.0981784e-14
5238.423127693773 1.0909338e-14
5240.7253561083735 1.0831269e-14
5243.027584522974 1.0865166e-14
5245.329812937575 1.0874025e-14
5247.632041352176 1.0796185e-14
5249.934269766777 1.0822596e-14
5252.236498181378 1.0900951e-14
5254.538726595979 1.0901723e-14
5256.84095501058 1.0840593e-14
5259.143183425181 1.0835068e-14
5261.445411839782 1.092274e-14
5263.7476402543825 1.09611645e-14
5266.049868668983 1.100425e-14
5268.352097083584 1.1071245e-14
5270.654325498185 1.1015556e-14
5272.956553912786 1.1064912e-14
5275.258782327387 1.0899927e-14
5277.561010741988 1.0906193e-14
5279.863239156589 1.1067577e-14
5282.16546757119 1.10344956e-14
5284.467695985791 1.1050528e-14
5286.769924400392 1.1144988e-14
5289.0721528149925 1.10986464e-14
5291.374381229593 1.1109673e-14
5293.676609644194 1.122196e-14
5295.978838058795 1.131451e-14
5298.281066473396 1.1089825e-14
5300.583294887997 1.1013568e-14
5302.885523302598 1.1111452e-14
5305.187751717199 1.101047e-14
5307.4899801318 1.1061298e-14
5309.792208546401 1.1098384e-14
5312.0944369610015 1.1134229e-14
5314.396665375602 1.11167475e-14
5316.698893790203 1.11665675e-14
5319.001122204804 1.1179499e-14
5321.303350619405 1.1109711e-14
5323.605579034006 1.1070849e-14
5325.907807448607 1.1048887e-14
5328.210035863208 1.10187e-14
5330.512264277809 1.1048142e-14
5332.81449269241 1.0965364e-14
5335.116721107011 1.093832e-14
5337.4189495216115 1.1059671e-14
5339.721177936212 1.1046212e-14
5342.023406350813 1.0897981e-14
5344.325634765414 1.09166114e-14
5346.627863180015 1.0859678e-14
5348.930091594616 1.077872e-14
5351.232320009217 1.087024e-14
5353.534548423818 1.08269505e-14
5355.836776838419 1.0858364e-14
5358.13900525302 1.0733291e-14
5360.4412336676205 1.0632435e-14
5362.743462082221 1.074002e-14
5365.045690496822 1.0795068e-14
5367.347918911423 1.0849127e-14
5369.650147326024 1.0750253e-14
5371.952375740625 1.0718235e-14
5374.254604155226 1.0908718e-14
5376.556832569827 1.0794172e-14
5378.859060984428 1.0869556e-14
5381.161289399029 1.075377e-14
5383.46351781363 1.0821059e-14
5385.7657462282305 1.0816815e-14
5388.067974642831 1.0789441e-14
5390.370203057432 1.0847692e-14
5392.672431472033 1.0737291e-14
5394.974659886634 1.0812272e-14
5397.276888301235 1.0742901e-14
5399.579116715836 1.0763565e-14
5401.881345130437 1.0693462e-14
5404.183573545038 1.0584735e-14
5406.485801959639 1.0686568e-14
5408.7880303742395 1.060462e-14
5411.09025878884 1.06321075e-14
5413.392487203441 1.05564336e-14
5415.694715618042 1.0549124e-14
5417.996944032643 1.0578555e-14
5420.299172447244 1.0488895e-14
5422.601400861845 1.0465958e-14
5424.903629276446 1.0517266e-14
5427.205857691047 1.042531e-14
5429.508086105648 1.0448617e-14
5431.8103145202485 1.0409238e-14
5434.112542934849 1.0370765e-14
5436.41477134945 1.0212927e-14
5438.716999764051 1.0388687e-14
5441.019228178652 1.0393691e-14
5443.321456593253 1.039009e-14
5445.623685007854 1.02940854e-14
5447.925913422455 1.0245909e-14
5450.228141837056 1.0299323e-14
5452.530370251657 1.0368526e-14
5454.832598666258 1.0419106e-14
5457.1348270808585 1.0352706e-14
5459.437055495459 1.0207962e-14
5461.73928391006 1.0263826e-14
5464.041512324661 1.0248518e-14
5466.343740739262 1.0284094e-14
5468.645969153863 1.0305725e-14
5470.948197568464 1.0227629e-14
5473.250425983065 1.0442094e-14
5475.552654397666 1.0504398e-14
5477.854882812267 1.039914e-14
5480.1571112268675 1.0441739e-14
5482.459339641468 1.0485879e-14
5484.761568056069 1.06198916e-14
5487.06379647067 1.0470593e-14
5489.366024885271 1.03058795e-14
5491.668253299872 1.0301889e-14
5493.970481714473 1.0438842e-14
5496.272710129074 1.0497613e-14
5498.574938543675 1.0564236e-14
5500.877166958276 1.0418058e-14
5503.179395372877 1.0305351e-14
5505.4816237874775 1.0372287e-14
5507.783852202078 1.0525388e-14
5510.086080616679 1.0462262e-14
5512.38830903128 1.05013535e-14
5514.690537445881 1.0472482e-14
5516.992765860482 1.0435899e-14
5519.294994275083 1.0514535e-14
5521.597222689684 1.0454164e-14
5523.899451104285 1.0364247e-14
5526.201679518886 1.0353071e-14
5528.5039079334865 1.0363647e-14
5530.806136348087 1.04538655e-14
5533.108364762688 1.0349787e-14
5535.410593177289 1.0275733e-14
5537.71282159189 1.0316732e-14
5540.015050006491 1.03712815e-14
5542.317278421092 1.03233004e-14
5544.619506835693 1.0225357e-14
5546.921735250294 1.014597e-14
5549.223963664895 1.01268405e-14
5551.526192079496 1.0214167e-14
5553.8284204940965 1.0175118e-14
5556.130648908697 1.0071601e-14
5558.432877323298 1.00518704e-14
5560.735105737899 1.0080135e-14
5563.0373341525 1.0060803e-14
5565.339562567101 1.0058476e-14
5567.641790981702 1.00010374e-14
5569.944019396303 1.0034823e-14
5572.246247810904 1.0094117e-14
5574.548476225505 9.934711e-15
5576.8507046401055 9.9226835e-15
5579.152933054706 9.975199e-15
5581.455161469307 9.779193e-15
5583.757389883908 9.8122025e-15
5586.059618298509 9.9762744e-15
5588.36184671311 9.934784e-15
5590.664075127711 9.93451e-15
5592.966303542312 9.891111e-15
5595.268531956913 1.0027782e-14
5597.570760371514 1.0038528e-14
5599.872988786115 9.9911475e-15
5602.175217200715 9.9770884e-15
5604.477445615316 9.868202e-15
5606.779674029917 9.943812e-15
5609.081902444518 9.938863e-15
5611.384130859119 9.931127e-15
5613.68635927372 9.900281e-15
5615.988587688321 9.987432e-15
5618.290816102922 9.9744914e-15
5620.593044517523 1.0000316e-14
5622.895272932124 1.00239175e-14
5625.1975013467245 9.9913635e-15
5627.499729761325 9.849321e-15
5629.801958175926 1.00126714e-14
5632.104186590527 1.0078374e-14
5634.406415005128 1.0074587e-14
5636.708643419729 1.0172255e-14
5639.01087183433 9.913048e-15
5641.313100248931 9.828997e-15
5643.615328663532 1.0013366e-14
5645.917557078133 9.987576e-15
5648.2197854927335 9.857135e-15
5650.522013907334 9.907092e-15
5652.824242321935 9.966118e-15
5655.126470736536 9.978984e-15
5657.428699151137 9.994129e-15
5659.730927565738 1.0102207e-14
5662.033155980339 9.995229e-15
5664.33538439494 9.987575e-15
5666.637612809541 9.9252144e-15
5668.939841224142 9.882113e-15
5671.242069638743 9.910774e-15
5673.5442980533435 9.941756e-15
5675.846526467944 9.900019e-15
5678.148754882545 9.964472e-15
5680.450983297146 9.950459e-15
5682.753211711747 1.0017594e-14
5685.055440126348 9.858297e-15
5687.357668540949 9.815366e-15
5689.65989695555 9.7321206e-15
5691.962125370151 9.744314e-15
5694.264353784752 9.966722e-15
5696.5665821993525 9.708309e-15
5698.868810613953 9.7364345e-15
5701.171039028554 9.806548e-15
5703.473267443155 9.736369e-15
5705.775495857756 9.56228e-15
5708.077724272357 9.686937e-15
5710.379952686958 9.725418e-15
5712.682181101559 9.761746e-15
5714.98440951616 9.7878714e-15
5717.286637930761 9.695932e-15
5719.588866345362 9.793993e-15
5721.8910947599625 9.633494e-15
5724.193323174563 9.713305e-15
5726.495551589164 9.705194e-15
5728.797780003765 9.64391e-15
5731.100008418366 9.688747e-15
5733.402236832967 9.544127e-15
5735.704465247568 9.5805855e-15
5738.006693662169 9.6860615e-15
5740.30892207677 9.589989e-15
5742.611150491371 9.636259e-15
5744.9133789059715 9.66907e-15
5747.215607320572 9.730123e-15
5749.517835735173 9.669641e-15
5751.820064149774 9.634869e-15
5754.122292564375 9.556782e-15
5756.424520978976 9.637064e-15
5758.726749393577 9.558535e-15
5761.028977808178 9.543309e-15
5763.331206222779 9.613206e-15
5765.63343463738 9.584627e-15
5767.935663051981 9.491789e-15
5770.2378914665815 9.763587e-15
5772.540119881182 9.573281e-15
5774.842348295783 9.427478e-15
5777.144576710384 9.456346e-15
5779.446805124985 9.5499915e-15
5781.749033539586 9.54253e-15
5784.051261954187 9.634321e-15
5786.353490368788 9.523802e-15
5788.655718783389 9.518238e-15
5790.95794719799 9.731156e-15
5793.2601756125905 9.458246e-15
5795.562404027191 9.36868e-15
5797.864632441792 9.656536e-15
5800.166860856393 9.602552e-15
5802.469089270994 9.576776e-15
5804.771317685595 9.6144025e-15
5807.073546100196 9.59675e-15
5809.375774514797 9.530564e-15
5811.678002929398 9.465896e-15
5813.980231343999 9.419496e-15
5816.2824597585995 9.444329e-15
5818.5846881732 9.480785e-15
5820.886916587801 9.481319e-15
5823.189145002402 9.471678e-15
5825.491373417003 9.449348e-15
5827.793601831604 9.4960025e-15
5830.095830246205 9.487519e-15
5832.398058660806 9.569408e-15
5834.700287075407 9.476669e-15
5837.002515490008 9.4256725e-15
5839.304743904609 9.419248e-15
5841.6069723192095 9.434904e-15
5843.90920073381 9.6338326e-15
5846.211429148411 9.6014005e-15
5848.513657563012 9.528921e-15
5850.815885977613 9.477051e-15
5853.118114392214 9.488779e-15
5855.420342806815 9.522203e-15
5857.722571221416 9.486742e-15
5860.024799636017 9.60764e-15
5862.327028050618 9.456947e-15
5864.6292564652185 9.486839e-15
5866.931484879819 9.48803e-15
5869.23371329442 9.536861e-15
5871.535941709021 9.559815e-15
5873.838170123622 9.501631e-15
5876.140398538223 9.5564044e-15
5878.442626952824 9.5748545e-15
5880.744855367425 9.412751e-15
5883.047083782026 9.474623e-15
5885.349312196627 9.315209e-15
5887.651540611228 9.3366206e-15
5889.9537690258285 9.331607e-15
5892.255997440429 9.25569e-15
5894.55822585503 9.244863e-15
5896.860454269631 9.286757e-15
5899.162682684232 9.285511e-15
5901.464911098833 9.308497e-15
5903.767139513434 9.297329e-15
5906.069367928035 9.299508e-15
5908.371596342636 9.438652e-15
5910.673824757237 9.558038e-15
5912.9760531718375 9.424255e-15
5915.278281586438 9.273626e-15
5917.580510001039 9.240531e-15
5919.88273841564 9.263942e-15
5922.184966830241 9.343625e-15
5924.487195244842 9.41495e-15
5926.789423659443 9.508891e-15
5929.091652074044 9.5251676e-15
5931.393880488645 9.4980905e-15
5933.696108903246 9.4375835e-15
5935.998337317847 9.48601e-15
5938.3005657324475 9.430854e-15
5940.602794147048 9.389153e-15
5942.905022561649 9.357324e-15
5945.20725097625 9.347566e-15
5947.509479390851 9.3885005e-15
5949.811707805452 9.49371e-15
5952.113936220053 9.376466e-15
5954.416164634654 9.187909e-15
5956.718393049255 9.3475e-15
5959.020621463856 9.410182e-15
5961.3228498784565 9.272835e-15
5963.625078293057 9.437813e-15
5965.927306707658 9.451117e-15
5968.229535122259 9.288868e-15
5970.53176353686 9.303741e-15
5972.833991951461 9.322656e-15
5975.136220366062 9.333712e-15
5977.438448780663 9.285099e-15
5979.740677195264 9.1871514e-15
5982.042905609865 9.285768e-15
5984.345134024466 9.294326e-15
5986.6473624390665 9.3019905e-15
5988.949590853667 9.278629e-15
5991.251819268268 9.270496e-15
5993.554047682869 9.393156e-15
5995.85627609747 9.360473e-15
5998.158504512071 9.186677e-15
6000.460732926672 9.241708e-15
6002.762961341273 9.107548e-15
6005.065189755874 9.138309e-15
6007.367418170475 9.310753e-15
6009.6696465850755 9.34341e-15
6011.971874999676 9.360624e-15
6014.274103414277 9.218327e-15
6016.576331828878 9.2629685e-15
6018.878560243479 9.267194e-15
6021.18078865808 9.21176e-15
6023.483017072681 9.339081e-15
6025.785245487282 9.24702e-15
6028.087473901883 9.205486e-15
6030.389702316484 9.313867e-15
6032.6919307310845 9.2096325e-15
6034.994159145685 9.2285984e-15
6037.296387560286 9.2471315e-15
6039.598615974887 9.259213e-15
6041.900844389488 9.248698e-15
6044.203072804089 9.1583565e-15
6046.50530121869 9.19495e-15
6048.807529633291 9.271946e-15
6051.109758047892 9.311835e-15
6053.411986462493 9.270074e-15
6055.714214877094 9.234135e-15
6058.0164432916945 9.234372e-15
6060.318671706295 9.251585e-15
6062.620900120896 9.196733e-15
6064.923128535497 9.201731e-15
6067.225356950098 9.1999425e-15
6069.527585364699 9.14026e-15
6071.8298137793 9.1755445e-15
6074.132042193901 9.042404e-15
6076.434270608502 9.098205e-15
6078.736499023103 9.072853e-15
6081.0387274377035 9.08479e-15
6083.340955852304 9.1100215e-15
6085.643184266905 9.138047e-15
6087.945412681506 9.339457e-15
6090.247641096107 9.230658e-15
6092.549869510708 9.21128e-15
6094.852097925309 9.211141e-15
6097.15432633991 9.233501e-15
6099.456554754511 9.163553e-15
6101.758783169112 9.1139026e-15
6104.061011583713 9.0834915e-15
6106.3632399983135 9.1117486e-15
6108.665468412914 9.307207e-15
6110.967696827515 9.085652e-15
6113.269925242116 9.050203e-15
6115.572153656717 9.13721e-15
6117.874382071318 9.221245e-15
6120.176610485919 9.244299e-15
6122.47883890052 9.126218e-15
6124.781067315121 9.031607e-15
6127.083295729722 9.107572e-15
6129.3855241443225 9.1408645e-15
6131.687752558923 9.112215e-15
6133.989980973524 9.077334e-15
6136.292209388125 9.119515e-15
6138.594437802726 9.170328e-15
6140.896666217327 9.182287e-15
6143.198894631928 9.153205e-15
6145.501123046529 9.065932e-15
6147.80335146113 9.10064e-15
6150.105579875731 9.198545e-15
6152.407808290332 8.947078e-15
6154.7100367049325 9.102991e-15
6157.012265119533 9.082461e-15
6159.314493534134 8.973481e-15
6161.616721948735 9.032723e-15
6163.918950363336 8.980888e-15
6166.221178777937 9.059042e-15
6168.523407192538 9.0794326e-15
6170.825635607139 9.061089e-15
6173.12786402174 8.992914e-15
6175.430092436341 9.147505e-15
6177.7323208509415 9.1727426e-15
6180.034549265542 9.063984e-15
6182.336777680143 8.96178e-15
6184.639006094744 8.959658e-15
6186.941234509345 8.9835145e-15
6189.243462923946 9.0448186e-15
6191.545691338547 9.0686236e-15
6193.847919753148 9.030023e-15
6196.150148167749 9.0469895e-15
6198.45237658235 9.031628e-15
6200.754604996951 8.9835315e-15
6203.056833411551 9.003212e-15
6205.359061826152 9.065973e-15
6207.661290240753 9.002667e-15
6209.963518655354 9.059852e-15
6212.265747069955 9.021992e-15
6214.567975484556 8.907547e-15
6216.870203899157 8.986193e-15
6219.172432313758 9.010981e-15
6221.474660728359 9.0088984e-15
6223.77688914296 9.023803e-15
6226.0791175575605 9.022496e-15
6228.381345972161 9.095149e-15
6230.683574386762 9.13979e-15
6232.985802801363 8.870518e-15
6235.288031215964 8.928976e-15
6237.590259630565 8.9961345e-15
6239.892488045166 8.958215e-15
6242.194716459767 8.921027e-15
6244.496944874368 8.8706745e-15
6246.799173288969 8.856698e-15
6249.1014017035695 8.8292216e-15
6251.40363011817 8.755136e-15
6253.705858532771 8.640357e-15
6256.008086947372 8.611767e-15
6258.310315361973 8.537299e-15
6260.612543776574 8.5461245e-15
6262.914772191175 8.717669e-15
6265.217000605776 8.594022e-15
6267.519229020377 8.528072e-15
6269.821457434978 8.52062e-15
6272.123685849579 8.479703e-15
6274.4259142641795 8.380359e-15
6276.72814267878 8.274709e-15
6279.030371093381 8.2353464e-15
6281.332599507982 8.307798e-15
6283.634827922583 8.344742e-15
6285.937056337184 8.3361035e-15
6288.239284751785 8.32962e-15
6290.541513166386 8.37432e-15
6292.843741580987 8.339882e-15
6295.145969995588 8.305955e-15
6297.4481984101885 8.266737e-15
6299.750426824789 8.3122155e-15
6302.05265523939 8.418468e-15
6304.354883653991 8.248287e-15
6306.657112068592 8.290295e-15
6308.959340483193 8.434783e-15
6311.261568897794 8.500498e-15
6313.563797312395 8.556602e-15
6315.866025726996 8.5706216e-15
6318.168254141597 8.496251e-15
6320.470482556198 8.6205525e-15
6322.7727109707985 8.5718845e-15
6325.074939385399 8.4948435e-15
6327.3771678 8.6130494e-15
6329.679396214601 8.627853e-15
6331.981624629202 8.617304e-15
6334.283853043803 8.541294e-15
6336.586081458404 8.6015205e-15
6338.888309873005 8.609989e-15
6341.190538287606 8.6142895e-15
6343.492766702207 8.506666e-15
6345.7949951168075 8.57148e-15
6348.097223531408 8.597618e-15
6350.399451946009 8.619968e-15
6352.70168036061 8.736074e-15
6355.003908775211 8.626283e-15
6357.306137189812 8.456368e-15
6359.608365604413 8.36319e-15
6361.910594019014 8.421728e-15
6364.212822433615 8.432544e-15
6366.515050848216 8.407811e-15
6368.817279262817 8.3652745e-15
6371.1195076774175 8.412288e-15
6373.421736092018 8.3228e-15
6375.723964506619 8.203e-15
6378.02619292122 8.2617645e-15
6380.328421335821 8.274871e-15
6382.630649750422 8.246215e-15
6384.932878165023 8.227804e-15
6387.235106579624 8.098015e-15
6389.537334994225 8.007629e-15
6391.839563408826 7.9809655e-15
6394.1417918234265 7.877832e-15
6396.444020238027 7.8061845e-15
6398.746248652628 7.7229694e-15
6401.048477067229 7.683321e-15
6403.35070548183 7.64766e-15
6405.652933896431 7.679822e-15
6407.955162311032 7.69083e-15
6410.257390725633 7.547819e-15
6412.559619140234 7.519511e-15
6414.861847554835 7.52889e-15
6417.1640759694355 7.444476e-15
6419.466304384036 7.376133e-15
6421.768532798637 7.441442e-15
6424.070761213238 7.419697e-15
6426.372989627839 7.32221e-15
6428.67521804244 7.385913e-15
6430.977446457041 7.416912e-15
6433.279674871642 7.485713e-15
6435.581903286243 7.523029e-15
6437.884131700844 7.548847e-15
6440.186360115445 7.598922e-15
6442.4885885300455 7.580761e-15
6444.790816944646 7.758616e-15
6447.093045359247 7.797638e-15
6449.395273773848 7.7991685e-15
6451.697502188449 7.907181e-15
6453.99973060305 8.025969e-15
6456.301959017651 8.038193e-15
6458.604187432252 8.154377e-15
6460.906415846853 8.375497e-15
6463.208644261454 8.460598e-15
6465.5108726760545 8.686981e-15
6467.813101090655 8.880712e-15
6470.115329505256 9.013735e-15
6472.417557919857 9.1279896e-15
6474.719786334458 9.234815e-15
6477.022014749059 9.582402e-15
6479.32424316366 9.665219e-15
6481.626471578261 9.771305e-15
6483.928699992862 1.0016557e-14
6486.230928407463 1.0198532e-14
6488.533156822064 1.0397195e-14
6490.8353852366645 1.0455604e-14
6493.137613651265 1.0568088e-14
6495.439842065866 1.07401525e-14
6497.742070480467 1.0878487e-14
6500.044298895068 1.1011709e-14
6502.346527309669 1.09984145e-14
6504.64875572427 1.10179894e-14
6506.950984138871 1.11537815e-14
6509.253212553472 1.1266034e-14
6511.555440968073 1.1332553e-14
6513.8576693826735 1.14849434e-14
6516.159897797274 1.1482489e-14
6518.462126211875 1.141608e-14
6520.764354626476 1.15721955e-14
6523.066583041077 1.17136195e-14
6525.368811455678 1.1699736e-14
6527.671039870279 1.176034e-14
6529.97326828488 1.1867587e-14
6532.275496699481 1.1937776e-14
6534.577725114082 1.1942749e-14
6536.879953528683 1.1998317e-14
6539.1821819432835 1.2053718e-14
6541.484410357884 1.202555e-14
6543.786638772485 1.199017e-14
6546.088867187086 1.1914027e-14
6548.391095601687 1.20279805e-14
6550.693324016288 1.2121981e-14
6552.995552430889 1.2181165e-14
6555.29778084549 1.23322805e-14
6557.600009260091 1.214794e-14
6559.902237674692 1.2039453e-14
6562.2044660892925 1.2134458e-14
6564.506694503893 1.2080366e-14
6566.808922918494 1.1958941e-14
6569.111151333095 1.1910769e-14
6571.413379747696 1.1919637e-14
6573.715608162297 1.1895238e-14
6576.017836576898 1.18786655e-14
6578.320064991499 1.1774059e-14
6580.6222934061 1.1725417e-14
6582.924521820701 1.1701017e-14
6585.226750235302 1.1676629e-14
6587.5289786499025 1.1676296e-14
6589.831207064503 1.1491361e-14
6592.133435479104 1.14848494e-14
6594.435663893705 1.1612506e-14
6596.737892308306 1.1528373e-14
6599.040120722907 1.145485e-14
6601.342349137508 1.1385626e-14
6603.644577552109 1.1351281e-14
6605.94680596671 1.1232677e-14
6608.249034381311 1.0991978e-14
6610.5512627959115 1.088429e-14
6612.853491210512 1.0928519e-14
6615.155719625113 1.0804784e-14
6617.457948039714 1.0597228e-14
6619.760176454315 1.0606892e-14
6622.062404868916 1.067889e-14
6624.364633283517 1.0592467e-14
6626.666861698118 1.0451341e-14
6628.969090112719 1.0401327e-14
6631.27131852732 1.041916e-14
6633.5735469419205 1.0364328e-14
6635.875775356521 1.020283e-14
6638.178003771122 1.0036542e-14
6640.480232185723 9.978902e-15
6642.782460600324 9.999957e-15
6645.084689014925 9.951446e-15
6647.386917429526 9.833243e-15
6649.689145844127 9.857069e-15
6651.991374258728 9.797118e-15
6654.293602673329 9.7788175e-15
6656.59583108793 9.771745e-15
6658.8980595025305 9.690052e-15
6661.200287917131 9.691243e-15
6663.502516331732 9.649367e-15
6665.804744746333 9.609712e-15
6668.106973160934 9.5511045e-15
6670.409201575535 9.4522575e-15
6672.711429990136 9.295782e-15
6675.013658404737 9.283869e-15
6677.315886819338 9.278401e-15
6679.618115233939 9.153718e-15
6681.9203436485395 9.101694e-15
6684.22257206314 9.103912e-15
6686.524800477741 9.044882e-15
6688.827028892342 9.033204e-15
6691.129257306943 9.066327e-15
6693.431485721544 9.0229405e-15
6695.733714136145 8.960087e-15
6698.035942550746 8.861739e-15
6700.338170965347 8.776787e-15
6702.640399379948 8.7077765e-15
6704.942627794549 8.68749e-15
6707.2448562091495 8.708146e-15
6709.54708462375 8.6487095e-15
6711.849313038351 8.683596e-15
6714.151541452952 8.620792e-15
6716.453769867553 8.586881e-15
6718.755998282154 8.670485e-15
6721.058226696755 8.6007e-15
6723.360455111356 8.559259e-15
6725.662683525957 8.53025e-15
6727.964911940558 8.542831e-15
6730.2671403551585 8.547258e-15
6732.569368769759 8.51453e-15
6734.87159718436 8.479576e-15
6737.173825598961 8.457689e-15
6739.476054013562 8.465225e-15
6741.778282428163 8.4465744e-15
6744.080510842764 8.411389e-15
6746.382739257365 8.427528e-15
6748.684967671966 8.4181844e-15
6750.987196086567 8.369468e-15
6753.289424501168 8.376175e-15
6755.5916529157685 8.275481e-15
6757.893881330369 8.229549e-15
6760.19610974497 8.174154e-15
6762.498338159571 8.101959e-15
6764.800566574172 8.171588e-15
6767.102794988773 8.200813e-15
6769.405023403374 8.206625e-15
6771.707251817975 8.181614e-15
6774.009480232576 8.133942e-15
6776.311708647177 8.110125e-15
6778.6139370617775 8.044759e-15
6780.916165476378 8.186196e-15
6783.218393890979 8.1575465e-15
6785.52062230558 8.058349e-15
6787.822850720181 8.125542e-15
6790.125079134782 8.006805e-15
6792.427307549383 7.9419884e-15
6794.729535963984 8.052241e-15
6797.031764378585 8.115299e-15
6799.333992793186 8.029325e-15
6801.636221207787 7.955743e-15
6803.938449622387 7.982635e-15
6806.240678036988 7.996075e-15
6808.542906451589 7.924366e-15
6810.84513486619 7.968806e-15
6813.147363280791 7.986756e-15
6815.449591695392 7.981468e-15
6817.751820109993 8.0223016e-15
6820.054048524594 7.950018e-15
6822.356276939195 7.881443e-15
6824.658505353796 7.832288e-15
6826.9607337683965 8.010288e-15
6829.262962182997 8.0150035e-15
6831.565190597598 7.884714e-15
6833.867419012199 7.937444e-15
6836.1696474268 7.968712e-15
6838.471875841401 7.815816e-15
6840.774104256002 7.754682e-15
6843.076332670603 7.858273e-15
6845.378561085204 7.963461e-15
6847.680789499805 7.850758e-15
6849.9830179144055 7.842686e-15
6852.285246329006 7.811477e-15
6854.587474743607 7.771387e-15
6856.889703158208 7.82352e-15
6859.191931572809 7.7338055e-15
6861.49415998741 7.727196e-15
6863.796388402011 7.48257e-15
6866.098616816612 7.127129e-15
6868.400845231213 6.900906e-15
6870.703073645814 6.9103667e-15
6873.005302060415 6.9910317e-15
6875.3075304750155 7.1559546e-15
6877.609758889616 7.352449e-15
6879.911987304217 7.428882e-15
6882.214215718818 7.392652e-15
6884.516444133419 7.304323e-15
6886.81867254802 7.196513e-15
6889.120900962621 7.239576e-15
6891.423129377222 7.286263e-15
6893.725357791823 7.221904e-15
6896.027586206424 7.1813545e-15
6898.3298146210245 7.275731e-15
6900.632043035625 7.238499e-15
6902.934271450226 7.347292e-15
6905.236499864827 7.501983e-15
6907.538728279428 7.494576e-15
6909.840956694029 7.473675e-15
6912.14318510863 7.487751e-15
6914.445413523231 7.531487e-15
6916.747641937832 7.47725e-15
6919.049870352433 7.4219636e-15
6921.352098767034 7.524292e-15
6923.6543271816345 7.526379e-15
6925.956555596235 7.6508615e-15
6928.258784010836 7.5992035e-15
6930.561012425437 7.549853e-15
6932.863240840038 7.603489e-15
6935.165469254639 7.506441e-15
6937.46769766924 7.516968e-15
6939.769926083841 7.500707e-15
6942.072154498442 7.467501e-15
6944.374382913043 7.560817e-15
6946.6766113276435 7.5517e-15
6948.978839742244 7.568019e-15
6951.281068156845 7.6135895e-15
6953.583296571446 7.625643e-15
6955.885524986047 7.640552e-15
6958.187753400648 7.6521854e-15
6960.489981815249 7.650958e-15
6962.79221022985 7.6408775e-15
6965.094438644451 7.638442e-15
6967.396667059052 7.587193e-15
6969.698895473653 7.602069e-15
6972.0011238882535 7.583035e-15
6974.303352302854 7.56146e-15
6976.605580717455 7.56263e-15
6978.907809132056 7.566558e-15
6981.210037546657 7.5981185e-15
6983.512265961258 7.6209375e-15
6985.814494375859 7.5987885e-15
6988.11672279046 7.550346e-15
6990.418951205061 7.521517e-15
6992.721179619662 7.491076e-15
6995.0234080342625 7.41381e-15
6997.325636448863 7.479424e-15
6999.627864863464 7.40988e-15
7001.930093278065 7.383574e-15
7004.232321692666 7.474967e-15
7006.534550107267 7.508462e-15
7008.836778521868 7.633957e-15
7011.139006936469 7.587995e-15
7013.44123535107 7.488324e-15
7015.743463765671 7.4623704e-15
7018.0456921802715 7.464948e-15
7020.347920594872 7.546054e-15
7022.650149009473 7.570647e-15
7024.952377424074 7.62065e-15
7027.254605838675 7.542715e-15
7029.556834253276 7.428718e-15
7031.859062667877 7.486091e-15
7034.161291082478 7.4944975e-15
7036.463519497079 7.494277e-15
7038.76574791168 7.501883e-15
7041.067976326281 7.495216e-15
7043.3702047408815 7.529823e-15
7045.672433155482 7.5315095e-15
7047.974661570083 7.454705e-15
7050.276889984684 7.5026155e-15
7052.579118399285 7.497373e-15
7054.881346813886 7.543236e-15
7057.183575228487 7.53999e-15
7059.485803643088 7.40141e-15
7061.788032057689 7.4346945e-15
7064.09026047229 7.422629e-15
7066.3924888868905 7.406582e-15
7068.694717301491 7.337553e-15
7070.996945716092 7.310057e-15
7073.299174130693 7.3613685e-15
7075.601402545294 7.389904e-15
7077.903630959895 7.417567e-15
7080.205859374496 7.384615e-15
7082.508087789097 7.441156e-15
7084.810316203698 7.567435e-15
7087.112544618299 7.55824e-15
7089.4147730329 7.488321e-15
7091.7170014475005 7.4312335e-15
7094.019229862101 7.368833e-15
7096.321458276702 7.434862e-15
7098.623686691303 7.453735e-15
7100.925915105904 7.4313995e-15
7103.228143520505 7.372559e-15
7105.530371935106 7.3354e-15
7107.832600349707 7.367332e-15
7110.134828764308 7.400256e-15
7112.437057178909 7.394589e-15
7114.7392855935095 7.412471e-15
7117.04151400811 7.449769e-15
7119.343742422711 7.433093e-15
7121.645970837312 7.378337e-15
7123.948199251913 7.526645e-15
7126.250427666514 7.457577e-15
7128.552656081115 7.449149e-15
7130.854884495716 7.515629e-15
7133.157112910317 7.444896e-15
7135.459341324918 7.358279e-15
7137.761569739519 7.377356e-15
7140.0637981541195 7.3716295e-15
7142.36602656872 7.2940955e-15
7144.668254983321 7.381416e-15
7146.970483397922 7.370102e-15
7149.272711812523 7.429868e-15
7151.574940227124 7.397417e-15
7153.877168641725 7.466489e-15
7156.179397056326 7.513304e-15
7158.481625470927 7.406794e-15
7160.783853885528 7.474929e-15
7163.0860823001285 7.417831e-15
7165.388310714729 7.335433e-15
7167.69053912933 7.328477e-15
7169.992767543931 7.2820735e-15
7172.294995958532 7.260826e-15
7174.597224373133 7.270154e-15
7176.899452787734 7.367037e-15
7179.201681202335 7.276028e-15
7181.503909616936 7.113961e-15
7183.806138031537 7.134093e-15
7186.108366446138 7.193503e-15
7188.4105948607385 7.132984e-15
7190.712823275339 7.2197844e-15
7193.01505168994 7.2238705e-15
7195.317280104541 7.177677e-15
7197.619508519142 7.17929e-15
7199.921736933743 7.234722e-15
7202.223965348344 7.221412e-15
7204.526193762945 7.2786185e-15
7206.828422177546 7.348892e-15
7209.130650592147 7.322593e-15
7211.4328790067475 7.387116e-15
7213.735107421348 7.359415e-15
7216.037335835949 7.376682e-15
7218.33956425055 7.301995e-15
7220.641792665151 7.196578e-15
7222.944021079752 7.245869e-15
7225.246249494353 7.2166225e-15
7227.548477908954 7.192552e-15
7229.850706323555 7.211082e-15
7232.152934738156 7.181471e-15
7234.4551631527565 7.266614e-15
7236.757391567357 7.319681e-15
7239.059619981958 7.219046e-15
7241.361848396559 7.248002e-15
7243.66407681116 7.27636e-15
7245.966305225761 7.2414405e-15
7248.268533640362 7.238816e-15
7250.570762054963 7.232211e-15
7252.872990469564 7.068731e-15
7255.175218884165 7.128295e-15
7257.477447298766 7.213976e-15
7259.7796757133665 7.1013692e-15
7262.081904127967 7.1531805e-15
7264.384132542568 7.222579e-15
7266.686360957169 7.228458e-15
7268.98858937177 7.283857e-15
7271.290817786371 7.274037e-15
7273.593046200972 7.278559e-15
7275.895274615573 7.305702e-15
7278.197503030174 7.3029326e-15
7280.499731444775 7.314746e-15
7282.8019598593755 7.2087594e-15
7285.104188273976 7.134004e-15
7287.406416688577 7.154892e-15
7289.708645103178 7.154948e-15
7292.010873517779 7.0932983e-15
7294.31310193238 7.1368455e-15
7296.615330346981 7.1492876e-15
7298.917558761582 7.0822246e-15
7301.219787176183 7.0110315e-15
7303.522015590784 7.111084e-15
7305.824244005385 7.201881e-15
7308.1264724199855 7.207412e-15
7310.428700834586 7.309026e-15
7312.730929249187 7.22997e-15
7315.033157663788 7.143733e-15
7317.335386078389 7.228596e-15
7319.63761449299 7.1220275e-15
7321.939842907591 7.14988e-15
7324.242071322192 7.142795e-15
7326.544299736793 7.071604e-15
7328.846528151394 7.159468e-15
7331.1487565659945 7.076704e-15
7333.450984980595 7.0428558e-15
7335.753213395196 7.114096e-15
7338.055441809797 7.196839e-15
7340.357670224398 7.153059e-15
7342.659898638999 7.114304e-15
7344.9621270536 7.0795585e-15
7347.264355468201 7.124329e-15
7349.566583882802 7.148714e-15
7351.868812297403 7.1996725e-15
7354.171040712004 7.185995e-15
7356.4732691266045 7.214282e-15
7358.775497541205 7.0682316e-15
7361.077725955806 7.098952e-15
7363.379954370407 7.145567e-15
7365.682182785008 7.0379845e-15
7367.984411199609 7.0183714e-15
7370.28663961421 7.0080258e-15
7372.588868028811 6.969867e-15
7374.891096443412 6.9812934e-15
7377.193324858013 6.967837e-15
7379.4955532726135 6.940365e-15
7381.797781687214 6.958509e-15
7384.100010101815 7.0176176e-15
7386.402238516416 6.9601934e-15
7388.704466931017 7.004069e-15
7391.006695345618 7.111542e-15
7393.308923760219 7.0631846e-15
7395.61115217482 7.0139503e-15
7397.913380589421 7.0132685e-15
7400.215609004022 7.0864534e-15
7402.517837418623 7.099506e-15
7404.820065833223 7.0765948e-15
7407.122294247824 6.999448e-15
7409.424522662425 6.9837274e-15
7411.726751077026 6.980578e-15
7414.028979491627 6.938201e-15
7416.331207906228 6.9403203e-15
7418.633436320829 6.8934756e-15
7420.93566473543 6.8641106e-15
7423.237893150031 6.880415e-15
7425.540121564632 6.886157e-15
7427.8423499792325 6.9316628e-15
7430.144578393833 6.9273023e-15
7432.446806808434 6.918727e-15
7434.749035223035 6.98607e-15
7437.051263637636 7.0776434e-15
7439.353492052237 6.967187e-15
7441.655720466838 6.957439e-15
7443.957948881439 7.006027e-15
7446.26017729604 7.016766e-15
7448.562405710641 7.0130457e-15
7450.8646341252415 7.0287154e-15
7453.166862539842 6.969779e-15
7455.469090954443 6.9290103e-15
7457.771319369044 6.8712947e-15
7460.073547783645 6.8653617e-15
7462.375776198246 6.8921394e-15
7464.678004612847 6.8238287e-15
7466.980233027448 6.8147964e-15
7469.282461442049 6.7986913e-15
7471.58468985665 6.8803025e-15
7473.886918271251 6.8990063e-15
7476.1891466858515 6.923407e-15
7478.491375100452 6.9519852e-15
7480.793603515053 7.039426e-15
7483.095831929654 7.0244468e-15
7485.398060344255 7.059432e-15
7487.700288758856 6.972544e-15
7490.002517173457 6.9404215e-15
7492.304745588058 6.9185223e-15
7494.606974002659 6.8780685e-15
7496.90920241726 6.8064137e-15
7499.2114308318605 6.7839373e-15
7501.513659246461 6.8284116e-15
7503.815887661062 6.845e-15
7506.118116075663 6.8250213e-15
7508.420344490264 6.7834227e-15
7510.722572904865 6.7927964e-15
7513.024801319466 6.8041877e-15
7515.327029734067 6.8180287e-15
7517.629258148668 6.8627016e-15
7519.931486563269 6.9471122e-15
7522.23371497787 7.0014617e-15
7524.5359433924705 6.903709e-15
7526.838171807071 6.8690793e-15
7529.140400221672 6.9279397e-15
7531.442628636273 6.869715e-15
7533.744857050874 6.775607e-15
7536.047085465475 6.751088e-15
7538.349313880076 6.7209278e-15
7540.651542294677 6.650116e-15
7542.953770709278 6.729274e-15
7545.255999123879 6.790297e-15
7547.5582275384795 6.794967e-15
7549.86045595308 6.8397402e-15
7552.162684367681 6.863423e-15
7554.464912782282 6.8588938e-15
7556.767141196883 6.862146e-15
7559.069369611484 6.886239e-15
7561.371598026085 6.94877e-15
7563.673826440686 6.8689523e-15
7565.976054855287 6.8154533e-15
7568.278283269888 6.957606e-15
7570.580511684489 7.0079665e-15
7572.8827400990895 6.857216e-15
7575.18496851369 6.7243904e-15
7577.487196928291 6.8001973e-15
7579.789425342892 6.7575785e-15
7582.091653757493 6.7353307e-15
7584.393882172094 6.659365e-15
7586.696110586695 6.548773e-15
7588.998339001296 6.465199e-15
7591.300567415897 6.204561e-15
7593.602795830498 5.9477074e-15
7595.9050242450985 5.6476134e-15
7598.207252659699 5.432365e-15
7600.5094810743 5.3223387e-15
7602.811709488901 5.255579e-15
7605.113937903502 5.2647926e-15
7607.416166318103 5.3435014e-15
7609.718394732704 5.4507523e-15
7612.020623147305 5.685957e-15
7614.322851561906 5.9522297e-15
7616.625079976507 6.1336053e-15
7618.9273083911075 6.0359216e-15
7621.229536805708 5.813472e-15
7623.531765220309 5.7231102e-15
7625.83399363491 5.6758344e-15
7628.136222049511 5.5825028e-15
7630.438450464112 5.626252e-15
7632.740678878713 5.7151104e-15
7635.042907293314 5.7542052e-15
7637.345135707915 5.7956997e-15
7639.647364122516 5.825472e-15
7641.949592537117 5.905794e-15
7644.2518209517175 5.9788515e-15
7646.554049366318 5.9908468e-15
7648.856277780919 6.0126566e-15
7651.15850619552 6.0059947e-15
7653.460734610121 5.9920114e-15
7655.762963024722 6.040252e-15
7658.065191439323 6.053759e-15
7660.367419853924 6.0748106e-15
7662.669648268525 6.1279725e-15
7664.971876683126 6.0796866e-15
7667.2741050977265 6.0921917e-15
7669.576333512327 6.2233696e-15
7671.878561926928 6.278466e-15
7674.180790341529 6.3301703e-15
7676.48301875613 6.3257945e-15
7678.785247170731 6.310442e-15
7681.087475585332 6.3628547e-15
7683.389703999933 6.379897e-15
7685.691932414534 6.369688e-15
7687.994160829135 6.457815e-15
7690.296389243736 6.4707286e-15
7692.5986176583365 6.5374486e-15
7694.900846072937 6.499222e-15
7697.203074487538 6.453101e-15
7699.505302902139 6.544966e-15
7701.80753131674 6.484094e-15
7704.109759731341 6.416359e-15
7706.411988145942 6.4642776e-15
7708.714216560543 6.201183e-15
7711.016444975144 6.3056745e-15
7713.318673389745 6.332528e-15
7715.6209018043455 6.3596716e-15
7717.923130218946 6.4706575e-15
7720.225358633547 6.5477557e-15
7722.527587048148 6.6509607e-15
7724.829815462749 6.6265327e-15
7727.13204387735 6.5240206e-15
7729.434272291951 6.5607225e-15
7731.736500706552 6.5784107e-15
7734.038729121153 6.4816765e-15
7736.340957535754 6.455337e-15
7738.643185950355 6.435735e-15
7740.9454143649555 6.4445087e-15
7743.247642779556 6.4560144e-15
7745.549871194157 6.4816456e-15
7747.852099608758 6.571496e-15
7750.154328023359 6.5490436e-15
7752.45655643796 6.5912313e-15
7754.758784852561 6.7007332e-15
7757.061013267162 6.6231234e-15
7759.363241681763 6.5694143e-15
7761.665470096364 6.6092892e-15
7763.9676985109645 6.532061e-15
7766.269926925565 6.490055e-15
7768.572155340166 6.529522e-15
7770.874383754767 6.466744e-15
7773.176612169368 6.3484785e-15
7775.478840583969 6.44321e-15
7777.78106899857 6.4777497e-15
7780.083297413171 6.551783e-15
7782.385525827772 6.4838966e-15
7784.687754242373 6.5208086e-15
7786.989982656974 6.5878796e-15
7789.2922110715745 6.5477913e-15
7791.594439486175 6.5937483e-15
7793.896667900776 6.48103e-15
7796.198896315377 6.4714245e-15
7798.501124729978 6.5348257e-15
7800.803353144579 6.489073e-15
7803.10558155918 6.3613966e-15
7805.407809973781 6.4244506e-15
7807.710038388382 6.4520185e-15
7810.012266802983 6.406153e-15
7812.3144952175835 6.3833597e-15
7814.616723632184 6.445795e-15
7816.918952046785 6.2851535e-15
7819.221180461386 6.328639e-15
7821.523408875987 6.477559e-15
7823.825637290588 6.473033e-15
7826.127865705189 6.479311e-15
7828.43009411979 6.463e-15
7830.732322534391 6.514172e-15
7833.034550948992 6.597073e-15
7835.3367793635925 6.5207815e-15
7837.639007778193 6.4253793e-15
7839.941236192794 6.3819973e-15
7842.243464607395 6.292383e-15
7844.545693021996 6.2800513e-15
7846.847921436597 6.3001976e-15
7849.150149851198 6.3342818e-15
7851.452378265799 6.4061945e-15
7853.7546066804 6.3287117e-15
7856.056835095001 6.3838108e-15
7858.359063509602 6.455745e-15
7860.6612919242025 6.4841215e-15
7862.963520338803 6.5018008e-15
7865.265748753404 6.517769e-15
7867.567977168005 6.5675957e-15
7869.870205582606 6.5120634e-15
7872.172433997207 6.4520384e-15
7874.474662411808 6.4013943e-15
7876.776890826409 6.3738937e-15
7879.07911924101 6.242005e-15
7881.381347655611 6.170101e-15
