3670.0 1.2700507e-14
3671.0 1.2818337e-14
3672.0 1.246276e-14
3673.0 1.2346018e-14
3674.0 1.2309572e-14
3675.0 1.24509845e-14
3676.0 1.27892505e-14
3677.0 1.2966263e-14
3678.0 1.3158281e-14
3679.0 1.36666504e-14
3680.0 1.3915717e-14
3681.0 1.3575218e-14
3682.0 1.3646876e-14
3683.0 1.371874e-14
3684.0 1.3028099e-14
3685.0 1.2322428e-14
3686.0 1.3207055e-14
3687.0 1.3550565e-14
3688.0 1.3999793e-14
3689.0 1.40458375e-14
3690.0 1.4039934e-14
3691.0 1.38171114e-14
3692.0 1.3624309e-14
3693.0 1.4833905e-14
3694.0 1.5156711e-14
3695.0 1.4030551e-14
3696.0 1.4539212e-14
3697.0 1.5625488e-14
3698.0 1.5566092e-14
3699.0 1.5532113e-14
3700.0 1.4187571e-14
3701.0 1.3909735e-14
3702.0 1.369379e-14
3703.0 1.4511192e-14
3704.0 1.609662e-14
3705.0 1.664928e-14
3706.0 1.7049154e-14
3707.0 1.7929726e-14
3708.0 1.7892263e-14
3709.0 1.591406e-14
3710.0 1.6108405e-14
3711.0 1.6415214e-14
3712.0 1.5278425e-14
3713.0 1.4590717e-14
3714.0 1.648998e-14
3715.0 1.667121e-14
3716.0 1.5967953e-14
3717.0 1.6348173e-14
3718.0 1.6924675e-14
3719.0 1.7238196e-14
3720.0 1.7416542e-14
3721.0 1.7312168e-14
3722.0 1.730085e-14
3723.0 1.7247304e-14
3724.0 1.7646195e-14
3725.0 1.819641e-14
3726.0 1.7669045e-14
3727.0 1.7412184e-14
3728.0 1.8308576e-14
3729.0 1.8282264e-14
3730.0 1.7898699e-14
3731.0 1.8564916e-14
3732.0 1.846311e-14
3733.0 1.870881e-14
3734.0 1.846311e-14
3735.0 1.860351e-14
3736.0 1.888472e-14
3737.0 1.869126e-14
3738.0 1.848066e-14
3739.0 1.870881e-14
3740.0 1.856841e-14
3741.0 1.884963e-14
3742.0 1.874433e-14
3743.0 1.8543427e-14
3744.0 1.7680454e-14
3745.0 1.7685148e-14
3746.0 1.7688767e-14
3747.0 1.7664654e-14
3748.0 1.7609163e-14
3749.0 1.6541466e-14
3750.0 1.669504e-14
3751.0 1.725682e-14
3752.0 1.7610843e-14
3753.0 1.7935862e-14
3754.0 1.8610508e-14
3755.0 1.8730136e-14
3756.0 1.7978916e-14
3757.0 1.8290924e-14
3758.0 1.9232505e-14
3759.0 1.8529845e-14
3760.0 1.7908753e-14
3761.0 1.830125e-14
3762.0 1.8323212e-14
3763.0 1.8203309e-14
3764.0 1.7971274e-14
3765.0 1.7581802e-14
3766.0 1.709713e-14
3767.0 1.6688435e-14
3768.0 1.9006313e-14
3769.0 1.9493572e-14
3770.0 2.0092408e-14
3771.0 1.9024324e-14
3772.0 1.6928424e-14
3773.0 1.7976023e-14
3774.0 1.8705562e-14
3775.0 1.7152361e-14
3776.0 1.6713104e-14
3777.0 1.6402195e-14
3778.0 1.6731379e-14
3779.0 1.7492536e-14
3780.0 1.7208818e-14
3781.0 1.697012e-14
3782.0 1.7139342e-14
3783.0 1.7007314e-14
3784.0 1.6478006e-14
3785.0 1.6640687e-14
3786.0 1.704655e-14
3787.0 1.681543e-14
3788.0 1.6614216e-14
3789.0 1.583623e-14
3790.0 1.568492e-14
3791.0 1.6230642e-14
3792.0 1.6331759e-14
3793.0 1.6602405e-14
3794.0 1.6177318e-14
3795.0 1.5864e-14
3796.0 1.5291433e-14
3797.0 1.5048335e-14
3798.0 1.4649074e-14
3799.0 1.4574574e-14
3800.0 1.4538887e-14
3801.0 1.4376795e-14
3802.0 1.422441e-14
3803.0 1.5051867e-14
3804.0 1.5173564e-14
3805.0 1.5923889e-14
3806.0 1.5619865e-14
3807.0 1.5247045e-14
3808.0 1.4308773e-14
3809.0 1.3749819e-14
3810.0 1.4653375e-14
3811.0 1.4550554e-14
3812.0 1.4079247e-14
3813.0 1.4652853e-14
3814.0 1.5518008e-14
3815.0 1.5320105e-14
3816.0 1.5142857e-14
3817.0 1.4534318e-14
3818.0 1.4590432e-14
3819.0 1.5629562e-14
3820.0 1.5635307e-14
3821.0 1.5699495e-14
3822.0 1.5167809e-14
3823.0 1.4834613e-14
3824.0 1.37571585e-14
3825.0 1.3681711e-14
3826.0 1.4160213e-14
3827.0 1.4565377e-14
3828.0 1.5127892e-14
3829.0 1.5512092e-14
3830.0 1.5594485e-14
3831.0 1.4887004e-14
3832.0 1.487848e-14
3833.0 1.5492278e-14
3834.0 1.5449773e-14
3835.0 1.5437164e-14
3836.0 1.5180325e-14
3837.0 1.4979258e-14
3838.0 1.4398894e-14
3839.0 1.4482969e-14
3840.0 1.5359513e-14
3841.0 1.5539944e-14
3842.0 1.5787695e-14
3843.0 1.5577966e-14
3844.0 1.53957e-14
3845.0 1.5262446e-14
3846.0 1.5308684e-14
3847.0 1.5926371e-14
3848.0 1.5437089e-14
3849.0 1.4899404e-14
3850.0 1.5568847e-14
3851.0 1.5738902e-14
3852.0 1.5232155e-14
3853.0 1.4984524e-14
3854.0 1.455327e-14
3855.0 1.5268333e-14
3856.0 1.609599e-14
3857.0 1.5560805e-14
3858.0 1.5256019e-14
3859.0 1.4814084e-14
3860.0 1.4583822e-14
3861.0 1.4191217e-14
3862.0 1.4325748e-14
3863.0 1.4491399e-14
3864.0 1.430477e-14
3865.0 1.4145012e-14
3866.0 1.4066476e-14
3867.0 1.4037891e-14
3868.0 1.4278902e-14
3869.0 1.4665422e-14
3870.0 1.509981e-14
3871.0 1.4548042e-14
3872.0 1.4253528e-14
3873.0 1.470296e-14
3874.0 1.4848708e-14
3875.0 1.5634124e-14
3876.0 1.55251e-14
3877.0 1.542131e-14
3878.0 1.5516038e-14
3879.0 1.5456822e-14
3880.0 1.5369838e-14
3881.0 1.513129e-14
3882.0 1.4677187e-14
3883.0 1.4933154e-14
3884.0 1.5216998e-14
3885.0 1.5039604e-14
3886.0 1.4886235e-14
3887.0 1.4757836e-14
3888.0 1.4721983e-14
3889.0 1.4920008e-14
3890.0 1.4908402e-14
3891.0 1.4906469e-14
3892.0 1.4434997e-14
3893.0 1.41813085e-14
3894.0 1.5198155e-14
3895.0 1.5097508e-14
3896.0 1.5007425e-14
3897.0 1.5151878e-14
3898.0 1.53157e-14
3899.0 1.5612721e-14
3900.0 1.563375e-14
3901.0 1.4557186e-14
3902.0 1.4717775e-14
3903.0 1.5609077e-14
3904.0 1.5267023e-14
3905.0 1.4912567e-14
3906.0 1.5539441e-14
3907.0 1.568563e-14
3908.0 1.5856284e-14
3909.0 1.5761642e-14
3910.0 1.5737552e-14
3911.0 1.577404e-14
3912.0 1.582543e-14
3913.0 1.62262e-14
3914.0 1.6291623e-14
3915.0 1.6286233e-14
3916.0 1.6245469e-14
3917.0 1.6415863e-14
3918.0 1.6663569e-14
3919.0 1.6948365e-14
3920.0 1.683144e-14
3921.0 1.6705309e-14
3922.0 1.6725311e-14
3923.0 1.6717288e-14
3924.0 1.7001198e-14
3925.0 1.6874526e-14
3926.0 1.67501e-14
3927.0 1.7186607e-14
3928.0 1.7275605e-14
3929.0 1.7726624e-14
3930.0 1.7545725e-14
3931.0 1.7171716e-14
3932.0 1.7010285e-14
3933.0 1.6845842e-14
3934.0 1.7229873e-14
3935.0 1.7307113e-14
3936.0 1.7718664e-14
3937.0 1.7776611e-14
3938.0 1.8263126e-14
3939.0 1.8046083e-14
3940.0 1.7816184e-14
3941.0 1.8126038e-14
3942.0 1.8178894e-14
3943.0 1.8276608e-14
3944.0 1.81965e-14
3945.0 1.821025e-14
3946.0 1.8365594e-14
3947.0 1.8579202e-14
3948.0 1.9260482e-14
3949.0 1.9476645e-14
3950.0 1.8591989e-14
3951.0 1.8446192e-14
3952.0 1.8403603e-14
3953.0 1.866793e-14
3954.0 1.9027851e-14
3955.0 1.9031682e-14
3956.0 1.896626e-14
3957.0 1.893672e-14
3958.0 1.883602e-14
3959.0 1.8774053e-14
3960.0 1.8819854e-14
3961.0 1.8914956e-14
3962.0 1.8794438e-14
3963.0 1.8677749e-14
3964.0 1.8352353e-14
3965.0 1.8201739e-14
3966.0 1.798182e-14
3967.0 1.787357e-14
3968.0 1.7766165e-14
3969.0 1.790079e-14
3970.0 1.7913495e-14
3971.0 1.791869e-14
3972.0 1.7816411e-14
3973.0 1.7668087e-14
3974.0 1.8099578e-14
3975.0 1.8753279e-14
3976.0 1.8192984e-14
3977.0 1.7857482e-14
3978.0 1.8100227e-14
3979.0 1.8043752e-14
3980.0 1.7983472e-14
3981.0 1.7746867e-14
3982.0 1.7442585e-14
3983.0 1.7502105e-14
3984.0 1.7493057e-14
3985.0 1.7274705e-14
3986.0 1.7184737e-14
3987.0 1.7185545e-14
3988.0 1.7228454e-14
3989.0 1.7347763e-14
3990.0 1.7305186e-14
3991.0 1.724476e-14
3992.0 1.7430056e-14
3993.0 1.7319049e-14
3994.0 1.679975e-14
3995.0 1.682079e-14
3996.0 1.6912141e-14
3997.0 1.6639642e-14
3998.0 1.6442768e-14
3999.0 1.6373179e-14
4000.0 1.6337087e-14
4001.0 1.657613e-14
4002.0 1.6397198e-14
4003.0 1.6137567e-14
4004.0 1.6234867e-14
4005.0 1.6273825e-14
4006.0 1.6209563e-14
4007.0 1.6111505e-14
4008.0 1.5776861e-14
4009.0 1.5788132e-14
4010.0 1.5874937e-14
4011.0 1.5994296e-14
4012.0 1.6058025e-14
4013.0 1.573507e-14
4014.0 1.563131e-14
4015.0 1.5737593e-14
4016.0 1.569478e-14
4017.0 1.567778e-14
4018.0 1.5273727e-14
4019.0 1.4954128e-14
4020.0 1.5639244e-14
4021.0 1.5744155e-14
4022.0 1.5649676e-14
4023.0 1.5605195e-14
4024.0 1.55845e-14
4025.0 1.545084e-14
4026.0 1.5331313e-14
4027.0 1.5780768e-14
4028.0 1.5819226e-14
4029.0 1.5007808e-14
4030.0 1.5142269e-14
4031.0 1.5564444e-14
4032.0 1.5521989e-14
4033.0 1.5478128e-14
4034.0 1.557552e-14
4035.0 1.5569296e-14
4036.0 1.5844803e-14
4037.0 1.5794752e-14
4038.0 1.5759666e-14
4039.0 1.5932385e-14
4040.0 1.6095444e-14
4041.0 1.5797574e-14
4042.0 1.566325e-14
4043.0 1.6945633e-14
4044.0 1.6808188e-14
4045.0 1.6504152e-14
4046.0 1.6670059e-14
4047.0 1.6845881e-14
4048.0 1.6798218e-14
4049.0 1.674443e-14
4050.0 1.7084841e-14
4051.0 1.7045667e-14
4052.0 1.7021136e-14
4053.0 1.6860621e-14
4054.0 1.6686051e-14
4055.0 1.7337772e-14
4056.0 1.7568714e-14
4057.0 1.7350652e-14
4058.0 1.7352864e-14
4059.0 1.7565015e-14
4060.0 1.7618804e-14
4061.0 1.7701173e-14
4062.0 1.7465464e-14
4063.0 1.7328305e-14
4064.0 1.7755527e-14
4065.0 1.764832e-14
4066.0 1.717896e-14
4067.0 1.7469953e-14
4068.0 1.7894391e-14
4069.0 1.7799455e-14
4070.0 1.7724634e-14
4071.0 1.7444452e-14
4072.0 1.7441479e-14
4073.0 1.7808082e-14
4074.0 1.7825883e-14
4075.0 1.7882588e-14
4076.0 1.7455436e-14
4077.0 1.7190381e-14
4078.0 1.7451745e-14
4079.0 1.7501319e-14
4080.0 1.7863755e-14
4081.0 1.7803797e-14
4082.0 1.7738288e-14
4083.0 1.7829496e-14
4084.0 1.7869398e-14
4085.0 1.7519962e-14
4086.0 1.7482724e-14
4087.0 1.8034295e-14
4088.0 1.790165e-14
4089.0 1.769197e-14
4090.0 1.7851106e-14
4091.0 1.7950974e-14
4092.0 1.7757778e-14
4093.0 1.7718152e-14
4094.0 1.8210704e-14
4095.0 1.8131597e-14
4096.0 1.8016896e-14
4097.0 1.7916446e-14
4098.0 1.7826637e-14
4099.0 1.8003479e-14
4100.0 1.8013143e-14
4101.0 1.797051e-14
4102.0 1.7944903e-14
4103.0 1.7953036e-14
4104.0 1.797428e-14
4105.0 1.7989255e-14
4106.0 1.7787375e-14
4107.0 1.799988e-14
4108.0 1.8344728e-14
4109.0 1.806043e-14
4110.0 1.804529e-14
4111.0 1.798456e-14
4112.0 1.793915e-14
4113.0 1.797699e-14
4114.0 1.801502e-14
4115.0 1.8203575e-14
4116.0 1.801502e-14
4117.0 1.8005796e-14
4118.0 1.7963592e-14
4119.0 1.7921987e-14
4120.0 1.7932363e-14
4121.0 1.7911477e-14
4122.0 1.7941798e-14
4123.0 1.7933287e-14
4124.0 1.802148e-14
4125.0 1.8107535e-14
4126.0 1.8234944e-14
4127.0 1.8048122e-14
4128.0 1.7935625e-14
4129.0 1.8024688e-14
4130.0 1.7994583e-14
4131.0 1.7951827e-14
4132.0 1.7922472e-14
4133.0 1.7899722e-14
4134.0 1.7683451e-14
4135.0 1.7544026e-14
4136.0 1.8062901e-14
4137.0 1.80701e-14
4138.0 1.7832754e-14
4139.0 1.772765e-14
4140.0 1.7574504e-14
4141.0 1.7561067e-14
4142.0 1.7538654e-14
4143.0 1.7328109e-14
4144.0 1.727746e-14
4145.0 1.74415e-14
4146.0 1.7376229e-14
4147.0 1.7283655e-14
4148.0 1.7447811e-14
4149.0 1.756212e-14
4150.0 1.7606281e-14
4151.0 1.7569737e-14
4152.0 1.7214117e-14
4153.0 1.7195086e-14
4154.0 1.7202499e-14
4155.0 1.72078e-14
4156.0 1.7207788e-14
4157.0 1.7238416e-14
4158.0 1.722039e-14
4159.0 1.7144084e-14
4160.0 1.7097497e-14
4161.0 1.7032482e-14
4162.0 1.679999e-14
4163.0 1.656539e-14
4164.0 1.69911e-14
4165.0 1.7119422e-14
4166.0 1.7147618e-14
4167.0 1.7066125e-14
4168.0 1.6862678e-14
4169.0 1.6732072e-14
4170.0 1.6584656e-14
4171.0 1.6497513e-14
4172.0 1.644037e-14
4173.0 1.6411773e-14
4174.0 1.64261e-14
4175.0 1.6612891e-14
4176.0 1.6755143e-14
4177.0 1.6964821e-14
4178.0 1.6571463e-14
4179.0 1.6352432e-14
4180.0 1.649736e-14
4181.0 1.646277e-14
4182.0 1.6303604e-14
4183.0 1.6375912e-14
4184.0 1.6515116e-14
4185.0 1.6643345e-14
4186.0 1.6708599e-14
4187.0 1.6481067e-14
4188.0 1.6420001e-14
4189.0 1.6426815e-14
4190.0 1.6346816e-14
4191.0 1.6223139e-14
4192.0 1.6210677e-14
4193.0 1.6192588e-14
4194.0 1.6047652e-14
4195.0 1.5980413e-14
4196.0 1.579178e-14
4197.0 1.5768523e-14
4198.0 1.5757605e-14
4199.0 1.5857741e-14
4200.0 1.5939398e-14
4201.0 1.5728802e-14
4202.0 1.5644858e-14
4203.0 1.5577302e-14
4204.0 1.5507765e-14
4205.0 1.5365798e-14
4206.0 1.5379774e-14
4207.0 1.5394756e-14
4208.0 1.5187831e-14
4209.0 1.5093117e-14
4210.0 1.5175746e-14
4211.0 1.5206821e-14
4212.0 1.5394688e-14
4213.0 1.5110753e-14
4214.0 1.4772227e-14
4215.0 1.4592868e-14
4216.0 1.449601e-14
4217.0 1.4509812e-14
4218.0 1.4511023e-14
4219.0 1.4617908e-14
4220.0 1.4526439e-14
4221.0 1.440667e-14
4222.0 1.4103764e-14
4223.0 1.3924468e-14
4224.0 1.4157387e-14
4225.0 1.419306e-14
4226.0 1.4380358e-14
4227.0 1.4224716e-14
4228.0 1.3971935e-14
4229.0 1.3872299e-14
4230.0 1.3796465e-14
4231.0 1.3894424e-14
4232.0 1.3889559e-14
4233.0 1.3849695e-14
4234.0 1.3729288e-14
4235.0 1.3500459e-14
4236.0 1.3553729e-14
4237.0 1.3591405e-14
4238.0 1.3621579e-14
4239.0 1.3604533e-14
4240.0 1.34258254e-14
4241.0 1.3455524e-14
4242.0 1.3584658e-14
4243.0 1.348362e-14
4244.0 1.3384388e-14
4245.0 1.3264633e-14
4246.0 1.3205579e-14
4247.0 1.3376232e-14
4248.0 1.3360367e-14
4249.0 1.3360589e-14
4250.0 1.3171829e-14
4251.0 1.29533284e-14
4252.0 1.3181954e-14
4253.0 1.3266935e-14
4254.0 1.3314063e-14
4255.0 1.3279094e-14
4256.0 1.31881e-14
4257.0 1.3260639e-14
4258.0 1.3377814e-14
4259.0 1.3614638e-14
4260.0 1.3731835e-14
4261.0 1.36233705e-14
4262.0 1.3608803e-14
4263.0 1.3754808e-14
4264.0 1.3800609e-14
4265.0 1.3904671e-14
4266.0 1.39034995e-14
4267.0 1.3893778e-14
4268.0 1.3908812e-14
4269.0 1.3924837e-14
4270.0 1.4367358e-14
4271.0 1.4353512e-14
4272.0 1.4358321e-14
4273.0 1.4456645e-14
4274.0 1.4534135e-14
4275.0 1.4705281e-14
4276.0 1.474246e-14
4277.0 1.526597e-14
4278.0 1.524123e-14
4279.0 1.5226412e-14
4280.0 1.5370241e-14
4281.0 1.5519146e-14
4282.0 1.5485863e-14
4283.0 1.545484e-14
4284.0 1.5708799e-14
4285.0 1.5755528e-14
4286.0 1.5987715e-14
4287.0 1.5943742e-14
4288.0 1.5896228e-14
4289.0 1.6160611e-14
4290.0 1.6271184e-14
4291.0 1.6528533e-14
4292.0 1.6547688e-14
4293.0 1.6644426e-14
4294.0 1.6716412e-14
4295.0 1.684897e-14
4296.0 1.6782948e-14
4297.0 1.6731076e-14
4298.0 1.6783463e-14
4299.0 1.6799862e-14
4300.0 1.7084514e-14
4301.0 1.7027827e-14
4302.0 1.6944684e-14
4303.0 1.705464e-14
4304.0 1.7131133e-14
4305.0 1.7097496e-14
4306.0 1.707236e-14
4307.0 1.7177413e-14
4308.0 1.716726e-14
4309.0 1.71889e-14
4310.0 1.725154e-14
4311.0 1.7309811e-14
4312.0 1.7412448e-14
4313.0 1.7427517e-14
4314.0 1.7673234e-14
4315.0 1.7625734e-14
4316.0 1.7516546e-14
4317.0 1.7483156e-14
4318.0 1.7449106e-14
4319.0 1.73665e-14
4320.0 1.7314106e-14
4321.0 1.7573889e-14
4322.0 1.7528827e-14
4323.0 1.7298176e-14
4324.0 1.7407222e-14
4325.0 1.7585819e-14
4326.0 1.7590586e-14
4327.0 1.7581751e-14
4328.0 1.773365e-14
4329.0 1.7698116e-14
4330.0 1.7372712e-14
4331.0 1.7492232e-14
4332.0 1.7748772e-14
4333.0 1.781534e-14
4334.0 1.785737e-14
4335.0 1.7634879e-14
4336.0 1.756818e-14
4337.0 1.7650124e-14
4338.0 1.7647459e-14
4339.0 1.7681132e-14
4340.0 1.7782317e-14
4341.0 1.787534e-14
4342.0 1.779264e-14
4343.0 1.7748439e-14
4344.0 1.7506946e-14
4345.0 1.771076e-14
4346.0 1.771076e-14
4347.0 1.8079932e-14
4348.0 1.771076e-14
4349.0 1.766018e-14
4350.0 1.763488e-14
4351.0 1.75337e-14
4352.0 1.7507e-14
4353.0 1.766018e-14
4354.0 1.766018e-14
4355.0 1.763488e-14
4356.0 1.763488e-14
4357.0 1.758429e-14
4358.0 1.728424e-14
4359.0 1.7199856e-14
4360.0 1.7305327e-14
4361.0 1.731029e-14
4362.0 1.7341765e-14
4363.0 1.7414252e-14
4364.0 1.7464163e-14
4365.0 1.7358682e-14
4366.0 1.7313935e-14
4367.0 1.7209416e-14
4368.0 1.7079135e-14
4369.0 1.6764344e-14
4370.0 1.7012464e-14
4371.0 1.7254046e-14
4372.0 1.7113294e-14
4373.0 1.705153e-14
4374.0 1.707647e-14
4375.0 1.7024429e-14
4376.0 1.687538e-14
4377.0 1.6769794e-14
4378.0 1.6641846e-14
4379.0 1.6641484e-14
4380.0 1.663222e-14
4381.0 1.6284901e-14
4382.0 1.6286978e-14
4383.0 1.6575173e-14
4384.0 1.658494e-14
4385.0 1.6611975e-14
4386.0 1.6365917e-14
4387.0 1.6204326e-14
4388.0 1.6156916e-14
4389.0 1.615616e-14
4390.0 1.6381051e-14
4391.0 1.6208307e-14
4392.0 1.5848588e-14
4393.0 1.5902402e-14
4394.0 1.5944511e-14
4395.0 1.5690396e-14
4396.0 1.5610231e-14
4397.0 1.5711248e-14
4398.0 1.5650828e-14
4399.0 1.5496107e-14
4400.0 1.5486324e-14
4401.0 1.5476988e-14
4402.0 1.5629254e-14
4403.0 1.5682115e-14
4404.0 1.5406039e-14
4405.0 1.5336375e-14
4406.0 1.5133141e-14
4407.0 1.5137322e-14
4408.0 1.5148596e-14
4409.0 1.5026068e-14
4410.0 1.4953794e-14
4411.0 1.4918056e-14
4412.0 1.4907551e-14
4413.0 1.4932484e-14
4414.0 1.4976716e-14
4415.0 1.507073e-14
4416.0 1.5058326e-14
4417.0 1.5046214e-14
4418.0 1.5032204e-14
4419.0 1.5009861e-14
4420.0 1.477802e-14
4421.0 1.4867996e-14
4422.0 1.5119685e-14
4423.0 1.4919914e-14
4424.0 1.4728133e-14
4425.0 1.4756234e-14
4426.0 1.4758951e-14
4427.0 1.4748014e-14
4428.0 1.4785241e-14
4429.0 1.4956333e-14
4430.0 1.4999381e-14
4431.0 1.5056797e-14
4432.0 1.4982754e-14
4433.0 1.4941497e-14
4434.0 1.466241e-14
4435.0 1.4634666e-14
4436.0 1.4689296e-14
4437.0 1.4841305e-14
4438.0 1.5106245e-14
4439.0 1.4971856e-14
4440.0 1.4879985e-14
4441.0 1.4755651e-14
4442.0 1.4720943e-14
4443.0 1.4682003e-14
4444.0 1.4696835e-14
4445.0 1.4744843e-14
4446.0 1.4787735e-14
4447.0 1.4824262e-14
4448.0 1.4751961e-14
4449.0 1.4722717e-14
4450.0 1.4658944e-14
4451.0 1.4714982e-14
4452.0 1.4929283e-14
4453.0 1.4784613e-14
4454.0 1.4616575e-14
4455.0 1.4497103e-14
4456.0 1.4438407e-14
4457.0 1.5016837e-14
4458.0 1.5015836e-14
4459.0 1.4791145e-14
4460.0 1.4731688e-14
4461.0 1.464351e-14
4462.0 1.479904e-14
4463.0 1.489081e-14
4464.0 1.4616888e-14
4465.0 1.4591442e-14
4466.0 1.4930574e-14
4467.0 1.492408e-14
4468.0 1.4922342e-14
4469.0 1.4943782e-14
4470.0 1.4959859e-14
4471.0 1.4907504e-14
4472.0 1.4885288e-14
4473.0 1.4938066e-14
4474.0 1.4860975e-14
4475.0 1.4639426e-14
4476.0 1.460697e-14
4477.0 1.4571774e-14
4478.0 1.4629975e-14
4479.0 1.4648434e-14
4480.0 1.4823966e-14
4481.0 1.4791662e-14
4482.0 1.4604278e-14
4483.0 1.4539487e-14
4484.0 1.4446206e-14
4485.0 1.4492888e-14
4486.0 1.4516213e-14
4487.0 1.4652953e-14
4488.0 1.466459e-14
4489.0 1.463633e-14
4490.0 1.4709398e-14
4491.0 1.4878002e-14
4492.0 1.4632282e-14
4493.0 1.4429362e-14
4494.0 1.4535021e-14
4495.0 1.455708e-14
4496.0 1.4615215e-14
4497.0 1.458679e-14
4498.0 1.4523007e-14
4499.0 1.4570959e-14
4500.0 1.4625596e-14
4501.0 1.4774664e-14
4502.0 1.4830251e-14
4503.0 1.4594146e-14
4504.0 1.4609163e-14
4505.0 1.4814628e-14
4506.0 1.4809455e-14
4507.0 1.4808091e-14
4508.0 1.4775714e-14
4509.0 1.4751277e-14
4510.0 1.4804847e-14
4511.0 1.4822936e-14
4512.0 1.5018595e-14
4513.0 1.4981977e-14
4514.0 1.4918078e-14
4515.0 1.4948326e-14
4516.0 1.4971026e-14
4517.0 1.4799602e-14
4518.0 1.4741929e-14
4519.0 1.4825973e-14
4520.0 1.4834476e-14
4521.0 1.4890799e-14
4522.0 1.4933464e-14
4523.0 1.4983754e-14
4524.0 1.4838537e-14
4525.0 1.4768075e-14
4526.0 1.4973716e-14
4527.0 1.4984607e-14
4528.0 1.5010798e-14
4529.0 1.5027064e-14
4530.0 1.5060678e-14
4531.0 1.5046654e-14
4532.0 1.503267e-14
4533.0 1.4995893e-14
4534.0 1.498226e-14
4535.0 1.5021584e-14
4536.0 1.4999725e-14
4537.0 1.496798e-14
4538.0 1.4861976e-14
4539.0 1.476852e-14
4540.0 1.4666126e-14
4541.0 1.4625232e-14
4542.0 1.5008805e-14
4543.0 1.5006036e-14
4544.0 1.5024887e-14
4545.0 1.4899323e-14
4546.0 1.475161e-14
4547.0 1.5065807e-14
4548.0 1.5203054e-14
4549.0 1.5036854e-14
4550.0 1.50123e-14
4551.0 1.5024066e-14
4552.0 1.5056644e-14
4553.0 1.512157e-14
4554.0 1.5014303e-14
4555.0 1.4938307e-14
4556.0 1.5264293e-14
4557.0 1.5295567e-14
4558.0 1.491057e-14
4559.0 1.4891405e-14
4560.0 1.4865537e-14
4561.0 1.4837544e-14
4562.0 1.481048e-14
4563.0 1.4877068e-14
4564.0 1.4889936e-14
4565.0 1.486501e-14
4566.0 1.4862198e-14
4567.0 1.4894637e-14
4568.0 1.4941527e-14
4569.0 1.5007228e-14
4570.0 1.4978053e-14
4571.0 1.4955898e-14
4572.0 1.4805208e-14
4573.0 1.4754294e-14
4574.0 1.4596e-14
4575.0 1.463367e-14
4576.0 1.4716608e-14
4577.0 1.455849e-14
4578.0 1.4438954e-14
4579.0 1.4723476e-14
4580.0 1.47765e-14
4581.0 1.4641325e-14
4582.0 1.4608562e-14
4583.0 1.4543132e-14
4584.0 1.4495849e-14
4585.0 1.4447484e-14
4586.0 1.458822e-14
4587.0 1.4634014e-14
4588.0 1.4497838e-14
4589.0 1.4488814e-14
4590.0 1.4530882e-14
4591.0 1.4622653e-14
4592.0 1.4764215e-14
4593.0 1.4682367e-14
4594.0 1.462884e-14
4595.0 1.4680267e-14
4596.0 1.467392e-14
4597.0 1.4635857e-14
4598.0 1.4632049e-14
4599.0 1.4640616e-14
4600.0 1.4557527e-14
4601.0 1.448602e-14
4602.0 1.4473518e-14
4603.0 1.445973e-14
4604.0 1.4487611e-14
4605.0 1.4522629e-14
4606.0 1.4673985e-14
4607.0 1.4570261e-14
4608.0 1.445017e-14
4609.0 1.4468561e-14
4610.0 1.4469162e-14
4611.0 1.440177e-14
4612.0 1.4392267e-14
4613.0 1.4438505e-14
4614.0 1.4429836e-14
4615.0 1.4425284e-14
4616.0 1.4326854e-14
4617.0 1.4255714e-14
4618.0 1.439653e-14
4619.0 1.4418407e-14
4620.0 1.4462955e-14
4621.0 1.4413684e-14
4622.0 1.4309504e-14
4623.0 1.4305417e-14
4624.0 1.4301055e-14
4625.0 1.4177161e-14
4626.0 1.4123299e-14
4627.0 1.4342416e-14
4628.0 1.4301979e-14
4629.0 1.4135887e-14
4630.0 1.4185921e-14
4631.0 1.4261668e-14
4632.0 1.4301279e-14
4633.0 1.4316773e-14
4634.0 1.4407968e-14
4635.0 1.4411945e-14
4636.0 1.4423297e-14
4637.0 1.4351967e-14
4638.0 1.4219652e-14
4639.0 1.4200666e-14
4640.0 1.4182598e-14
4641.0 1.40382175e-14
4642.0 1.3989177e-14
4643.0 1.4262939e-14
4644.0 1.41722554e-14
4645.0 1.39072874e-14
4646.0 1.407808e-14
4647.0 1.4280357e-14
4648.0 1.4146111e-14
4649.0 1.4077416e-14
4650.0 1.3856201e-14
4651.0 1.3839427e-14
4652.0 1.39264515e-14
4653.0 1.3936737e-14
4654.0 1.3964389e-14
4655.0 1.38770255e-14
4656.0 1.3813129e-14
4657.0 1.4025104e-14
4658.0 1.4057394e-14
4659.0 1.3986408e-14
4660.0 1.3966428e-14
4661.0 1.3936535e-14
4662.0 1.3999082e-14
4663.0 1.4061228e-14
4664.0 1.3893318e-14
4665.0 1.3821903e-14
4666.0 1.4085159e-14
4667.0 1.4027765e-14
4668.0 1.3756066e-14
4669.0 1.3786607e-14
4670.0 1.3837318e-14
4671.0 1.3798627e-14
4672.0 1.3770517e-14
4673.0 1.3836942e-14
4674.0 1.3805591e-14
4675.0 1.34641435e-14
4676.0 1.3554544e-14
4677.0 1.3769684e-14
4678.0 1.381176e-14
4679.0 1.3845888e-14
4680.0 1.3603379e-14
4681.0 1.3519481e-14
4682.0 1.3470691e-14
4683.0 1.34924225e-14
4684.0 1.3606829e-14
4685.0 1.3541077e-14
4686.0 1.3461815e-14
4687.0 1.3633568e-14
4688.0 1.37119125e-14
4689.0 1.36127326e-14
4690.0 1.354534e-14
4691.0 1.3210617e-14
4692.0 1.3193967e-14
4693.0 1.3173961e-14
4694.0 1.3220827e-14
4695.0 1.3252629e-14
4696.0 1.3348766e-14
4697.0 1.335831e-14
4698.0 1.3129894e-14
4699.0 1.31270574e-14
4700.0 1.31439794e-14
4701.0 1.3278101e-14
4702.0 1.3427611e-14
4703.0 1.3215471e-14
4704.0 1.31176715e-14
4705.0 1.3070007e-14
4706.0 1.3035387e-14
4707.0 1.2914428e-14
4708.0 1.2859983e-14
4709.0 1.2778064e-14
4710.0 1.27999765e-14
4711.0 1.2810364e-14
4712.0 1.2979935e-14
4713.0 1.2988176e-14
4714.0 1.2665691e-14
4715.0 1.2661106e-14
4716.0 1.26678826e-14
4717.0 1.2633448e-14
4718.0 1.25994245e-14
4719.0 1.2597166e-14
4720.0 1.25890975e-14
4721.0 1.2314877e-14
4722.0 1.229883e-14
4723.0 1.2323349e-14
4724.0 1.22782745e-14
4725.0 1.2217275e-14
4726.0 1.2034145e-14
4727.0 1.1922078e-14
4728.0 1.21031615e-14
4729.0 1.211648e-14
4730.0 1.2007968e-14
4731.0 1.1898786e-14
4732.0 1.16634065e-14
4733.0 1.1620079e-14
4734.0 1.1580483e-14
4735.0 1.1509621e-14
4736.0 1.1479707e-14
4737.0 1.13331865e-14
4738.0 1.13253895e-14
4739.0 1.13353845e-14
4740.0 1.1365522e-14
4741.0 1.1408964e-14
4742.0 1.1351165e-14
4743.0 1.1315885e-14
4744.0 1.1200668e-14
4745.0 1.1177666e-14
4746.0 1.11803275e-14
4747.0 1.1138823e-14
4748.0 1.1063855e-14
4749.0 1.1037717e-14
4750.0 1.10147275e-14
4751.0 1.1001989e-14
4752.0 1.09915425e-14
4753.0 1.09672335e-14
4754.0 1.0966837e-14
4755.0 1.0988555e-14
4756.0 1.0914527e-14
4757.0 1.08261526e-14
4758.0 1.1052941e-14
4759.0 1.1157588e-14
4760.0 1.1145437e-14
4761.0 1.116823e-14
4762.0 1.1392457e-14
4763.0 1.1306275e-14
4764.0 1.1152733e-14
4765.0 1.1281436e-14
4766.0 1.1375598e-14
4767.0 1.1506914e-14
4768.0 1.1534452e-14
4769.0 1.1578018e-14
4770.0 1.169043e-14
4771.0 1.2060489e-14
4772.0 1.2080737e-14
4773.0 1.21052104e-14
4774.0 1.2221537e-14
4775.0 1.22676205e-14
4776.0 1.2558568e-14
4777.0 1.2584584e-14
4778.0 1.2628623e-14
4779.0 1.268516e-14
4780.0 1.2792291e-14
4781.0 1.3055785e-14
4782.0 1.3237596e-14
4783.0 1.3218146e-14
4784.0 1.3215349e-14
4785.0 1.3494321e-14
4786.0 1.3550943e-14
4787.0 1.37349035e-14
4788.0 1.3972293e-14
4789.0 1.4227928e-14
4790.0 1.4176273e-14
4791.0 1.414769e-14
4792.0 1.4389909e-14
4793.0 1.444415e-14
4794.0 1.469335e-14
4795.0 1.477362e-14
4796.0 1.491472e-14
4797.0 1.4893643e-14
4798.0 1.487534e-14
4799.0 1.5201568e-14
4800.0 1.5272417e-14
4801.0 1.5488145e-14
4802.0 1.5537285e-14
4803.0 1.569265e-14
4804.0 1.5627909e-14
4805.0 1.5561877e-14
4806.0 1.5854764e-14
4807.0 1.596198e-14
4808.0 1.6058896e-14
4809.0 1.6085018e-14
4810.0 1.6240329e-14
4811.0 1.6209732e-14
4812.0 1.6169512e-14
4813.0 1.6164341e-14
4814.0 1.6155944e-14
4815.0 1.6413523e-14
4816.0 1.645987e-14
4817.0 1.6549885e-14
4818.0 1.653728e-14
4819.0 1.6527671e-14
4820.0 1.6506483e-14
4821.0 1.6485363e-14
4822.0 1.6740197e-14
4823.0 1.6827714e-14
4824.0 1.6859213e-14
4825.0 1.6890127e-14
4826.0 1.7084846e-14
4827.0 1.7005191e-14
4828.0 1.6890638e-14
4829.0 1.707312e-14
4830.0 1.7180952e-14
4831.0 1.710827e-14
4832.0 1.7096964e-14
4833.0 1.7304304e-14
4834.0 1.727416e-14
4835.0 1.722111e-14
4836.0 1.745001e-14
4837.0 1.7671675e-14
4838.0 1.764197e-14
4839.0 1.7621465e-14
4840.0 1.7688748e-14
4841.0 1.7709756e-14
4842.0 1.7845576e-14
4843.0 1.7778898e-14
4844.0 1.7685789e-14
4845.0 1.7835354e-14
4846.0 1.7921101e-14
4847.0 1.7811016e-14
4848.0 1.7785822e-14
4849.0 1.7879715e-14
4850.0 1.7878648e-14
4851.0 1.7898128e-14
4852.0 1.7904928e-14
4853.0 1.791095e-14
4854.0 1.7822918e-14
4855.0 1.7781475e-14
4856.0 1.7750416e-14
4857.0 1.7749133e-14
4858.0 1.7799965e-14
4859.0 1.7752093e-14
4860.0 1.7687271e-14
4861.0 1.7671974e-14
4862.0 1.7657205e-14
4863.0 1.7665465e-14
4864.0 1.766069e-14
4865.0 1.758429e-14
4866.0 1.7705232e-14
4867.0 1.758429e-14
4868.0 1.760344e-14
4869.0 1.758429e-14
4870.0 1.758429e-14
4871.0 1.75084e-14
4872.0 1.738193e-14
4873.0 1.737776e-14
4874.0 1.733074e-14
4875.0 1.738193e-14
4876.0 1.738193e-14
4877.0 1.733074e-14
4878.0 1.725485e-14
4879.0 1.7386901e-14
4880.0 1.717897e-14
4881.0 1.6927911e-14
4882.0 1.6927787e-14
4883.0 1.6945723e-14
4884.0 1.700337e-14
4885.0 1.7059584e-14
4886.0 1.6928599e-14
4887.0 1.6872349e-14
4888.0 1.6656586e-14
4889.0 1.6632092e-14
4890.0 1.660973e-14
4891.0 1.6542406e-14
4892.0 1.6443986e-14
4893.0 1.6592842e-14
4894.0 1.6682868e-14
4895.0 1.6453036e-14
4896.0 1.6377396e-14
4897.0 1.5996871e-14
4898.0 1.5970467e-14
4899.0 1.5917336e-14
4900.0 1.6025828e-14
4901.0 1.6134893e-14
4902.0 1.5911937e-14
4903.0 1.5819855e-14
4904.0 1.590611e-14
4905.0 1.5860226e-14
4906.0 1.5630514e-14
4907.0 1.5642435e-14
4908.0 1.5666791e-14
4909.0 1.5576778e-14
4910.0 1.5515297e-14
4911.0 1.5433584e-14
4912.0 1.5396836e-14
4913.0 1.5120563e-14
4914.0 1.5110019e-14
4915.0 1.5094447e-14
4916.0 1.507619e-14
4917.0 1.5057562e-14
4918.0 1.4971124e-14
4919.0 1.4931776e-14
4920.0 1.4847686e-14
4921.0 1.4816729e-14
4922.0 1.4707485e-14
4923.0 1.4672247e-14
4924.0 1.461767e-14
4925.0 1.4649296e-14
4926.0 1.4668925e-14
4927.0 1.4632425e-14
4928.0 1.461319e-14
4929.0 1.4440272e-14
4930.0 1.4433013e-14
4931.0 1.4423372e-14
4932.0 1.4474526e-14
4933.0 1.4531138e-14
4934.0 1.4453684e-14
4935.0 1.4417007e-14
4936.0 1.4278751e-14
4937.0 1.4261926e-14
4938.0 1.4259005e-14
4939.0 1.4178036e-14
4940.0 1.4038263e-14
4941.0 1.4139743e-14
4942.0 1.4211685e-14
4943.0 1.4212523e-14
4944.0 1.4205485e-14
4945.0 1.4042465e-14
4946.0 1.4036196e-14
4947.0 1.4027023e-14
4948.0 1.4084946e-14
4949.0 1.4153099e-14
4950.0 1.3862468e-14
4951.0 1.37250136e-14
4952.0 1.392746e-14
4953.0 1.3955612e-14
4954.0 1.40258305e-14
4955.0 1.3919822e-14
4956.0 1.372159e-14
4957.0 1.3783433e-14
4958.0 1.3830272e-14
4959.0 1.3920316e-14
4960.0 1.3941118e-14
4961.0 1.3743854e-14
4962.0 1.377656e-14
4963.0 1.3899889e-14
4964.0 1.381301e-14
4965.0 1.3705608e-14
4966.0 1.373073e-14
4967.0 1.369411e-14
4968.0 1.362801e-14
4969.0 1.361336e-14
4970.0 1.369411e-14
4971.0 1.359871e-14
4972.0 1.365731e-14
4973.0 1.353994e-14
4974.0 1.351797e-14
4975.0 1.350332e-14
4976.0 1.350332e-14
4977.0 1.3496e-14
4978.0 1.3577886e-14
4979.0 1.3348847e-14
4980.0 1.3343884e-14
4981.0 1.3338538e-14
4982.0 1.335692e-14
4983.0 1.3365346e-14
4984.0 1.3451874e-14
4985.0 1.3452558e-14
4986.0 1.33426426e-14
4987.0 1.3325753e-14
4988.0 1.3291953e-14
4989.0 1.3210091e-14
4990.0 1.3135068e-14
4991.0 1.3259773e-14
4992.0 1.3300461e-14
4993.0 1.3175571e-14
4994.0 1.321252e-14
4995.0 1.341415e-14
4996.0 1.3373357e-14
4997.0 1.3314432e-14
4998.0 1.3314763e-14
4999.0 1.3313391e-14
5000.0 1.3185068e-14
5001.0 1.3169847e-14
5002.0 1.3362604e-14
5003.0 1.3350784e-14
5004.0 1.3326697e-14
5005.0 1.3293163e-14
5006.0 1.3259445e-14
5007.0 1.3313899e-14
5008.0 1.33328415e-14
5009.0 1.3047368e-14
5010.0 1.3017601e-14
5011.0 1.2976787e-14
5012.0 1.3157776e-14
5013.0 1.312925e-14
5014.0 1.304118e-14
5015.0 1.306315e-14
5016.0 1.306315e-14
5017.0 1.315122e-14
5018.0 1.300456e-14
5019.0 1.30778e-14
5020.0 1.304118e-14
5021.0 1.30192e-14
5022.0 1.30192e-14
5023.0 1.299723e-14
5024.0 1.298258e-14
5025.0 1.298258e-14
5026.0 1.298258e-14
5027.0 1.290729e-14
5028.0 1.2918599e-14
5029.0 1.2943421e-14
5030.0 1.2832527e-14
5031.0 1.2746611e-14
5032.0 1.2832477e-14
5033.0 1.28520114e-14
5034.0 1.25861125e-14
5035.0 1.2627418e-14
5036.0 1.2781606e-14
5037.0 1.2834732e-14
5038.0 1.29029986e-14
5039.0 1.2608577e-14
5040.0 1.2455139e-14
5041.0 1.2534918e-14
5042.0 1.2537172e-14
5043.0 1.248524e-14
5044.0 1.2460205e-14
5045.0 1.2410862e-14
5046.0 1.24605585e-14
5047.0 1.2503186e-14
5048.0 1.2287109e-14
5049.0 1.2213716e-14
5050.0 1.2134408e-14
5051.0 1.2166273e-14
5052.0 1.2323869e-14
5053.0 1.2429206e-14
5054.0 1.2583047e-14
5055.0 1.252945e-14
5056.0 1.24959205e-14
5057.0 1.2231913e-14
5058.0 1.2161798e-14
5059.0 1.1887224e-14
5060.0 1.19802875e-14
5061.0 1.2222346e-14
5062.0 1.2193359e-14
5063.0 1.2164504e-14
5064.0 1.2086331e-14
5065.0 1.2053267e-14
5066.0 1.2005221e-14
5067.0 1.2006364e-14
5068.0 1.2047152e-14
5069.0 1.2026727e-14
5070.0 1.1995518e-14
5071.0 1.2058086e-14
5072.0 1.2099657e-14
5073.0 1.2046432e-14
5074.0 1.2027969e-14
5075.0 1.1935706e-14
5076.0 1.1972513e-14
5077.0 1.2093712e-14
5078.0 1.20793505e-14
5079.0 1.2063509e-14
5080.0 1.1983941e-14
5081.0 1.1944609e-14
5082.0 1.1785598e-14
5083.0 1.1797248e-14
5084.0 1.2037213e-14
5085.0 1.2088515e-14
5086.0 1.2193778e-14
5087.0 1.20100564e-14
5088.0 1.186201e-14
5089.0 1.1954417e-14
5090.0 1.1978119e-14
5091.0 1.1988151e-14
5092.0 1.1985509e-14
5093.0 1.1988513e-14
5094.0 1.1958342e-14
5095.0 1.1919493e-14
5096.0 1.2030764e-14
5097.0 1.2089842e-14
5098.0 1.186319e-14
5099.0 1.1835911e-14
5100.0 1.1981856e-14
5101.0 1.20375494e-14
5102.0 1.2175783e-14
5103.0 1.2079931e-14
5104.0 1.19895125e-14
5105.0 1.1996953e-14
5106.0 1.19963125e-14
5107.0 1.2102751e-14
5108.0 1.2131426e-14
5109.0 1.226564e-14
5110.0 1.21566795e-14
5111.0 1.19865e-14
5112.0 1.1986783e-14
5113.0 1.1985082e-14
5114.0 1.2245791e-14
5115.0 1.229501e-14
5116.0 1.2207627e-14
5117.0 1.2157658e-14
5118.0 1.2023087e-14
5119.0 1.2083062e-14
5120.0 1.21504174e-14
5121.0 1.2214742e-14
5122.0 1.2240309e-14
5123.0 1.2220996e-14
5124.0 1.2188622e-14
5125.0 1.2007452e-14
5126.0 1.2031228e-14
5127.0 1.2082226e-14
5128.0 1.2161065e-14
5129.0 1.2221714e-14
5130.0 1.2103482e-14
5131.0 1.2065229e-14
5132.0 1.2193557e-14
5133.0 1.21653405e-14
5134.0 1.2073978e-14
5135.0 1.2065038e-14
5136.0 1.2055155e-14
5137.0 1.2075537e-14
5138.0 1.2083882e-14
5139.0 1.21018545e-14
5140.0 1.21121485e-14
5141.0 1.225294e-14
5142.0 1.2251467e-14
5143.0 1.22567616e-14
5144.0 1.2197393e-14
5145.0 1.2140906e-14
5146.0 1.2282966e-14
5147.0 1.23310955e-14
5148.0 1.2115172e-14
5149.0 1.2079326e-14
5150.0 1.1982589e-14
5151.0 1.2060268e-14
5152.0 1.2190036e-14
5153.0 1.2174452e-14
5154.0 1.2161815e-14
5155.0 1.21009185e-14
5156.0 1.2080684e-14
5157.0 1.2033948e-14
5158.0 1.205632e-14
5159.0 1.21370775e-14
5160.0 1.2098665e-14
5161.0 1.2055598e-14
5162.0 1.2090083e-14
5163.0 1.2102524e-14
5164.0 1.2030936e-14
5165.0 1.20383575e-14
5166.0 1.2195041e-14
5167.0 1.2191121e-14
5168.0 1.2190094e-14
5169.0 1.2079467e-14
5170.0 1.1987486e-14
5171.0 1.20940355e-14
5172.0 1.2121894e-14
5173.0 1.21491604e-14
5174.0 1.2159375e-14
5175.0 1.2218742e-14
5176.0 1.215985e-14
5177.0 1.2079803e-14
5178.0 1.1950843e-14
5179.0 1.1872942e-14
5180.0 1.1913161e-14
5181.0 1.19170454e-14
5182.0 1.1942648e-14
5183.0 1.1897877e-14
5184.0 1.179395e-14
5185.0 1.1871903e-14
5186.0 1.1950639e-14
5187.0 1.2028564e-14
5188.0 1.2055696e-14
5189.0 1.1931368e-14
5190.0 1.1912015e-14
5191.0 1.1883299e-14
5192.0 1.1895063e-14
5193.0 1.1920795e-14
5194.0 1.19393275e-14
5195.0 1.19509556e-14
5196.0 1.1997033e-14
5197.0 1.20034835e-14
5198.0 1.1962839e-14
5199.0 1.1945118e-14
5200.0 1.1901099e-14
5201.0 1.1817284e-14
5202.0 1.1713973e-14
5203.0 1.1826612e-14
5204.0 1.18814345e-14
5205.0 1.1760375e-14
5206.0 1.1729377e-14
5207.0 1.1641786e-14
5208.0 1.16722944e-14
5209.0 1.1748895e-14
5210.0 1.1751107e-14
5211.0 1.1752525e-14
5212.0 1.1854226e-14
5213.0 1.188569e-14
5214.0 1.1786056e-14
5215.0 1.17572925e-14
5216.0 1.1664228e-14
5217.0 1.162277e-14
5218.0 1.1561065e-14
5219.0 1.158804e-14
5220.0 1.1603577e-14
5221.0 1.1509301e-14
5222.0 1.1491782e-14
5223.0 1.1707295e-14
5224.0 1.1715448e-14
5225.0 1.1752309e-14
5226.0 1.1689807e-14
5227.0 1.16194e-14
5228.0 1.1836711e-14
5229.0 1.19342826e-14
5230.0 1.17238245e-14
5231.0 1.1681492e-14
5232.0 1.15744105e-14
5233.0 1.1647317e-14
5234.0 1.18017905e-14
5235.0 1.1696069e-14
5236.0 1.1607e-14
5237.0 1.16735125e-14
5238.0 1.16902185e-14
5239.0 1.17551825e-14
5240.0 1.1748825e-14
5241.0 1.1734473e-14
5242.0 1.16910604e-14
5243.0 1.16307864e-14
5244.0 1.1638221e-14
5245.0 1.1640373e-14
5246.0 1.1446642e-14
5247.0 1.1410945e-14
5248.0 1.1513957e-14
5249.0 1.1542069e-14
5250.0 1.1628116e-14
5251.0 1.1602091e-14
5252.0 1.1574853e-14
5253.0 1.1665199e-14
5254.0 1.17005125e-14
5255.0 1.1703309e-14
5256.0 1.165599e-14
5257.0 1.1369786e-14
5258.0 1.1338404e-14
5259.0 1.1284179e-14
5260.0 1.1448828e-14
5261.0 1.15759775e-14
5262.0 1.15219884e-14
5263.0 1.15025575e-14
5264.0 1.1679594e-14
5265.0 1.1649051e-14
5266.0 1.1542707e-14
5267.0 1.1473819e-14
5268.0 1.1381801e-14
5269.0 1.1402154e-14
5270.0 1.1411396e-14
5271.0 1.1475896e-14
5272.0 1.1474848e-14
5273.0 1.13638415e-14
5274.0 1.14084e-14
5275.0 1.1529214e-14
5276.0 1.1462008e-14
5277.0 1.139444e-14
5278.0 1.1435102e-14
5279.0 1.1448323e-14
5280.0 1.13208215e-14
5281.0 1.1302802e-14
5282.0 1.1277138e-14
5283.0 1.12721976e-14
5284.0 1.12673746e-14
5285.0 1.1232881e-14
5286.0 1.12059604e-14
5287.0 1.1285955e-14
5288.0 1.1304113e-14
5289.0 1.1402801e-14
5290.0 1.1410583e-14
5291.0 1.1451448e-14
5292.0 1.13217575e-14
5293.0 1.1153488e-14
5294.0 1.1278286e-14
5295.0 1.1343921e-14
5296.0 1.1339653e-14
5297.0 1.1321832e-14
5298.0 1.11611134e-14
5299.0 1.1198927e-14
5300.0 1.1297332e-14
5301.0 1.1305134e-14
5302.0 1.1312614e-14
5303.0 1.1344034e-14
5304.0 1.13532535e-14
5305.0 1.1419737e-14
5306.0 1.1383414e-14
5307.0 1.1173597e-14
5308.0 1.121138e-14
5309.0 1.1280342e-14
5310.0 1.12378106e-14
5311.0 1.1205786e-14
5312.0 1.12109046e-14
5313.0 1.1207128e-14
5314.0 1.1015289e-14
5315.0 1.1043773e-14
5316.0 1.1153419e-14
5317.0 1.118233e-14
5318.0 1.1220613e-14
5319.0 1.12390125e-14
5320.0 1.1246728e-14
5321.0 1.128332e-14
5322.0 1.1268839e-14
5323.0 1.1081068e-14
5324.0 1.109995e-14
5325.0 1.1150714e-14
5326.0 1.1166948e-14
5327.0 1.1182328e-14
5328.0 1.11795584e-14
5329.0 1.1175877e-14
5330.0 1.10621664e-14
5331.0 1.1044983e-14
5332.0 1.1008157e-14
5333.0 1.103315e-14
5334.0 1.10790105e-14
5335.0 1.1090675e-14
5336.0 1.1097885e-14
5337.0 1.100838e-14
5338.0 1.09823454e-14
5339.0 1.0960584e-14
5340.0 1.0981814e-14
5341.0 1.1064615e-14
5342.0 1.1007735e-14
5343.0 1.0936313e-14
5344.0 1.1028469e-14
5345.0 1.1075453e-14
5346.0 1.09073746e-14
5347.0 1.088121e-14
5348.0 1.090798e-14
5349.0 1.0989856e-14
5350.0 1.1189833e-14
5351.0 1.1030729e-14
5352.0 1.0877861e-14
5353.0 1.0925891e-14
5354.0 1.0941852e-14
5355.0 1.092961e-14
5356.0 1.0917363e-14
5357.0 1.0869375e-14
5358.0 1.089747e-14
5359.0 1.094877e-14
5360.0 1.0943812e-14
5361.0 1.09392255e-14
5362.0 1.0894528e-14
5363.0 1.087935e-14
5364.0 1.07621414e-14
5365.0 1.0785616e-14
5366.0 1.0876671e-14
5367.0 1.0891796e-14
5368.0 1.0912408e-14
5369.0 1.0891412e-14
5370.0 1.0878499e-14
5371.0 1.0868547e-14
5372.0 1.08682094e-14
5373.0 1.0914174e-14
5374.0 1.08548644e-14
5375.0 1.0715636e-14
5376.0 1.0786376e-14
5377.0 1.0855572e-14
5378.0 1.0811764e-14
5379.0 1.079262e-14
5380.0 1.08453124e-14
5381.0 1.0825174e-14
5382.0 1.070036e-14
5383.0 1.0668647e-14
5384.0 1.0614867e-14
5385.0 1.0643804e-14
5386.0 1.0664474e-14
5387.0 1.0720767e-14
5388.0 1.073357e-14
5389.0 1.0676109e-14
5390.0 1.0680086e-14
5391.0 1.0702968e-14
5392.0 1.06502314e-14
5393.0 1.0580949e-14
5394.0 1.0686184e-14
5395.0 1.0743488e-14
5396.0 1.0601732e-14
5397.0 1.05766116e-14
5398.0 1.05913745e-14
5399.0 1.0582938e-14
5400.0 1.0566131e-14
5401.0 1.057955e-14
5402.0 1.0593236e-14
5403.0 1.0530654e-14
5404.0 1.0503353e-14
5405.0 1.0647285e-14
5406.0 1.06550045e-14
5407.0 1.0641902e-14
5408.0 1.059782e-14
5409.0 1.0518416e-14
5410.0 1.0567134e-14
5411.0 1.0604269e-14
5412.0 1.0637486e-14
5413.0 1.06450595e-14
5414.0 1.0521477e-14
5415.0 1.0545965e-14
5416.0 1.0654538e-14
5417.0 1.0551473e-14
5418.0 1.0408366e-14
5419.0 1.0512128e-14
5420.0 1.0571961e-14
5421.0 1.06157504e-14
5422.0 1.0623278e-14
5423.0 1.0646135e-14
5424.0 1.06446275e-14
5425.0 1.0644985e-14
5426.0 1.06442124e-14
5427.0 1.06435865e-14
5428.0 1.0500144e-14
5429.0 1.0436197e-14
5430.0 1.0430649e-14
5431.0 1.0448035e-14
5432.0 1.058968e-14
5433.0 1.05721935e-14
5434.0 1.0539981e-14
5435.0 1.0593776e-14
5436.0 1.0637579e-14
5437.0 1.0454933e-14
5438.0 1.039631e-14
5439.0 1.05541415e-14
5440.0 1.0557973e-14
5441.0 1.0564349e-14
5442.0 1.0573628e-14
5443.0 1.0588601e-14
5444.0 1.0563795e-14
5445.0 1.05474135e-14
5446.0 1.0364163e-14
5447.0 1.0327086e-14
5448.0 1.03937075e-14
5449.0 1.0385445e-14
5450.0 1.0365116e-14
5451.0 1.0434517e-14
5452.0 1.0514326e-14
5453.0 1.0517349e-14
5454.0 1.0517737e-14
5455.0 1.0609274e-14
5456.0 1.0622917e-14
5457.0 1.06575735e-14
5458.0 1.0665164e-14
5459.0 1.06837045e-14
5460.0 1.0510081e-14
5461.0 1.0356262e-14
5462.0 1.0158663e-14
5463.0 1.0089316e-14
5464.0 1.0498511e-14
5465.0 1.0468526e-14
5466.0 1.0235161e-14
5467.0 1.0401199e-14
5468.0 1.06711625e-14
5469.0 1.0491707e-14
5470.0 1.0368801e-14
5471.0 1.0347827e-14
5472.0 1.0340837e-14
5473.0 1.0300445e-14
5474.0 1.0342335e-14
5475.0 1.0484028e-14
5476.0 1.0453264e-14
5477.0 1.0415346e-14
5478.0 1.0342907e-14
5479.0 1.0304592e-14
5480.0 1.0268014e-14
5481.0 1.0272757e-14
5482.0 1.0396334e-14
5483.0 1.0395149e-14
5484.0 1.0394196e-14
5485.0 1.04322306e-14
5486.0 1.0468977e-14
5487.0 1.0510108e-14
5488.0 1.05252754e-14
5489.0 1.0310139e-14
5490.0 1.0299995e-14
5491.0 1.0335329e-14
5492.0 1.0337147e-14
5493.0 1.0341292e-14
5494.0 1.0367262e-14
5495.0 1.0386518e-14
5496.0 1.032616e-14
5497.0 1.0308787e-14
5498.0 1.0321829e-14
5499.0 1.0341546e-14
5500.0 1.04188026e-14
5501.0 1.0449379e-14
5502.0 1.049179e-14
5503.0 1.0336306e-14
5504.0 1.0245992e-14
5505.0 1.0325051e-14
5506.0 1.0332754e-14
5507.0 1.0233388e-14
5508.0 1.0256477e-14
5509.0 1.0319953e-14
5510.0 1.0336357e-14
5511.0 1.0353994e-14
5512.0 1.0289298e-14
5513.0 1.0260625e-14
5514.0 1.0319884e-14
5515.0 1.0310339e-14
5516.0 1.0198817e-14
5517.0 1.0233014e-14
5518.0 1.0302293e-14
5519.0 1.0262926e-14
5520.0 1.0229932e-14
5521.0 1.0253815e-14
5522.0 1.0261282e-14
5523.0 1.025657e-14
5524.0 1.025574e-14
5525.0 1.0253641e-14
5526.0 1.0220021e-14
5527.0 1.0168281e-14
5528.0 1.01968825e-14
5529.0 1.02154986e-14
5530.0 1.0152011e-14
5531.0 1.013942e-14
5532.0 1.0192951e-14
5533.0 1.01805635e-14
5534.0 1.0141803e-14
5535.0 1.0086889e-14
5536.0 1.00208275e-14
5537.0 1.013097e-14
5538.0 1.0186289e-14
5539.0 1.0286084e-14
5540.0 1.0294567e-14
5541.0 1.0238909e-14
5542.0 1.0208426e-14
5543.0 1.0137726e-14
5544.0 1.0162872e-14
5545.0 1.0186682e-14
5546.0 1.01126e-14
5547.0 1.0084907e-14
5548.0 1.0177263e-14
5549.0 1.016938e-14
5550.0 1.00884335e-14
5551.0 1.01024866e-14
5552.0 1.0126897e-14
5553.0 1.0067315e-14
5554.0 1.0023274e-14
5555.0 1.00555415e-14
5556.0 1.00648106e-14
5557.0 1.0024771e-14
5558.0 1.0033677e-14
5559.0 1.00656135e-14
5560.0 1.0070821e-14
5561.0 1.00777126e-14
5562.0 1.0004188e-14
5563.0 9.962024e-15
5564.0 9.8905005e-15
5565.0 9.886945e-15
5566.0 1.00329765e-14
5567.0 1.00316755e-14
5568.0 1.0026509e-14
5569.0 1.0070194e-14
5570.0 1.0117328e-14
5571.0 1.002971e-14
5572.0 9.922679e-15
5573.0 9.983915e-15
5574.0 1.008331e-14
5575.0 1.006805e-14
5576.0 1.006805e-14
5577.0 1.006041e-14
5578.0 1.008331e-14
5579.0 1.015963e-14
5580.0 1.006041e-14
5581.0 1.006041e-14
5582.0 1.006041e-14
5583.0 1.006805e-14
5584.0 1.009883e-14
5585.0 1.00037784e-14
5586.0 9.851934e-15
5587.0 9.933158e-15
5588.0 9.988264e-15
5589.0 1.0111627e-14
5590.0 1.01383525e-14
5591.0 9.9813964e-15
5592.0 9.963221e-15
5593.0 9.899939e-15
5594.0 9.933125e-15
5595.0 9.974279e-15
5596.0 9.871809e-15
5597.0 9.818767e-15
5598.0 9.9447995e-15
5599.0 9.961514e-15
5600.0 9.91799e-15
5601.0 9.903135e-15
5602.0 9.8645855e-15
5603.0 9.8933414e-15
5604.0 9.92189e-15
5605.0 9.974989e-15
5606.0 9.997296e-15
5607.0 9.763107e-15
5608.0 9.758736e-15
5609.0 9.843483e-15
5610.0 9.848527e-15
5611.0 9.856552e-15
5612.0 9.910145e-15
5613.0 9.952735e-15
5614.0 9.780359e-15
5615.0 9.7302495e-15
5616.0 9.930108e-15
5617.0 9.9172235e-15
5618.0 9.843242e-15
5619.0 9.90849e-15
5620.0 1.00035955e-14
5621.0 9.947958e-15
5622.0 9.913957e-15
5623.0 9.952033e-15
5624.0 9.957319e-15
5625.0 9.861016e-15
5626.0 9.883842e-15
5627.0 9.94886e-15
5628.0 9.8847e-15
5629.0 9.809584e-15
5630.0 9.9398435e-15
5631.0 1.000402e-14
5632.0 9.892413e-15
5633.0 9.887838e-15
5634.0 9.971065e-15
5635.0 9.953179e-15
5636.0 9.910672e-15
5637.0 9.892181e-15
5638.0 9.875076e-15
5639.0 9.876409e-15
5640.0 9.877898e-15
5641.0 9.898018e-15
5642.0 9.9131595e-15
5643.0 9.984118e-15
5644.0 9.895235e-15
5645.0 9.737928e-15
5646.0 9.8424695e-15
5647.0 9.920447e-15
5648.0 9.9200255e-15
5649.0 9.920979e-15
5650.0 1.0095744e-14
5651.0 1.00566485e-14
5652.0 9.900659e-15
5653.0 9.820858e-15
5654.0 9.70942e-15
5655.0 9.787754e-15
5656.0 9.834371e-15
5657.0 9.783701e-15
5658.0 9.773934e-15
5659.0 9.753107e-15
5660.0 9.780962e-15
5661.0 9.85679e-15
5662.0 9.771083e-15
5663.0 9.675787e-15
5664.0 9.669016e-15
5665.0 9.666498e-15
5666.0 9.800096e-15
5667.0 9.810407e-15
5668.0 9.760213e-15
5669.0 9.759879e-15
5670.0 9.757946e-15
5671.0 9.797368e-15
5672.0 9.832549e-15
5673.0 9.615945e-15
5674.0 9.540409e-15
5675.0 9.83331e-15
5676.0 9.831644e-15
5677.0 9.741645e-15
5678.0 9.763221e-15
5679.0 9.7989515e-15
5680.0 9.7257585e-15
5681.0 9.673752e-15
5682.0 9.610393e-15
5683.0 9.594844e-15
5684.0 9.661873e-15
5685.0 9.663502e-15
5686.0 9.667952e-15
5687.0 9.692301e-15
5688.0 9.724723e-15
5689.0 9.653175e-15
5690.0 9.612761e-15
5691.0 9.576623e-15
5692.0 9.5765985e-15
5693.0 9.67362e-15
5694.0 9.656259e-15
5695.0 9.609132e-15
5696.0 9.597013e-15
5697.0 9.58392e-15
5698.0 9.558251e-15
5699.0 9.546829e-15
5700.0 9.433154e-15
5701.0 9.435051e-15
5702.0 9.5449974e-15
5703.0 9.523743e-15
5704.0 9.479713e-15
5705.0 9.461395e-15
5706.0 9.445431e-15
5707.0 9.4705915e-15
5708.0 9.478858e-15
5709.0 9.545285e-15
5710.0 9.5571126e-15
5711.0 9.602872e-15
5712.0 9.591682e-15
5713.0 9.5736526e-15
5714.0 9.543706e-15
5715.0 9.5225706e-15
5716.0 9.383439e-15
5717.0 9.34918e-15
5718.0 9.4586916e-15
5719.0 9.464654e-15
5720.0 9.487905e-15
5721.0 9.471208e-15
5722.0 9.44952e-15
5723.0 9.454375e-15
5724.0 9.456551e-15
5725.0 9.561592e-15
5726.0 9.556907e-15
5727.0 9.2366215e-15
5728.0 9.28261e-15
5729.0 9.406254e-15
5730.0 9.3286025e-15
5731.0 9.2462125e-15
5732.0 9.3309725e-15
5733.0 9.367213e-15
5734.0 9.410299e-15
5735.0 9.403686e-15
5736.0 9.328928e-15
5737.0 9.319933e-15
5738.0 9.303117e-15
5739.0 9.371267e-15
5740.0 9.429535e-15
5741.0 9.447265e-15
5742.0 9.452014e-15
5743.0 9.401205e-15
5744.0 9.398457e-15
5745.0 9.402523e-15
5746.0 9.354736e-15
5747.0 9.2779474e-15
5748.0 9.350901e-15
5749.0 9.400857e-15
5750.0 9.3101804e-15
5751.0 9.2848414e-15
5752.0 9.1737895e-15
5753.0 9.216284e-15
5754.0 9.370515e-15
5755.0 9.382135e-15
5756.0 9.398047e-15
5757.0 9.356989e-15
5758.0 9.333163e-15
5759.0 9.36501e-15
5760.0 9.3660185e-15
5761.0 9.3261106e-15
5762.0 9.340554e-15
5763.0 9.382652e-15
5764.0 9.350533e-15
5765.0 9.3164874e-15
5766.0 9.35208e-15
5767.0 9.3663175e-15
5768.0 9.222312e-15
5769.0 9.197175e-15
5770.0 9.134692e-15
5771.0 9.151547e-15
5772.0 9.189023e-15
5773.0 9.175972e-15
5774.0 9.164332e-15
5775.0 9.270644e-15
5776.0 9.304978e-15
5777.0 9.1385995e-15
5778.0 9.136562e-15
5779.0 9.173462e-15
5780.0 9.1676985e-15
5781.0 9.159903e-15
5782.0 9.250852e-15
5783.0 9.313754e-15
5784.0 9.118553e-15
5785.0 9.069133e-15
5786.0 9.292622e-15
5787.0 9.292444e-15
5788.0 9.29893e-15
5789.0 9.2707155e-15
5790.0 9.234093e-15
5791.0 9.163729e-15
5792.0 9.122827e-15
5793.0 9.22528e-15
5794.0 9.2408135e-15
5795.0 9.233639e-15
5796.0 9.259101e-15
5797.0 9.332748e-15
5798.0 9.3302526e-15
5799.0 9.327779e-15
5800.0 9.35761e-15
5801.0 9.369374e-15
5802.0 9.416303e-15
5803.0 9.422444e-15
5804.0 9.448112e-15
5805.0 9.411404e-15
5806.0 9.3370525e-15
5807.0 9.418699e-15
5808.0 9.49038e-15
5809.0 9.467703e-15
5810.0 9.457929e-15
5811.0 9.427657e-15
5812.0 9.418143e-15
5813.0 9.387956e-15
5814.0 9.439819e-15
5815.0 9.52934e-15
5816.0 9.542122e-15
5817.0 9.550514e-15
5818.0 9.478456e-15
5819.0 9.457647e-15
5820.0 9.516014e-15
5821.0 9.499619e-15
5822.0 9.446291e-15
5823.0 9.4828184e-15
5824.0 9.533747e-15
5825.0 9.633115e-15
5826.0 9.68969e-15
5827.0 9.625537e-15
5828.0 9.6113294e-15
5829.0 9.607767e-15
5830.0 9.6029345e-15
5831.0 9.594165e-15
5832.0 9.593105e-15
5833.0 9.592243e-15
5834.0 9.542754e-15
5835.0 9.5184345e-15
5836.0 9.518393e-15
5837.0 9.544048e-15
5838.0 9.784182e-15
5839.0 9.752503e-15
5840.0 9.686012e-15
5841.0 9.595772e-15
5842.0 9.513321e-15
5843.0 9.6562705e-15
5844.0 9.706808e-15
5845.0 9.715382e-15
5846.0 9.7134045e-15
5847.0 9.709498e-15
5848.0 9.686041e-15
5849.0 9.646663e-15
5850.0 9.627931e-15
5851.0 9.613423e-15
5852.0 9.682707e-15
5853.0 9.700312e-15
5854.0 9.697435e-15
5855.0 9.66602e-15
5856.0 9.66602e-15
5857.0 9.646443e-15
5858.0 9.646443e-15
5859.0 9.658189e-15
5860.0 9.626867e-15
5861.0 9.583237e-15
5862.0 9.610571e-15
5863.0 9.718606e-15
5864.0 9.723139e-15
5865.0 9.740502e-15
5866.0 9.72245e-15
5867.0 9.70182e-15
5868.0 9.583822e-15
5869.0 9.525396e-15
5870.0 9.461068e-15
5871.0 9.462199e-15
5872.0 9.5715934e-15
5873.0 9.574671e-15
5874.0 9.584193e-15
5875.0 9.579413e-15
5876.0 9.574788e-15
5877.0 9.536036e-15
5878.0 9.52004e-15
5879.0 9.516696e-15
5880.0 9.5001335e-15
5881.0 9.409247e-15
5882.0 9.39847e-15
5883.0 9.380025e-15
5884.0 9.388229e-15
5885.0 9.394289e-15
5886.0 9.3810136e-15
5887.0 9.375952e-15
5888.0 9.348116e-15
5889.0 9.333235e-15
5890.0 9.277441e-15
5891.0 9.299058e-15
5892.0 9.332159e-15
5893.0 9.387861e-15
5894.0 9.422835e-15
5895.0 9.1232496e-15
5896.0 9.057047e-15
5897.0 9.072309e-15
5898.0 9.134042e-15
5899.0 9.33262e-15
5900.0 9.3388576e-15
5901.0 9.346817e-15
5902.0 9.267292e-15
5903.0 9.225579e-15
5904.0 9.3522864e-15
5905.0 9.373022e-15
5906.0 9.4053005e-15
5907.0 9.424047e-15
5908.0 9.472217e-15
5909.0 9.5373996e-15
5910.0 9.602927e-15
5911.0 9.480125e-15
5912.0 9.428801e-15
5913.0 9.3662955e-15
5914.0 9.3700445e-15
5915.0 9.440473e-15
5916.0 9.4290725e-15
5917.0 9.407997e-15
5918.0 9.427382e-15
5919.0 9.443187e-15
5920.0 9.344408e-15
5921.0 9.311872e-15
5922.0 9.3779295e-15
5923.0 9.368872e-15
5924.0 9.320548e-15
5925.0 9.367055e-15
5926.0 9.441655e-15
5927.0 9.456663e-15
5928.0 9.466435e-15
5929.0 9.3220635e-15
5930.0 9.287466e-15
5931.0 9.357374e-15
5932.0 9.336573e-15
5933.0 9.267964e-15
5934.0 9.251641e-15
5935.0 9.230794e-15
5936.0 9.362643e-15
5937.0 9.434809e-15
5938.0 9.320901e-15
5939.0 9.302253e-15
5940.0 9.326841e-15
5941.0 9.313477e-15
5942.0 9.279943e-15
5943.0 9.324949e-15
5944.0 9.3731455e-15
5945.0 9.286342e-15
5946.0 9.2472425e-15
5947.0 9.1714745e-15
5948.0 9.177637e-15
5949.0 9.297915e-15
5950.0 9.306784e-15
5951.0 9.3267315e-15
5952.0 9.260511e-15
5953.0 9.202026e-15
5954.0 9.291773e-15
5955.0 9.322366e-15
5956.0 9.2635724e-15
5957.0 9.253183e-15
5958.0 9.21921e-15
5959.0 9.278581e-15
5960.0 9.380404e-15
5961.0 9.23907e-15
5962.0 9.136316e-15
5963.0 9.2098595e-15
5964.0 9.228662e-15
5965.0 9.3750005e-15
5966.0 9.325882e-15
5967.0 9.142105e-15
5968.0 9.153652e-15
5969.0 9.170154e-15
5970.0 9.21389e-15
5971.0 9.239358e-15
5972.0 9.258742e-15
5973.0 9.26065e-15
5974.0 9.240453e-15
5975.0 9.198528e-15
5976.0 9.079209e-15
5977.0 9.111394e-15
5978.0 9.148409e-15
5979.0 9.119917e-15
5980.0 9.105659e-15
5981.0 9.22638e-15
5982.0 9.240731e-15
5983.0 9.236953e-15
5984.0 9.141658e-15
5985.0 8.925506e-15
5986.0 8.921649e-15
5987.0 8.917936e-15
5988.0 9.0624606e-15
5989.0 9.116933e-15
5990.0 8.95718e-15
5991.0 8.957537e-15
5992.0 9.03368e-15
5993.0 9.054865e-15
5994.0 9.094793e-15
5995.0 9.092455e-15
5996.0 9.090364e-15
5997.0 8.997667e-15
5998.0 8.969357e-15
5999.0 9.0407486e-15
6000.0 9.016798e-15
6001.0 8.913001e-15
6002.0 8.96224e-15
6003.0 9.03667e-15
6004.0 9.0536235e-15
6005.0 9.064022e-15
6006.0 8.958783e-15
6007.0 8.938032e-15
6008.0 9.054227e-15
6009.0 9.007096e-15
6010.0 8.859187e-15
6011.0 8.855963e-15
6012.0 8.852278e-15
6013.0 8.8856916e-15
6014.0 8.902494e-15
6015.0 9.034848e-15
6016.0 9.0524715e-15
6017.0 9.031789e-15
6018.0 9.0341315e-15
6019.0 9.041968e-15
6020.0 9.038471e-15
6021.0 9.0349294e-15
6022.0 9.027821e-15
6023.0 9.024056e-15
6024.0 8.9021155e-15
6025.0 8.903779e-15
6026.0 9.003622e-15
6027.0 8.941798e-15
6028.0 8.819545e-15
6029.0 8.825071e-15
6030.0 8.829508e-15
6031.0 8.834383e-15
6032.0 8.8350746e-15
6033.0 8.943204e-15
6034.0 8.933605e-15
6035.0 8.8715055e-15
6036.0 8.8293385e-15
6037.0 8.76166e-15
6038.0 8.788336e-15
6039.0 8.806418e-15
6040.0 8.936429e-15
6041.0 8.965727e-15
6042.0 8.733522e-15
6043.0 8.770421e-15
6044.0 8.905668e-15
6045.0 8.9076035e-15
6046.0 8.910658e-15
6047.0 8.923663e-15
6048.0 8.930431e-15
6049.0 8.834535e-15
6050.0 8.812149e-15
6051.0 8.745108e-15
6052.0 8.768951e-15
6053.0 8.837111e-15
6054.0 8.859659e-15
6055.0 8.884647e-15
6056.0 8.875517e-15
6057.0 8.870553e-15
6058.0 8.9306106e-15
6059.0 8.92085e-15
6060.0 8.785552e-15
6061.0 8.757716e-15
6062.0 8.698478e-15
6063.0 8.6548675e-15
6064.0 8.614995e-15
6065.0 8.70889e-15
6066.0 8.742269e-15
6067.0 8.679263e-15
6068.0 8.68422e-15
6069.0 8.739644e-15
6070.0 8.732706e-15
6071.0 8.7215146e-15
6072.0 8.700137e-15
6073.0 8.683699e-15
6074.0 8.595391e-15
6075.0 8.569485e-15
6076.0 8.692764e-15
6077.0 8.697272e-15
6078.0 8.714261e-15
6079.0 8.681343e-15
6080.0 8.634274e-15
6081.0 8.678601e-15
6082.0 8.705493e-15
6083.0 8.797571e-15
6084.0 8.812404e-15
6085.0 8.7245994e-15
6086.0 8.72099e-15
6087.0 8.7127935e-15
6088.0 8.675977e-15
6089.0 8.632268e-15
6090.0 8.763213e-15
6091.0 8.8284635e-15
6092.0 8.7853326e-15
6093.0 8.760219e-15
6094.0 8.565237e-15
6095.0 8.598656e-15
6096.0 8.680992e-15
6097.0 8.623293e-15
6098.0 8.5662585e-15
6099.0 8.606448e-15
6100.0 8.6218815e-15
6101.0 8.548424e-15
6102.0 8.557814e-15
6103.0 8.667827e-15
6104.0 8.687523e-15
6105.0 8.726869e-15
6106.0 8.682274e-15
6107.0 8.645586e-15
6108.0 8.660762e-15
6109.0 8.664679e-15
6110.0 8.755994e-15
6111.0 8.747071e-15
6112.0 8.69713e-15
6113.0 8.651161e-15
6114.0 8.579413e-15
6115.0 8.6479565e-15
6116.0 8.693716e-15
6117.0 8.7199255e-15
6118.0 8.727154e-15
6119.0 8.841029e-15
6120.0 8.795533e-15
6121.0 8.642682e-15
6122.0 8.606291e-15
6123.0 8.559467e-15
6124.0 8.5868685e-15
6125.0 8.6014265e-15
6126.0 8.570204e-15
6127.0 8.568985e-15
6128.0 8.642663e-15
6129.0 8.597477e-15
6130.0 8.4792335e-15
6131.0 8.550174e-15
6132.0 8.626299e-15
6133.0 8.532231e-15
6134.0 8.489762e-15
6135.0 8.5462965e-15
6136.0 8.558343e-15
6137.0 8.6122685e-15
6138.0 8.5523045e-15
6139.0 8.426449e-15
6140.0 8.526344e-15
6141.0 8.6148096e-15
6142.0 8.494571e-15
6143.0 8.451522e-15
6144.0 8.611312e-15
6145.0 8.579381e-15
6146.0 8.3682705e-15
6147.0 8.420498e-15
6148.0 8.510974e-15
6149.0 8.497128e-15
6150.0 8.486729e-15
6151.0 8.538853e-15
6152.0 8.552254e-15
6153.0 8.445572e-15
6154.0 8.462589e-15
6155.0 8.532567e-15
6156.0 8.584466e-15
6157.0 8.657945e-15
6158.0 8.624422e-15
6159.0 8.6039184e-15
6160.0 8.5368216e-15
6161.0 8.523146e-15
6162.0 8.530625e-15
6163.0 8.4830816e-15
6164.0 8.34459e-15
6165.0 8.3966164e-15
6166.0 8.457178e-15
6167.0 8.50639e-15
6168.0 8.529969e-15
6169.0 8.544038e-15
6170.0 8.52973e-15
6171.0 8.374427e-15
6172.0 8.450422e-15
6173.0 8.62824e-15
6174.0 8.4737794e-15
6175.0 8.325456e-15
6176.0 8.422511e-15
6177.0 8.459879e-15
6178.0 8.484196e-15
6179.0 8.477492e-15
6180.0 8.42768e-15
6181.0 8.435481e-15
6182.0 8.450691e-15
6183.0 8.333247e-15
6184.0 8.23998e-15
6185.0 8.382072e-15
6186.0 8.424763e-15
6187.0 8.4040364e-15
6188.0 8.411429e-15
6189.0 8.447854e-15
6190.0 8.395453e-15
6191.0 8.315748e-15
6192.0 8.313335e-15
6193.0 8.311587e-15
6194.0 8.332239e-15
6195.0 8.3355276e-15
6196.0 8.293998e-15
6197.0 8.29332e-15
6198.0 8.29219e-15
6199.0 8.275188e-15
6200.0 8.253975e-15
6201.0 8.2977575e-15
6202.0 8.320841e-15
6203.0 8.343292e-15
6204.0 8.337441e-15
6205.0 8.2197864e-15
6206.0 8.247655e-15
6207.0 8.319392e-15
6208.0 8.320457e-15
6209.0 8.3215795e-15
6210.0 8.293815e-15
6211.0 8.281744e-15
6212.0 8.251817e-15
6213.0 8.244405e-15
6214.0 8.213622e-15
6215.0 8.18269e-15
6216.0 8.120046e-15
6217.0 8.115806e-15
6218.0 8.112135e-15
6219.0 8.025619e-15
6220.0 7.9963315e-15
6221.0 8.037394e-15
6222.0 8.036884e-15
6223.0 8.0265325e-15
6224.0 8.0118144e-15
6225.0 7.987702e-15
6226.0 7.969806e-15
6227.0 7.957118e-15
6228.0 7.848479e-15
6229.0 7.820849e-15
6230.0 7.881392e-15
6231.0 7.904445e-15
6232.0 7.98907e-15
6233.0 7.873627e-15
6234.0 7.71758e-15
6235.0 7.8616414e-15
6236.0 7.9444685e-15
6237.0 7.729912e-15
6238.0 7.69218e-15
6239.0 7.7275265e-15
6240.0 7.743364e-15
6241.0 7.788026e-15
6242.0 7.760248e-15
6243.0 7.729342e-15
6244.0 7.6495656e-15
6245.0 7.612386e-15
6246.0 7.676363e-15
6247.0 7.673899e-15
6248.0 7.585459e-15
6249.0 7.583854e-15
6250.0 7.5805264e-15
6251.0 7.642118e-15
6252.0 7.698678e-15
6253.0 7.597568e-15
6254.0 7.560233e-15
6255.0 7.556223e-15
6256.0 7.540949e-15
6257.0 7.456611e-15
6258.0 7.462406e-15
6259.0 7.472834e-15
6260.0 7.5154345e-15
6261.0 7.547606e-15
6262.0 7.613665e-15
6263.0 7.632293e-15
6264.0 7.504525e-15
6265.0 7.501327e-15
6266.0 7.49466e-15
6267.0 7.4828695e-15
6268.0 7.465832e-15
6269.0 7.428802e-15
6270.0 7.405855e-15
6271.0 7.410812e-15
6272.0 7.408035e-15
6273.0 7.311497e-15
6274.0 7.300144e-15
6275.0 7.265738e-15
6276.0 7.24802e-15
6277.0 7.233822e-15
6278.0 7.219513e-15
6279.0 7.24802e-15
6280.0 7.255674e-15
6281.0 7.302651e-15
6282.0 7.468533e-15
6283.0 7.49189e-15
6284.0 7.547711e-15
6285.0 7.5483985e-15
6286.0 7.549074e-15
6287.0 7.443925e-15
6288.0 7.401947e-15
6289.0 7.325653e-15
6290.0 7.340785e-15
6291.0 7.478635e-15
6292.0 7.4763295e-15
6293.0 7.472002e-15
6294.0 7.538922e-15
6295.0 7.592806e-15
6296.0 7.640537e-15
6297.0 7.6552635e-15
6298.0 7.657504e-15
6299.0 7.635228e-15
6300.0 7.535842e-15
6301.0 7.547496e-15
6302.0 7.565537e-15
6303.0 7.492356e-15
6304.0 7.444109e-15
6305.0 7.652124e-15
6306.0 7.695889e-15
6307.0 7.512581e-15
6308.0 7.541534e-15
6309.0 7.637435e-15
6310.0 7.7269615e-15
6311.0 7.840028e-15
6312.0 7.847786e-15
6313.0 7.851907e-15
6314.0 7.912763e-15
6315.0 7.923457e-15
6316.0 7.935838e-15
6317.0 7.905303e-15
6318.0 7.82733e-15
6319.0 7.81118e-15
6320.0 7.794442e-15
6321.0 7.821625e-15
6322.0 7.8332e-15
6323.0 7.829741e-15
6324.0 7.84441e-15
6325.0 7.954059e-15
6326.0 7.9721166e-15
6327.0 8.008746e-15
6328.0 8.013963e-15
6329.0 8.018399e-15
6330.0 7.936572e-15
6331.0 7.909299e-15
6332.0 7.919692e-15
6333.0 7.935315e-15
6334.0 8.00963e-15
6335.0 7.987295e-15
6336.0 7.950863e-15
6337.0 7.904825e-15
6338.0 7.87279e-15
6339.0 8.013053e-15
6340.0 8.046783e-15
6341.0 7.905905e-15
6342.0 7.903745e-15
6343.0 7.8961775e-15
6344.0 7.930479e-15
6345.0 7.976061e-15
6346.0 7.958513e-15
6347.0 7.9485944e-15
6348.0 7.933047e-15
6349.0 7.925823e-15
6350.0 7.855556e-15
6351.0 7.847903e-15
6352.0 7.8272206e-15
6353.0 7.837695e-15
6354.0 7.849083e-15
6355.0 7.837774e-15
6356.0 7.832641e-15
6357.0 7.8437275e-15
6358.0 7.8335386e-15
6359.0 7.7406e-15
6360.0 7.762714e-15
6361.0 7.809957e-15
6362.0 7.796913e-15
6363.0 7.785298e-15
6364.0 7.669955e-15
6365.0 7.629212e-15
6366.0 7.70288e-15
6367.0 7.681936e-15
6368.0 7.55079e-15
6369.0 7.576888e-15
6370.0 7.6215135e-15
6371.0 7.538386e-15
6372.0 7.477993e-15
6373.0 7.542217e-15
6374.0 7.559296e-15
6375.0 7.564523e-15
6376.0 7.582698e-15
6377.0 7.651515e-15
6378.0 7.6121115e-15
6379.0 7.557627e-15
6380.0 7.593651e-15
6381.0 7.6148e-15
6382.0 7.5099135e-15
6383.0 7.483309e-15
6384.0 7.359114e-15
6385.0 7.391632e-15
6386.0 7.484406e-15
6387.0 7.4094715e-15
6388.0 7.324997e-15
6389.0 7.331008e-15
6390.0 7.3337764e-15
6391.0 7.403392e-15
6392.0 7.388508e-15
6393.0 7.179125e-15
6394.0 7.21741e-15
6395.0 7.3025395e-15
6396.0 7.169238e-15
6397.0 7.0465408e-15
6398.0 7.1609334e-15
6399.0 7.202965e-15
6400.0 7.103331e-15
6401.0 7.12286e-15
6402.0 7.268026e-15
6403.0 7.2250614e-15
6404.0 7.149272e-15
6405.0 7.188476e-15
6406.0 7.217807e-15
6407.0 7.232295e-15
6408.0 7.236206e-15
6409.0 7.2520284e-15
6410.0 7.25249e-15
6411.0 7.254372e-15
6412.0 7.294622e-15
6413.0 7.352017e-15
6414.0 7.398312e-15
6415.0 7.4262606e-15
6416.0 7.420236e-15
6417.0 7.42319e-15
6418.0 7.5191225e-15
6419.0 7.5588915e-15
6420.0 7.67644e-15
6421.0 7.70259e-15
6422.0 7.7328475e-15
6423.0 7.8357205e-15
6424.0 7.885287e-15
6425.0 7.898971e-15
6426.0 7.903686e-15
6427.0 7.933832e-15
6428.0 8.002182e-15
6429.0 8.15827e-15
6430.0 8.194488e-15
6431.0 8.228512e-15
6432.0 8.282741e-15
6433.0 8.303006e-15
6434.0 8.332756e-15
6435.0 8.349036e-15
6436.0 8.433707e-15
6437.0 8.509055e-15
6438.0 8.645179e-15
6439.0 8.7835224e-15
6440.0 8.888978e-15
6441.0 8.967565e-15
6442.0 8.989724e-15
6443.0 9.047943e-15
6444.0 9.078871e-15
6445.0 9.202357e-15
6446.0 9.31459e-15
6447.0 9.4771e-15
6448.0 9.5610445e-15
6449.0 9.612458e-15
6450.0 9.7454385e-15
6451.0 9.777891e-15
6452.0 9.9109496e-15
6453.0 9.9715116e-15
6454.0 1.0153762e-14
6455.0 1.0139528e-14
6456.0 1.012298e-14
6457.0 1.02089036e-14
6458.0 1.0250615e-14
6459.0 1.048592e-14
6460.0 1.05159666e-14
6461.0 1.05066585e-14
6462.0 1.060747e-14
6463.0 1.0840201e-14
6464.0 1.08587676e-14
6465.0 1.0876313e-14
6466.0 1.0977722e-14
6467.0 1.1015922e-14
6468.0 1.1212445e-14
6469.0 1.1204767e-14
6470.0 1.1081839e-14
6471.0 1.11592025e-14
6472.0 1.1299925e-14
6473.0 1.12746175e-14
6474.0 1.1255047e-14
6475.0 1.142766e-14
6476.0 1.1476659e-14
6477.0 1.1632868e-14
6478.0 1.1593204e-14
6479.0 1.1427053e-14
6480.0 1.1587343e-14
6481.0 1.1819608e-14
6482.0 1.1841547e-14
6483.0 1.1854696e-14
6484.0 1.1911773e-14
6485.0 1.1929223e-14
6486.0 1.2081027e-14
6487.0 1.2109839e-14
6488.0 1.2197485e-14
6489.0 1.2242426e-14
6490.0 1.2294917e-14
6491.0 1.2301281e-14
6492.0 1.2303892e-14
6493.0 1.2460125e-14
6494.0 1.2470072e-14
6495.0 1.2374033e-14
6496.0 1.2424213e-14
6497.0 1.2539922e-14
6498.0 1.2630483e-14
6499.0 1.2715542e-14
6500.0 1.2626409e-14
6501.0 1.2592194e-14
6502.0 1.2673553e-14
6503.0 1.2692216e-14
6504.0 1.2772632e-14
6505.0 1.2729618e-14
6506.0 1.2653444e-14
6507.0 1.2720405e-14
6508.0 1.27708165e-14
6509.0 1.2864713e-14
6510.0 1.2890453e-14
6511.0 1.2664166e-14
6512.0 1.2704963e-14
6513.0 1.2877547e-14
6514.0 1.2884592e-14
6515.0 1.2895052e-14
6516.0 1.2912192e-14
6517.0 1.2922148e-14
6518.0 1.3176212e-14
6519.0 1.3220569e-14
6520.0 1.3107539e-14
6521.0 1.3164883e-14
6522.0 1.33334395e-14
6523.0 1.3245649e-14
6524.0 1.3145575e-14
6525.0 1.3090587e-14
6526.0 1.3063935e-14
6527.0 1.3254809e-14
6528.0 1.3294464e-14
6529.0 1.3443633e-14
6530.0 1.3484355e-14
6531.0 1.3575953e-14
6532.0 1.3482016e-14
6533.0 1.33957846e-14
6534.0 1.3371544e-14
6535.0 1.336208e-14
6536.0 1.3602427e-14
6537.0 1.3618465e-14
6538.0 1.3631537e-14
6539.0 1.3646068e-14
6540.0 1.3672002e-14
6541.0 1.36046095e-14
6542.0 1.35548785e-14
6543.0 1.3574693e-14
6544.0 1.35793645e-14
6545.0 1.37644014e-14
6546.0 1.37338e-14
6547.0 1.3620073e-14
6548.0 1.3641922e-14
6549.0 1.3672345e-14
6550.0 1.3649854e-14
6551.0 1.36364e-14
6552.0 1.35412235e-14
6553.0 1.3530109e-14
6554.0 1.365687e-14
6555.0 1.3648183e-14
6556.0 1.36255905e-14
6557.0 1.3555826e-14
6558.0 1.3479228e-14
6559.0 1.3569483e-14
6560.0 1.3610094e-14
6561.0 1.35107074e-14
6562.0 1.352826e-14
6563.0 1.376585e-14
6564.0 1.3698592e-14
6565.0 1.3557173e-14
6566.0 1.3625403e-14
6567.0 1.3685291e-14
6568.0 1.3558046e-14
6569.0 1.3513714e-14
6570.0 1.3478135e-14
6571.0 1.3495533e-14
6572.0 1.353641e-14
6573.0 1.376476e-14
6574.0 1.357702e-14
6575.0 1.357702e-14
6576.0 1.357702e-14
6577.0 1.357702e-14
6578.0 1.357702e-14
6579.0 1.357702e-14
6580.0 1.347548e-14
6581.0 1.353641e-14
6582.0 1.353641e-14
6583.0 1.353641e-14
6584.0 1.353641e-14
6585.0 1.3528159e-14
6586.0 1.328265e-14
6587.0 1.3236927e-14
6588.0 1.3177851e-14
6589.0 1.3122721e-14
6590.0 1.2980893e-14
6591.0 1.29912924e-14
6592.0 1.3002121e-14
6593.0 1.2917969e-14
6594.0 1.2882122e-14
6595.0 1.277961e-14
6596.0 1.2780562e-14
6597.0 1.28562856e-14
6598.0 1.2835449e-14
6599.0 1.2794492e-14
6600.0 1.2765302e-14
6601.0 1.27412034e-14
6602.0 1.2528764e-14
6603.0 1.246138e-14
6604.0 1.2327406e-14
6605.0 1.2295776e-14
6606.0 1.2172019e-14
6607.0 1.2178692e-14
6608.0 1.218897e-14
6609.0 1.2174573e-14
6610.0 1.2165228e-14
6611.0 1.1969307e-14
6612.0 1.1927728e-14
6613.0 1.2004057e-14
6614.0 1.196519e-14
6615.0 1.18418814e-14
6616.0 1.1802411e-14
6617.0 1.175448e-14
6618.0 1.1671824e-14
6619.0 1.1629985e-14
6620.0 1.1746596e-14
6621.0 1.1733592e-14
6622.0 1.1418398e-14
6623.0 1.1462594e-14
6624.0 1.1566203e-14
6625.0 1.1531529e-14
6626.0 1.1498237e-14
6627.0 1.1405052e-14
6628.0 1.1369343e-14
6629.0 1.1197725e-14
6630.0 1.1181202e-14
6631.0 1.115421e-14
6632.0 1.1113979e-14
6633.0 1.10411185e-14
6634.0 1.0931948e-14
6635.0 1.0849233e-14
6636.0 1.0841805e-14
6637.0 1.0840085e-14
6638.0 1.07285684e-14
6639.0 1.0709378e-14
6640.0 1.0636383e-14
6641.0 1.0586067e-14
6642.0 1.0515149e-14
6643.0 1.0569525e-14
6644.0 1.0602053e-14
6645.0 1.0550408e-14
6646.0 1.0540465e-14
6647.0 1.0530091e-14
6648.0 1.0519e-14
6649.0 1.0486758e-14
6650.0 1.0458228e-14
6651.0 1.0426645e-14
6652.0 1.0303326e-14
6653.0 1.02475545e-14
6654.0 1.0125897e-14
6655.0 1.0095421e-14
6656.0 9.9559685e-15
6657.0 1.00103955e-14
6658.0 1.01237064e-14
6659.0 9.990166e-15
6660.0 9.874135e-15
6661.0 9.865743e-15
6662.0 9.863471e-15
6663.0 9.945881e-15
6664.0 9.922453e-15
6665.0 9.7883475e-15
6666.0 9.735392e-15
6667.0 9.649509e-15
6668.0 9.6863384e-15
6669.0 9.711729e-15
6670.0 9.609504e-15
6671.0 9.5866266e-15
6672.0 9.6290485e-15
6673.0 9.610101e-15
6674.0 9.544783e-15
6675.0 9.4809355e-15
6676.0 9.40053e-15
6677.0 9.405424e-15
6678.0 9.40851e-15
6679.0 9.354232e-15
6680.0 9.342028e-15
6681.0 9.287155e-15
6682.0 9.268906e-15
6683.0 9.223102e-15
6684.0 9.243391e-15
6685.0 9.2633725e-15
6686.0 9.206381e-15
6687.0 9.184544e-15
6688.0 9.233018e-15
6689.0 9.2212e-15
6690.0 9.121014e-15
6691.0 9.098795e-15
6692.0 9.057126e-15
6693.0 9.1055745e-15
6694.0 9.143086e-15
6695.0 8.9546434e-15
6696.0 8.901747e-15
6697.0 9.044523e-15
6698.0 9.0316235e-15
6699.0 8.971621e-15
6700.0 8.888008e-15
6701.0 8.7696065e-15
6702.0 8.765117e-15
6703.0 8.7629895e-15
6704.0 8.6942e-15
6705.0 8.685274e-15
6706.0 8.743259e-15
6707.0 8.7331875e-15
6708.0 8.702804e-15
6709.0 8.661324e-15
6710.0 8.615734e-15
6711.0 8.530646e-15
6712.0 8.4930935e-15
6713.0 8.39275e-15
6714.0 8.396378e-15
6715.0 8.500442e-15
6716.0 8.448023e-15
6717.0 8.3387006e-15
6718.0 8.292986e-15
6719.0 8.254197e-15
6720.0 8.333093e-15
6721.0 8.360047e-15
6722.0 8.308197e-15
6723.0 8.310653e-15
6724.0 8.325811e-15
6725.0 8.270686e-15
6726.0 8.183639e-15
6727.0 8.212538e-15
6728.0 8.232102e-15
6729.0 8.287952e-15
6730.0 8.244444e-15
6731.0 8.238229e-15
6732.0 8.225798e-15
6733.0 8.225798e-15
6734.0 8.225798e-15
6735.0 8.132418e-15
6736.0 8.113624e-15
6737.0 8.0639e-15
6738.0 7.914659e-15
6739.0 7.875827e-15
6740.0 7.994427e-15
6741.0 7.986071e-15
6742.0 7.965017e-15
6743.0 7.945659e-15
6744.0 7.964305e-15
6745.0 7.846063e-15
6746.0 7.976735e-15
6747.0 7.951874e-15
6748.0 7.995382e-15
6749.0 7.920648e-15
6750.0 7.902003e-15
6751.0 7.975278e-15
6752.0 7.896791e-15
6753.0 7.840738e-15
6754.0 7.832655e-15
6755.0 7.831143e-15
6756.0 7.752219e-15
6757.0 7.724876e-15
6758.0 7.6240995e-15
6759.0 7.707285e-15
6760.0 7.815635e-15
6761.0 7.750414e-15
6762.0 7.71544e-15
6763.0 7.690555e-15
6764.0 7.679552e-15
6765.0 7.575058e-15
6766.0 7.531049e-15
6767.0 7.41844e-15
6768.0 7.566792e-15
6769.0 7.716101e-15
6770.0 7.713975e-15
6771.0 7.714089e-15
6772.0 7.645025e-15
6773.0 7.642911e-15
6774.0 7.6571186e-15
6775.0 7.638694e-15
6776.0 7.60322e-15
6777.0 7.634573e-15
6778.0 7.659185e-15
6779.0 7.5378495e-15
6780.0 7.5042435e-15
6781.0 7.455601e-15
6782.0 7.48272e-15
6783.0 7.585886e-15
6784.0 7.550029e-15
6785.0 7.4992214e-15
6786.0 7.460836e-15
6787.0 7.438987e-15
6788.0 7.538063e-15
6789.0 7.558032e-15
6790.0 7.5634655e-15
6791.0 7.526806e-15
6792.0 7.424916e-15
6793.0 7.47729e-15
6794.0 7.533143e-15
6795.0 7.453019e-15
6796.0 7.419094e-15
6797.0 7.4163266e-15
6798.0 7.4147934e-15
6799.0 7.396911e-15
6800.0 7.458171e-15
6801.0 7.577069e-15
6802.0 7.499301e-15
6803.0 7.43611e-15
6804.0 7.374165e-15
6805.0 7.35618e-15
6806.0 7.255296e-15
6807.0 7.295824e-15
6808.0 7.472116e-15
6809.0 7.4013764e-15
6810.0 7.296429e-15
6811.0 7.338293e-15
6812.0 7.364814e-15
6813.0 7.289499e-15
6814.0 7.2726274e-15
6815.0 7.211697e-15
6816.0 7.27669e-15
6817.0 7.4596565e-15
6818.0 7.433574e-15
6819.0 7.4042496e-15
6820.0 7.369135e-15
6821.0 7.354011e-15
6822.0 7.239875e-15
6823.0 7.22542e-15
6824.0 7.2015436e-15
6825.0 7.2663645e-15
6826.0 7.39783e-15
6827.0 7.3037245e-15
6828.0 7.224129e-15
6829.0 7.160024e-15
6830.0 7.140347e-15
6831.0 7.238116e-15
6832.0 7.2213015e-15
6833.0 7.1258984e-15
6834.0 7.159212e-15
6835.0 7.209102e-15
6836.0 7.191936e-15
6837.0 7.181588e-15
6838.0 7.17481e-15
6839.0 7.174432e-15
6840.0 7.168529e-15
6841.0 7.162097e-15
6842.0 7.139536e-15
6843.0 7.0712792e-15
6844.0 6.992672e-15
6845.0 7.063359e-15
6846.0 7.0976105e-15
6847.0 7.0640655e-15
6848.0 7.0565277e-15
6849.0 7.01613e-15
6850.0 7.041402e-15
6851.0 7.092807e-15
6852.0 7.1113574e-15
6853.0 7.1276815e-15
6854.0 7.128729e-15
6855.0 7.130257e-15
6856.0 7.0732524e-15
6857.0 7.082779e-15
6858.0 7.130615e-15
6859.0 7.126244e-15
6860.0 7.11849e-15
6861.0 7.111398e-15
6862.0 7.107413e-15
6863.0 6.974589e-15
6864.0 6.987079e-15
6865.0 6.987079e-15
6866.0 6.987079e-15
6867.0 7.012058e-15
6868.0 7.049528e-15
6869.0 7.049528e-15
6870.0 6.924629e-15
6871.0 7.024548e-15
6872.0 7.012058e-15
6873.0 6.974589e-15
6874.0 6.987079e-15
6875.0 7.012058e-15
6876.0 6.974589e-15
6877.0 6.974589e-15
6878.0 7.012058e-15
6879.0 6.886863e-15
6880.0 7.012058e-15
6881.0 6.824414e-15
6882.0 6.724199e-15
6883.0 6.486595e-15
6884.0 6.486595e-15
6885.0 6.399167e-15
6886.0 5.875058e-15
6887.0 5.7536204e-15
6888.0 5.7584828e-15
6889.0 5.7624664e-15
6890.0 5.8118416e-15
6891.0 5.8514226e-15
6892.0 5.967067e-15
6893.0 5.9175894e-15
6894.0 5.860371e-15
6895.0 5.961197e-15
6896.0 6.009596e-15
6897.0 6.0721293e-15
6898.0 6.0862553e-15
6899.0 6.131597e-15
6900.0 6.125919e-15
6901.0 6.1123227e-15
6902.0 6.2122523e-15
6903.0 6.298333e-15
6904.0 6.2791717e-15
6905.0 6.2739468e-15
6906.0 6.4328315e-15
6907.0 6.4360316e-15
6908.0 6.4208778e-15
6909.0 6.40888e-15
6910.0 6.389795e-15
6911.0 6.541389e-15
6912.0 6.638257e-15
6913.0 6.5834666e-15
6914.0 6.5709144e-15
6915.0 6.5175865e-15
6916.0 6.5277763e-15
6917.0 6.55421e-15
6918.0 6.5416736e-15
6919.0 6.5273913e-15
6920.0 6.534732e-15
6921.0 6.53899e-15
6922.0 6.6098237e-15
6923.0 6.6140864e-15
6924.0 6.5774675e-15
6925.0 6.550699e-15
6926.0 6.494863e-15
6927.0 6.548564e-15
6928.0 6.593522e-15
6929.0 6.694162e-15
6930.0 6.7269417e-15
6931.0 6.74304e-15
6932.0 6.749029e-15
6933.0 6.7673905e-15
6934.0 6.7213657e-15
6935.0 6.6532867e-15
6936.0 6.6742355e-15
6937.0 6.687658e-15
6938.0 6.5682124e-15
6939.0 6.549832e-15
6940.0 6.6183284e-15
6941.0 6.595727e-15
6942.0 6.5307426e-15
6943.0 6.5813736e-15
6944.0 6.635653e-15
6945.0 6.650341e-15
6946.0 6.6576514e-15
6947.0 6.513321e-15
6948.0 6.5297715e-15
6949.0 6.727628e-15
6950.0 6.7071313e-15
6951.0 6.666391e-15
6952.0 6.5810784e-15
6953.0 6.5139934e-15
6954.0 6.594461e-15
6955.0 6.619105e-15
6956.0 6.4798707e-15
6957.0 6.4901918e-15
6958.0 6.5315087e-15
6959.0 6.584466e-15
6960.0 6.6569175e-15
6961.0 6.637604e-15
6962.0 6.6272226e-15
6963.0 6.6175262e-15
6964.0 6.622319e-15
6965.0 6.6959763e-15
6966.0 6.712626e-15
6967.0 6.752454e-15
6968.0 6.7013185e-15
6969.0 6.649728e-15
6970.0 6.737896e-15
6971.0 6.7742633e-15
6972.0 6.7460694e-15
6973.0 6.7499107e-15
6974.0 6.778079e-15
6975.0 6.781881e-15
6976.0 6.7873788e-15
6977.0 6.709952e-15
6978.0 6.653409e-15
6979.0 6.6842745e-15
6980.0 6.6936724e-15
6981.0 6.7119357e-15
6982.0 6.7146944e-15
6983.0 6.7203903e-15
6984.0 6.6856247e-15
6985.0 6.640808e-15
6986.0 6.605999e-15
6987.0 6.5884006e-15
6988.0 6.613842e-15
6989.0 6.6071907e-15
6990.0 6.4853853e-15
6991.0 6.5649826e-15
6992.0 6.7463083e-15
6993.0 6.7454523e-15
6994.0 6.7447747e-15
6995.0 6.6326174e-15
6996.0 6.5931e-15
6997.0 6.6592494e-15
6998.0 6.6606385e-15
6999.0 6.644578e-15
7000.0 6.6013915e-15
7001.0 6.5307807e-15
7002.0 6.619606e-15
7003.0 6.679648e-15
7004.0 6.590542e-15
7005.0 6.578424e-15
7006.0 6.795415e-15
7007.0 6.7659632e-15
7008.0 6.672956e-15
7009.0 6.6465587e-15
7010.0 6.6157318e-15
7011.0 6.578789e-15
7012.0 6.5622073e-15
7013.0 6.615644e-15
7014.0 6.6226287e-15
7015.0 6.6189776e-15
7016.0 6.5833133e-15
7017.0 6.5086588e-15
7018.0 6.622399e-15
7019.0 6.717797e-15
7020.0 6.6735147e-15
7021.0 6.6607507e-15
7022.0 6.559977e-15
7023.0 6.564799e-15
7024.0 6.589499e-15
7025.0 6.610413e-15
7026.0 6.6397723e-15
7027.0 6.602941e-15
7028.0 6.5816827e-15
7029.0 6.7791177e-15
7030.0 6.8174065e-15
7031.0 6.8204253e-15
7032.0 6.8203643e-15
7033.0 6.8172845e-15
7034.0 6.7415064e-15
7035.0 6.663395e-15
7036.0 6.707833e-15
7037.0 6.7271454e-15
7038.0 6.5812537e-15
7039.0 6.575376e-15
7040.0 6.602018e-15
7041.0 6.6855273e-15
7042.0 6.8331435e-15
7043.0 6.815924e-15
7044.0 6.80376e-15
7045.0 6.6681856e-15
7046.0 6.634786e-15
7047.0 6.707377e-15
7048.0 6.7350143e-15
7049.0 6.8248612e-15
7050.0 6.6744295e-15
7051.0 6.4845924e-15
7052.0 6.5423423e-15
7053.0 6.5731294e-15
7054.0 6.5879648e-15
7055.0 6.5965e-15
7056.0 6.643844e-15
7057.0 6.6414574e-15
7058.0 6.6335893e-15
7059.0 6.6175288e-15
7060.0 6.6033587e-15
7061.0 6.5824396e-15
7062.0 6.576686e-15
7063.0 6.5781303e-15
7064.0 6.585132e-15
7065.0 6.609546e-15
7066.0 6.6165682e-15
7067.0 6.62613e-15
7068.0 6.5760042e-15
7069.0 6.5451227e-15
7070.0 6.6161477e-15
7071.0 6.630646e-15
7072.0 6.592181e-15
7073.0 6.598606e-15
7074.0 6.6122505e-15
7075.0 6.6601997e-15
7076.0 6.7117938e-15
7077.0 6.7158324e-15
7078.0 6.7190516e-15
7079.0 6.6506647e-15
7080.0 6.6620094e-15
7081.0 6.7645716e-15
7082.0 6.714496e-15
7083.0 6.6192063e-15
7084.0 6.597259e-15
7085.0 6.5811745e-15
7086.0 6.687418e-15
7087.0 6.718181e-15
7088.0 6.5294238e-15
7089.0 6.5223252e-15
7090.0 6.4900367e-15
7091.0 6.5374346e-15
7092.0 6.5977425e-15
7093.0 6.5853716e-15
7094.0 6.580236e-15
7095.0 6.5459413e-15
7096.0 6.536757e-15
7097.0 6.4716714e-15
7098.0 6.490001e-15
7099.0 6.5276353e-15
7100.0 6.583063e-15
7101.0 6.6336275e-15
7102.0 6.545932e-15
7103.0 6.51756e-15
7104.0 6.6706597e-15
7105.0 6.6688712e-15
7106.0 6.6197344e-15
7107.0 6.650883e-15
7108.0 6.6968017e-15
7109.0 6.6433565e-15
7110.0 6.610904e-15
7111.0 6.5018313e-15
7112.0 6.487571e-15
7113.0 6.5923736e-15
7114.0 6.611905e-15
7115.0 6.659458e-15
7116.0 6.6515435e-15
7117.0 6.6429122e-15
7118.0 6.640847e-15
7119.0 6.642157e-15
7120.0 6.6276347e-15
7121.0 6.6320537e-15
7122.0 6.649424e-15
7123.0 6.647744e-15
7124.0 6.641566e-15
7125.0 6.5626647e-15
7126.0 6.5051516e-15
7127.0 6.470944e-15
7128.0 6.4648837e-15
7129.0 6.464235e-15
7130.0 6.477765e-15
7131.0 6.513827e-15
7132.0 6.5157717e-15
7133.0 6.517218e-15
7134.0 6.5845737e-15
7135.0 6.6207733e-15
7136.0 6.5348206e-15
7137.0 6.5404564e-15
7138.0 6.6623156e-15
7139.0 6.648263e-15
7140.0 6.6131386e-15
7141.0 6.5666466e-15
7142.0 6.527305e-15
7143.0 6.522857e-15
7144.0 6.524625e-15
7145.0 6.6518577e-15
7146.0 6.64767e-15
7147.0 6.6009845e-15
7148.0 6.6358268e-15
7149.0 6.683696e-15
7150.0 6.6439583e-15
7151.0 6.622679e-15
7152.0 6.771808e-15
7153.0 6.7956352e-15
7154.0 6.6981294e-15
7155.0 6.725441e-15
7156.0 6.7859536e-15
7157.0 6.644753e-15
7158.0 6.5054765e-15
7159.0 6.5530204e-15
7160.0 6.5747447e-15
7161.0 6.5764777e-15
7162.0 6.548329e-15
7163.0 6.377056e-15
7164.0 6.357388e-15
7165.0 6.3214607e-15
7166.0 6.2740637e-15
7167.0 6.2438525e-15
7168.0 6.2833772e-15
7169.0 6.296649e-15
7170.0 6.298656e-15
7171.0 6.2499423e-15
7172.0 6.094704e-15
7173.0 6.1101675e-15
7174.0 6.1268523e-15
7175.0 6.1143573e-15
7176.0 6.11207e-15
7177.0 6.2333493e-15
7178.0 6.2362297e-15
7179.0 6.1425563e-15
7180.0 6.1255708e-15
7181.0 6.0882695e-15
7182.0 5.9723433e-15
7183.0 5.8850282e-15
7184.0 5.7078162e-15
7185.0 5.6644676e-15
7186.0 5.8099726e-15
7187.0 5.8249037e-15
7188.0 5.861342e-15
7189.0 5.9115797e-15
7190.0 5.973261e-15
7191.0 5.9619947e-15
7192.0 5.9595493e-15
7193.0 5.992885e-15
7194.0 6.0151926e-15
7195.0 6.1281995e-15
7196.0 6.1677996e-15
7197.0 6.244148e-15
7198.0 6.1240465e-15
7199.0 6.022244e-15
7200.0 6.060059e-15
7201.0 6.07719e-15
7202.0 6.042518e-15
7203.0 6.070611e-15
7204.0 6.166056e-15
7205.0 6.2239833e-15
7206.0 6.3022186e-15
7207.0 6.4688944e-15
7208.0 6.568149e-15
7209.0 6.4414878e-15
7210.0 6.4465022e-15
7211.0 6.6942996e-15
7212.0 6.680625e-15
7213.0 6.6353097e-15
7214.0 6.743061e-15
7215.0 6.845746e-15
7216.0 6.7858478e-15
7217.0 6.77015e-15
7218.0 6.5696955e-15
7219.0 6.565708e-15
7220.0 6.560357e-15
7221.0 6.5801263e-15
7222.0 6.605618e-15
7223.0 6.5673226e-15
7224.0 6.5466685e-15
7225.0 6.509666e-15
7226.0 6.5132357e-15
7227.0 6.5803804e-15
7228.0 6.606424e-15
7229.0 6.6592875e-15
7230.0 6.4682426e-15
7231.0 6.2699136e-15
7232.0 6.2314444e-15
7233.0 6.2218166e-15
7234.0 6.3966865e-15
7235.0 6.419503e-15
7236.0 6.4312294e-15
7237.0 6.5077554e-15
7238.0 6.6301623e-15
7239.0 6.471721e-15
7240.0 6.365466e-15
7241.0 6.434083e-15
7242.0 6.460463e-15
7243.0 6.5260073e-15
7244.0 6.5498224e-15
7245.0 6.5979754e-15
7246.0 6.5956033e-15
7247.0 6.5916117e-15
7248.0 6.6042185e-15
7249.0 6.6166597e-15
7250.0 6.24843e-15
7251.0 6.2222443e-15
7252.0 6.224885e-15
7253.0 6.273764e-15
7254.0 6.353733e-15
7255.0 6.5004044e-15
7256.0 6.6132584e-15
7257.0 6.643014e-15
7258.0 6.6616325e-15
7259.0 6.7463875e-15
7260.0 6.741971e-15
7261.0 6.6966065e-15
7262.0 6.6444314e-15
7263.0 6.5790896e-15
7264.0 6.6215844e-15
7265.0 6.6493975e-15
7266.0 6.6429054e-15
7267.0 6.689457e-15
7268.0 6.966604e-15
7269.0 6.9496406e-15
7270.0 6.901575e-15
7271.0 6.862712e-15
7272.0 6.835071e-15
7273.0 6.826053e-15
7274.0 6.834658e-15
7275.0 6.5672425e-15
7276.0 6.5604332e-15
7277.0 6.498092e-15
7278.0 6.50235e-15
7279.0 6.503743e-15
7280.0 6.851501e-15
7281.0 7.038273e-15
7282.0 7.050478e-15
7283.0 7.0597736e-15
7284.0 7.012885e-15
7285.0 6.9501366e-15
7286.0 6.8000123e-15
7287.0 6.8084504e-15
7288.0 6.8185165e-15
7289.0 6.868905e-15
7290.0 6.896856e-15
7291.0 7.0424195e-15
7292.0 7.081491e-15
7293.0 7.171745e-15
7294.0 7.132488e-15
7295.0 7.0738335e-15
7296.0 7.19901e-15
7297.0 7.275902e-15
7298.0 7.237262e-15
7299.0 7.237319e-15
7300.0 7.143695e-15
7301.0 7.127289e-15
7302.0 7.0671372e-15
7303.0 7.126139e-15
7304.0 7.180501e-15
