3009.6510808273 3.828959e-18
3012.649502734725 1.1031151e-16
3015.64792464215 8.274081e-18
3018.646346549575 -8.225138e-17
3021.644768457 1.12962316e-17
3024.6431903644248 1.975504e-17
3027.6416122718497 4.3283046e-17
3030.6400341792746 7.940339e-17
3033.6384560866995 8.905116e-17
3036.6368779941245 6.943448e-17
3039.6352999015494 6.844551e-17
3042.6337218089743 3.1070664e-17
3045.6321437163992 -2.358412e-18
3048.630565623824 1.9689283e-17
3051.628987531249 5.2383123e-18
3054.627409438674 -3.7474405e-17
3057.625831346099 -2.8821848e-17
3060.624253253524 -4.1177754e-18
3063.622675160949 2.1266074e-17
3066.6210970683737 1.0874941e-17
3069.6195189757987 1.0112746e-17
3072.6179408832236 1.6851891e-17
3075.6163627906485 4.902203e-17
3078.6147846980734 6.3123708e-18
3081.6132066054984 5.672082e-17
3084.6116285129233 -6.7455797e-18
3087.610050420348 -1.1071422e-17
3090.608472327773 3.8227676e-17
3093.606894235198 4.6878542e-17
3096.605316142623 1.30204176e-17
3099.603738050048 -2.8952433e-17
3102.602159957473 1.6246713e-18
3105.600581864898 9.40878e-18
3108.5990037723227 7.5065234e-18
3111.5974256797476 -3.9148953e-18
3114.5958475871726 2.0496741e-17
3117.5942694945975 4.2757432e-17
3120.5926914020224 4.1764144e-17
3123.5911133094473 3.0015503e-17
3126.5895352168723 -3.3736154e-18
3129.587957124297 -2.883119e-18
3132.586379031722 2.9729735e-17
3135.584800939147 9.988176e-18
3138.583222846572 7.316055e-18
3141.581644753997 1.2788576e-18
3144.580066661422 7.788265e-18
3147.5784885688468 2.068584e-17
3150.5769104762717 2.9123263e-18
3153.5753323836966 -1.8135018e-17
3156.5737542911215 5.933643e-18
3159.5721761985465 1.21843894e-17
3162.5705981059714 -1.7317168e-17
3165.5690200133963 -2.9765476e-17
3168.5674419208212 -2.160433e-17
3171.565863828246 -2.821072e-17
3174.564285735671 -8.6217325e-18
3177.562707643096 1.2460217e-17
3180.561129550521 1.6065714e-17
3183.559551457946 1.479801e-17
3186.557973365371 -2.3295014e-19
3189.5563952727957 7.9509376e-19
3192.5548171802207 1.505618e-17
3195.5532390876456 2.9449215e-17
3198.5516609950705 9.627392e-18
3201.5500829024954 5.856748e-18
3204.5485048099204 1.9748216e-17
3207.5469267173453 1.1960097e-17
3210.54534862477 1.8782564e-17
3213.543770532195 2.6632084e-17
3216.54219243962 1.3553503e-18
3219.540614347045 3.6611266e-18
3222.53903625447 6.18283e-18
3225.537458161895 -2.5817901e-18
3228.53588006932 2.1492543e-18
3231.5343019767447 -2.9614468e-18
3234.5327238841696 -1.1996201e-17
3237.5311457915946 -5.2355268e-18
3240.5295676990195 6.1354497e-18
3243.5279896064444 2.8033055e-17
3246.5264115138693 1.11467625e-17
3249.5248334212943 1.7172198e-20
3252.523255328719 8.599688e-18
3255.521677236144 3.649487e-18
3258.520099143569 2.4204235e-18
3261.518521050994 1.7213236e-17
3264.516942958419 1.1722268e-17
3267.515364865844 6.7375027e-18
3270.5137867732687 1.5105354e-17
3273.5122086806937 1.131052e-17
3276.5106305881186 1.9323655e-17
3279.5090524955435 -4.4677878e-18
3282.5074744029685 1.5902093e-18
3285.5058963103934 8.845132e-18
3288.5043182178183 1.4053147e-17
3291.5027401252432 2.8968262e-17
3294.501162032668 1.5596604e-20
3297.499583940093 4.1834895e-18
3300.498005847518 8.31784e-19
3303.496427754943 4.527047e-18
3306.494849662368 2.3460063e-17
3309.493271569793 1.1239252e-17
3312.4916934772177 1.28754385e-17
3315.4901153846426 -1.6815347e-18
3318.4885372920676 -6.4979793e-19
3321.4869591994925 1.7517763e-17
3324.4853811069174 2.5853195e-18
3327.4838030143424 -3.187401e-18
3330.4822249217673 5.5324536e-18
3333.480646829192 -1.3378631e-18
3336.479068736617 -1.0872276e-17
3339.477490644042 1.3552744e-17
3342.475912551467 3.8427112e-17
3345.474334458892 5.1795122e-17
3348.472756366317 5.656893e-17
3351.4711782737418 4.869624e-17
3354.4696001811667 2.2566187e-17
3357.4680220885916 1.5649197e-17
3360.4664439960166 2.1383848e-17
3363.4648659034415 3.0467633e-17
3366.4632878108664 2.054552e-17
3369.4617097182913 1.415132e-17
3372.4601316257163 1.0454239e-17
3375.458553533141 7.015175e-18
3378.456975440566 1.7106605e-17
3381.455397347991 5.830531e-18
3384.453819255416 9.812651e-18
3387.452241162841 1.3920895e-17
3390.450663070266 -4.8419234e-19
3393.4490849776907 -1.1451729e-18
3396.4475068851157 1.7708522e-17
3399.4459287925406 3.0917212e-17
3402.4443506999655 1.2653041e-17
3405.4427726073905 9.270634e-18
3408.4411945148154 9.9838285e-18
3411.4396164222403 5.403135e-18
3414.4380383296652 6.6763278e-18
3417.43646023709 1.729053e-17
3420.434882144515 1.6171002e-17
3423.43330405194 4.388324e-18
3426.431725959365 5.2228076e-18
3429.43014786679 1.0487398e-17
3432.428569774215 8.061659e-18
3435.4269916816397 2.922743e-18
3438.4254135890646 1.9169474e-17
3441.4238354964896 2.3063668e-17
3444.4222574039145 2.4100248e-17
3447.4206793113394 2.4277672e-17
3450.4191012187644 1.8195234e-17
3453.4175231261893 1.2534896e-17
3456.415945033614 1.0158082e-17
3459.414366941039 7.700845e-18
3462.412788848464 3.4476609e-18
3465.411210755889 -1.6459652e-18
3468.409632663314 7.237768e-18
3471.408054570739 2.352254e-18
3474.4064764781638 5.9438167e-18
3477.4048983855887 3.514983e-18
3480.4033202930136 -1.0103428e-18
3483.4017422004385 4.8477693e-18
3486.4001641078635 6.8426143e-19
3489.3985860152884 -3.4475612e-18
3492.3970079227133 4.5580563e-18
3495.3954298301383 -4.0431294e-18
3498.393851737563 -9.3497705e-18
3501.392273644988 -4.0442523e-18
3504.390695552413 -7.7781365e-18
3507.389117459838 9.08494e-19
3510.387539367263 1.1206068e-17
3513.385961274688 1.1661537e-17
3516.3843831821127 1.1049155e-17
3519.3828050895377 1.4032236e-17
3522.3812269969626 1.16043075e-17
3525.3796489043875 2.0421149e-17
3528.3780708118124 1.6012852e-17
3531.3764927192374 1.1459824e-17
3534.3749146266623 1.4379271e-17
3537.3733365340872 1.7999293e-17
3540.371758441512 1.3790525e-17
3543.370180348937 1.1252204e-17
3546.368602256362 1.5707984e-17
3549.367024163787 2.2627463e-17
3552.365446071212 2.8538926e-17
3555.363867978637 2.621961e-17
3558.3622898860617 2.8772756e-17
3561.3607117934866 3.2283476e-17
3564.3591337009116 2.804441e-17
3567.3575556083365 3.1609837e-17
3570.3559775157614 2.6371109e-17
3573.3543994231864 3.3163153e-17
3576.3528213306113 3.8443007e-17
3579.351243238036 4.2321323e-17
3582.349665145461 3.7306802e-17
3585.348087052886 3.2778316e-17
3588.346508960311 3.6139455e-17
3591.344930867736 4.4541625e-17
3594.343352775161 4.918493e-17
3597.3417746825858 5.1124834e-17
3600.3401965900107 4.4831657e-17
3603.3386184974356 5.16142e-17
3606.3370404048605 4.7966688e-17
3609.3354623122855 5.3035515e-17
3612.3338842197104 5.1306526e-17
3615.3323061271353 5.024469e-17
3618.3307280345603 5.424649e-17
3621.329149941985 5.208878e-17
3624.32757184941 6.2838866e-17
3627.325993756835 5.624772e-17
3630.32441566426 4.803296e-17
3633.322837571685 4.9066733e-17
3636.32125947911 4.5783097e-17
3639.3196813865347 4.5721366e-17
3642.3181032939597 5.5237857e-17
3645.3165252013846 5.868465e-17
3648.3149471088095 5.609913e-17
3651.3133690162344 5.754738e-17
3654.3117909236594 6.4254033e-17
3657.3102128310843 6.199007e-17
3660.308634738509 6.883511e-17
3663.307056645934 5.954901e-17
3666.305478553359 5.9350394e-17
3669.303900460784 4.9474917e-17
3672.302322368209 4.1691058e-17
3675.300744275634 3.135968e-17
3678.299166183059 2.3480491e-17
3681.2975880904837 1.8011828e-17
3684.2960099979086 1.5123312e-17
3687.2944319053336 9.1999235e-18
3690.2928538127585 9.188307e-18
3693.2912757201834 2.351919e-17
3696.2896976276083 3.460562e-17
3699.2881195350333 3.9099564e-17
3702.286541442458 4.4853396e-17
3705.284963349883 5.0727347e-17
3708.283385257308 5.894872e-17
3711.281807164733 7.044228e-17
3714.280229072158 7.630636e-17
3717.278650979583 7.868961e-17
3720.2770728870078 8.141051e-17
3723.2754947944327 8.12358e-17
3726.2739167018576 8.943134e-17
3729.2723386092825 8.7798836e-17
3732.2707605167075 7.4099494e-17
3735.2691824241324 7.871639e-17
3738.2676043315573 8.309319e-17
3741.2660262389822 7.494849e-17
3744.264448146407 6.327053e-17
3747.262870053832 5.8816486e-17
3750.261291961257 6.10011e-17
3753.259713868682 6.29945e-17
3756.258135776107 6.6249603e-17
3759.256557683532 6.273029e-17
3762.2549795909567 6.95972e-17
3765.2534014983817 7.532704e-17
3768.2518234058066 7.298568e-17
3771.2502453132315 8.099868e-17
3774.2486672206564 7.764075e-17
3777.2470891280814 7.5555855e-17
3780.2455110355063 8.330901e-17
3783.243932942931 7.621377e-17
3786.242354850356 6.9003996e-17
3789.240776757781 7.1064655e-17
3792.239198665206 7.372033e-17
3795.237620572631 6.606306e-17
3798.236042480056 5.8758576e-17
3801.234464387481 5.2748232e-17
3804.2328862949057 5.294727e-17
3807.2313082023306 4.894364e-17
3810.2297301097556 4.4761704e-17
3813.2281520171805 4.276146e-17
3816.2265739246054 4.661529e-17
3819.2249958320303 4.2887803e-17
3822.2234177394553 3.825971e-17
3825.22183964688 4.3665802e-17
3828.220261554305 6.009286e-17
3831.21868346173 6.8602264e-17
3834.217105369155 7.1598696e-17
3837.21552727658 7.90254e-17
3840.213949184005 8.432614e-17
3843.2123710914298 8.1161724e-17
3846.2107929988547 7.4894514e-17
3849.2092149062796 6.488486e-17
3852.2076368137045 5.695255e-17
3855.2060587211295 5.370862e-17
3858.2044806285544 5.0021938e-17
3861.2029025359793 4.3424563e-17
3864.2013244434042 4.6136717e-17
3867.199746350829 4.432643e-17
3870.198168258254 4.1872266e-17
3873.196590165679 4.3308795e-17
3876.195012073104 4.4175994e-17
3879.193433980529 3.9516234e-17
3882.191855887954 3.8729096e-17
3885.1902777953787 4.135169e-17
3888.1886997028037 4.7579492e-17
3891.1871216102286 4.3072476e-17
3894.1855435176535 4.0365345e-17
3897.1839654250784 3.9437288e-17
3900.1823873325034 4.0383176e-17
3903.1808092399283 3.5604037e-17
3906.179231147353 2.8949614e-17
3909.177653054778 2.137907e-17
3912.176074962203 2.1313132e-17
3915.174496869628 3.1959493e-17
3918.172918777053 3.261203e-17
3921.171340684478 3.35673e-17
3924.169762591903 3.508032e-17
3927.1681844993277 3.698947e-17
3930.1666064067526 3.915164e-17
3933.1650283141776 5.2320375e-17
3936.1634502216025 6.075158e-17
3939.1618721290274 7.0338304e-17
3942.1602940364523 7.3030545e-17
3945.1587159438773 6.704197e-17
3948.157137851302 6.249121e-17
3951.155559758727 6.461542e-17
3954.153981666152 5.739091e-17
3957.152403573577 4.101813e-17
3960.150825481002 3.87203e-17
3963.149247388427 4.4749078e-17
3966.1476692958518 5.3696922e-17
3969.1460912032767 6.003065e-17
3972.1445131107016 5.5326988e-17
3975.1429350181265 5.1738916e-17
3978.1413569255515 5.2632583e-17
3981.1397788329764 5.0239255e-17
3984.1382007404013 5.1664503e-17
3987.1366226478262 5.647085e-17
3990.135044555251 5.947618e-17
3993.133466462676 5.993696e-17
3996.131888370101 6.458547e-17
3999.130310277526 6.6248895e-17
4002.128732184951 7.225313e-17
4005.127154092376 7.300368e-17
4008.1255759998007 6.8721556e-17
4011.1239979072257 6.0277174e-17
4014.1224198146506 6.492501e-17
4017.1208417220755 6.4084534e-17
4020.1192636295004 5.995296e-17
4023.1176855369254 5.9799117e-17
4026.1161074443503 5.6842283e-17
4029.114529351775 6.114908e-17
4032.1129512592 6.173998e-17
4035.111373166625 6.004747e-17
4038.10979507405 5.7622215e-17
4041.108216981475 5.6513807e-17
4044.1066388889 6.0138274e-17
4047.105060796325 6.579622e-17
4050.1034827037497 7.241479e-17
4053.1019046111746 7.2944095e-17
4056.1003265185996 7.487406e-17
4059.0987484260245 7.8205765e-17
4062.0971703334494 7.519873e-17
4065.0955922408743 7.812566e-17
4068.0940141482993 8.3871e-17
4071.092436055724 7.574315e-17
4074.090857963149 6.7026624e-17
4077.089279870574 6.798277e-17
4080.087701777999 7.1781245e-17
4083.086123685424 7.2627033e-17
4086.084545592849 6.7068135e-17
4089.0829675002738 7.285316e-17
4092.0813894076987 7.291582e-17
4095.0798113151236 6.8734963e-17
4098.078233222549 6.4967546e-17
4101.076655129974 6.494655e-17
4104.075077037399 6.069403e-17
4107.073498944824 6.415922e-17
4110.071920852249 6.551182e-17
4113.070342759674 5.940537e-17
4116.068764667099 5.8618816e-17
4119.0671865745235 5.855597e-17
4122.065608481948 5.3826092e-17
4125.064030389373 4.9112545e-17
4128.062452296798 4.531138e-17
4131.060874204223 5.3252674e-17
4134.059296111648 5.4926417e-17
4137.057718019073 5.2485705e-17
4140.056139926498 5.6434774e-17
4143.054561833923 5.688383e-17
4146.052983741348 5.890026e-17
4149.051405648773 6.286841e-17
4152.049827556198 7.0353266e-17
4155.048249463623 7.665677e-17
4158.0466713710475 8.0726945e-17
4161.045093278472 8.5957387e-17
4164.043515185897 8.046956e-17
4167.041937093322 8.9560175e-17
4170.040359000747 1.0141217e-16
4173.038780908172 1.08806656e-16
4176.037202815597 1.2123996e-16
4179.035624723022 1.2852219e-16
4182.034046630447 1.4126629e-16
4185.032468537872 1.5897656e-16
4188.030890445297 1.5661864e-16
4191.029312352722 1.5169399e-16
4194.027734260147 1.5817071e-16
4197.026156167572 1.6232296e-16
4200.0245780749965 1.57999e-16
4203.022999982421 1.543707e-16
4206.021421889846 1.5419802e-16
4209.019843797271 1.5360448e-16
4212.018265704696 1.5147456e-16
4215.016687612121 1.5288541e-16
4218.015109519546 1.5655648e-16
4221.013531426971 1.4782383e-16
4224.011953334396 1.4992218e-16
4227.010375241821 1.5046618e-16
4230.008797149246 1.5058156e-16
4233.007219056671 1.5373367e-16
4236.005640964096 1.4346983e-16
4239.004062871521 1.380504e-16
4242.0024847789455 1.433051e-16
4245.00090668637 1.4340289e-16
4247.999328593795 1.3612668e-16
4250.99775050122 1.3544607e-16
4253.996172408645 1.4202542e-16
4256.99459431607 1.4684485e-16
4259.993016223495 1.4732661e-16
4262.99143813092 1.4593831e-16
4265.989860038345 1.4550233e-16
4268.98828194577 1.4567738e-16
4271.986703853195 1.4722109e-16
4274.98512576062 1.4902823e-16
4277.983547668045 1.4740141e-16
4280.9819695754695 1.3733363e-16
4283.980391482894 1.3738043e-16
4286.978813390319 1.3999354e-16
4289.977235297744 1.4179224e-16
4292.975657205169 1.4135762e-16
4295.974079112594 1.3922621e-16
4298.972501020019 1.3650289e-16
4301.970922927444 1.3670167e-16
4304.969344834869 1.3927959e-16
4307.967766742294 1.4504326e-16
4310.966188649719 1.4705449e-16
4313.964610557144 1.4274951e-16
4316.963032464569 1.4129784e-16
4319.961454371994 1.4230287e-16
4322.9598762794185 1.3906615e-16
4325.958298186843 1.3599114e-16
4328.956720094268 1.3522393e-16
4331.955142001693 1.3790705e-16
4334.953563909118 1.3897088e-16
4337.951985816543 1.331086e-16
4340.950407723968 1.2838507e-16
4343.948829631393 1.2741243e-16
4346.947251538818 1.2475674e-16
4349.945673446243 1.2817832e-16
4352.944095353668 1.2894576e-16
4355.942517261093 1.2557414e-16
4358.940939168518 1.2032636e-16
4361.9393610759425 1.2387051e-16
4364.9377829833675 1.2471943e-16
4367.936204890792 1.1681772e-16
4370.934626798217 1.1407493e-16
4373.933048705642 1.224449e-16
4376.931470613067 1.2756126e-16
4379.929892520492 1.2999258e-16
4382.928314427917 1.2805224e-16
4385.926736335342 1.2534754e-16
4388.925158242767 1.2408552e-16
4391.923580150192 1.2412695e-16
4394.922002057617 1.147326e-16
4397.920423965042 1.1351317e-16
4400.918845872467 1.1579306e-16
4403.9172677798915 1.04746205e-16
4406.915689687316 9.271815e-17
4409.914111594741 7.814597e-17
4412.912533502166 6.4825536e-17
4415.910955409591 4.901972e-17
4418.909377317016 3.4412222e-17
4421.907799224441 2.9120844e-17
4424.906221131866 2.7240194e-17
4427.904643039291 2.0236178e-17
4430.903064946716 1.6828935e-17
4433.901486854141 1.705617e-17
4436.899908761566 2.4303817e-17
4439.898330668991 3.8827722e-17
4442.896752576416 5.3789563e-17
4445.8951744838405 6.771734e-17
4448.893596391265 8.49229e-17
4451.89201829869 1.1198762e-16
4454.890440206115 1.3868379e-16
4457.88886211354 1.6869688e-16
4460.887284020965 1.9894451e-16
4463.88570592839 2.2324162e-16
4466.884127835815 2.422638e-16
4469.88254974324 2.589886e-16
4472.880971650665 2.6399042e-16
4475.87939355809 2.4125714e-16
4478.877815465515 2.1686047e-16
4481.87623737294 2.0808687e-16
4484.8746592803645 2.0049163e-16
4487.8730811877895 2.0183398e-16
4490.871503095214 2.1087408e-16
4493.869925002639 2.1684234e-16
4496.868346910064 2.1876628e-16
4499.866768817489 2.1141926e-16
4502.865190724914 2.1216365e-16
4505.863612632339 2.1158571e-16
4508.862034539764 2.0009017e-16
4511.860456447189 1.9102778e-16
4514.858878354614 1.9391532e-16
4517.857300262039 1.9248433e-16
4520.855722169464 1.8942826e-16
4523.854144076889 1.8942807e-16
4526.8525659843135 1.937804e-16
4529.850987891738 1.958408e-16
4532.849409799163 1.9701755e-16
4535.847831706588 1.9163756e-16
4538.846253614013 1.8825647e-16
4541.844675521438 1.882897e-16
4544.843097428863 1.91468e-16
4547.841519336288 1.8497292e-16
4550.839941243713 1.8084085e-16
4553.838363151138 1.868728e-16
4556.836785058563 1.9684736e-16
4559.835206965988 1.939574e-16
4562.833628873413 1.8897239e-16
4565.832050780838 1.7885818e-16
4568.8304726882625 1.6935372e-16
4571.828894595687 1.5284354e-16
4574.827316503112 1.1647861e-16
4577.825738410537 9.815757e-17
4580.824160317962 9.194198e-17
4583.822582225387 9.7355743e-17
4586.821004132812 9.716162e-17
4589.819426040237 9.767162e-17
4592.817847947662 1.01696245e-16
4595.816269855087 1.0272766e-16
4598.814691762512 1.06851896e-16
4601.813113669937 1.1215985e-16
4604.811535577362 1.1849583e-16
4607.8099574847865 1.2914911e-16
4610.8083793922115 1.409242e-16
4613.806801299636 1.4128167e-16
4616.805223207061 1.4718399e-16
4619.803645114486 1.2710107e-16
4622.802067021911 6.652899e-17
4625.800488929336 4.9615517e-17
4628.798910836761 7.817572e-17
4631.797332744186 1.0451121e-16
4634.795754651611 1.2647402e-16
4637.794176559036 1.6555022e-16
4640.792598466461 1.8263376e-16
4643.791020373886 1.8393494e-16
4646.789442281311 1.7710605e-16
4649.7878641887355 1.7766568e-16
4652.78628609616 1.7698004e-16
4655.784708003585 1.8065413e-16
4658.78312991101 1.8610322e-16
4661.781551818435 1.9510738e-16
4664.77997372586 1.9298497e-16
4667.778395633285 1.8923219e-16
4670.77681754071 1.8485471e-16
4673.775239448135 1.8335377e-16
4676.77366135556 1.7536793e-16
4679.772083262985 1.7133736e-16
4682.77050517041 1.6515344e-16
4685.768927077835 1.642583e-16
4688.76734898526 1.6026328e-16
4691.7657708926845 1.539226e-16
4694.764192800109 1.5481669e-16
4697.762614707534 1.5202408e-16
4700.761036614959 1.4412284e-16
4703.759458522384 1.4161507e-16
4706.757880429809 1.4047446e-16
4709.756302337234 1.4186819e-16
4712.754724244659 1.4067911e-16
4715.753146152084 1.4034301e-16
4718.751568059509 1.3609779e-16
4721.749989966934 1.3190456e-16
4724.748411874359 1.2301536e-16
4727.746833781784 1.1494413e-16
4730.7452556892085 1.04672527e-16
4733.7436775966335 9.683764e-17
4736.742099504058 9.378605e-17
4739.740521411483 9.284251e-17
4742.738943318908 9.123826e-17
4745.737365226333 9.1966874e-17
4748.735787133758 9.4422746e-17
4751.734209041183 9.927861e-17
4754.732630948608 1.0209272e-16
4757.731052856033 1.00718755e-16
4760.729474763458 1.0559929e-16
4763.727896670883 1.1180766e-16
4766.726318578308 1.1370378e-16
4769.724740485733 1.1375556e-16
4772.7231623931575 1.1396194e-16
4775.721584300582 1.2043747e-16
4778.720006208007 1.2546126e-16
4781.718428115432 1.3204542e-16
4784.716850022857 1.325463e-16
4787.715271930282 1.3366756e-16
4790.713693837707 1.3875155e-16
4793.712115745132 1.4804872e-16
4796.710537652557 1.4951069e-16
4799.708959559982 1.4750052e-16
4802.707381467407 1.4932628e-16
4805.705803374832 1.5799671e-16
4808.704225282257 1.6356012e-16
4811.702647189682 1.7408593e-16
4814.7010690971065 1.8521777e-16
4817.699491004531 1.9269724e-16
4820.697912911956 1.9712353e-16
4823.696334819381 1.9901119e-16
4826.694756726806 1.9988381e-16
4829.693178634231 1.9776544e-16
4832.691600541656 1.9718199e-16
4835.690022449081 1.9963045e-16
4838.688444356506 2.0196599e-16
4841.686866263931 2.0304529e-16
4844.685288171356 1.9956058e-16
4847.683710078781 1.9415255e-16
4850.682131986206 1.962895e-16
4853.6805538936305 2.0047118e-16
4856.6789758010555 1.9309021e-16
4859.67739770848 1.8353264e-16
4862.675819615905 1.9082682e-16
4865.67424152333 1.8916652e-16
4868.672663430755 1.7985422e-16
4871.67108533818 1.7866394e-16
4874.669507245605 1.8157288e-16
4877.66792915303 1.7924342e-16
4880.666351060455 1.732908e-16
4883.66477296788 1.7593326e-16
4886.663194875305 1.7521636e-16
4889.66161678273 1.7144431e-16
4892.660038690155 1.7741895e-16
4895.6584605975795 1.76211e-16
4898.656882505004 1.738638e-16
4901.655304412429 1.7178322e-16
4904.653726319854 1.7473764e-16
4907.652148227279 1.7251682e-16
4910.650570134704 1.7964081e-16
4913.648992042129 1.8232203e-16
4916.647413949554 1.806734e-16
4919.645835856979 1.8682516e-16
4922.644257764404 1.8274435e-16
4925.642679671829 1.8207861e-16
4928.641101579254 1.8418063e-16
4931.639523486679 1.7649656e-16
4934.637945394104 1.7332688e-16
4937.6363673015285 1.7887636e-16
4940.634789208953 1.7720318e-16
4943.633211116378 1.8041553e-16
4946.631633023803 1.7995694e-16
4949.630054931228 1.9002222e-16
4952.628476838653 1.969473e-16
4955.626898746078 1.9473155e-16
4958.625320653503 1.9975755e-16
4961.623742560928 2.0757158e-16
4964.622164468353 2.0477129e-16
4967.620586375778 2.0115554e-16
4970.619008283203 1.9603332e-16
4973.617430190628 1.8525091e-16
4976.6158520980525 1.8325788e-16
4979.6142740054775 1.7863545e-16
4982.612695912902 1.7600756e-16
4985.611117820327 1.783793e-16
4988.609539727752 1.8190731e-16
4991.607961635177 1.7800888e-16
4994.606383542602 1.7340326e-16
4997.604805450027 1.7364062e-16
5000.603227357452 1.7803547e-16
5003.601649264877 1.7620142e-16
5006.600071172302 1.7714698e-16
5009.598493079727 1.8006406e-16
5012.596914987152 1.7876106e-16
5015.595336894577 1.7883747e-16
5018.5937588020015 1.7687091e-16
5021.592180709426 1.7694931e-16
5024.590602616851 1.8086346e-16
5027.589024524276 1.8681662e-16
5030.587446431701 1.8260499e-16
5033.585868339126 1.7861789e-16
5036.584290246551 1.8186016e-16
5039.582712153976 1.8719956e-16
5042.581134061401 1.8897501e-16
5045.579555968826 1.8922379e-16
5048.577977876251 1.9244976e-16
5051.576399783676 1.9398688e-16
5054.574821691101 1.9251774e-16
5057.573243598526 1.9413737e-16
5060.5716655059505 1.968865e-16
5063.570087413375 1.9870895e-16
5066.5685093208 1.9179387e-16
5069.566931228225 1.9298484e-16
5072.56535313565 1.9661873e-16
5075.563775043075 1.9820198e-16
5078.5621969505 2.0034209e-16
5081.560618857925 1.9451066e-16
5084.55904076535 1.8734844e-16
5087.557462672775 1.8408355e-16
5090.5558845802 1.8329597e-16
5093.554306487625 1.7694976e-16
5096.55272839505 1.6456921e-16
5099.5511503024745 1.5755772e-16
5102.549572209899 1.6545486e-16
5105.547994117324 1.6552567e-16
5108.546416024749 1.6869601e-16
5111.544837932174 1.7743111e-16
5114.543259839599 1.8230124e-16
5117.541681747024 1.8681599e-16
5120.540103654449 1.8870133e-16
5123.538525561874 1.8653598e-16
5126.536947469299 1.9054452e-16
5129.535369376724 1.9385978e-16
5132.533791284149 1.9150488e-16
5135.532213191574 1.9262632e-16
5138.530635098999 1.9485458e-16
5141.5290570064235 2.0037156e-16
5144.527478913848 2.0870393e-16
5147.525900821273 2.071466e-16
5150.524322728698 2.0127358e-16
5153.522744636123 2.0229886e-16
5156.521166543548 2.0467122e-16
5159.519588450973 2.0841309e-16
5162.518010358398 2.1171716e-16
5165.516432265823 2.0928409e-16
5168.514854173248 2.0682506e-16
5171.513276080673 2.0944326e-16
5174.511697988098 2.0872937e-16
5177.510119895523 2.0922904e-16
5180.508541802948 2.1340597e-16
5183.5069637103725 2.0839407e-16
5186.505385617797 2.0115162e-16
5189.503807525222 1.9734563e-16
5192.502229432647 1.9872487e-16
5195.500651340072 1.9561599e-16
5198.499073247497 1.8451942e-16
5201.497495154922 1.7894214e-16
5204.495917062347 1.7664676e-16
5207.494338969772 1.7158127e-16
5210.492760877197 1.6834802e-16
5213.491182784622 1.6988592e-16
5216.489604692047 1.6880925e-16
5219.488026599472 1.6360527e-16
5222.4864485068965 1.5857725e-16
5225.484870414321 1.5893328e-16
5228.483292321746 1.6107382e-16
5231.481714229171 1.5738425e-16
5234.480136136596 1.5394104e-16
5237.478558044021 1.4998153e-16
5240.476979951446 1.4816709e-16
5243.475401858871 1.5247441e-16
5246.473823766296 1.501898e-16
5249.472245673721 1.4973122e-16
5252.470667581146 1.561949e-16
5255.469089488571 1.5669143e-16
5258.467511395996 1.5329867e-16
5261.465933303421 1.5700677e-16
5264.4643552108455 1.5188538e-16
5267.46277711827 1.5888663e-16
5270.461199025695 1.654332e-16
5273.45962093312 1.6268906e-16
5276.458042840545 1.6505516e-16
5279.45646474797 1.6464753e-16
5282.454886655395 1.6100236e-16
5285.45330856282 1.6088966e-16
5288.451730470245 1.6322182e-16
5291.45015237767 1.5868094e-16
5294.448574285095 1.5702978e-16
5297.44699619252 1.5749185e-16
5300.445418099945 1.5305515e-16
5303.4438400073695 1.5988484e-16
5306.4422619147945 1.6151286e-16
5309.440683822219 1.6121374e-16
5312.439105729644 1.6053212e-16
5315.437527637069 1.6340486e-16
5318.435949544494 1.664449e-16
5321.434371451919 1.6061952e-16
5324.432793359344 1.6216423e-16
5327.431215266769 1.6283127e-16
5330.429637174194 1.547135e-16
5333.428059081619 1.5649668e-16
5336.426480989044 1.6075886e-16
5339.424902896469 1.5998111e-16
5342.423324803894 1.5832171e-16
5345.4217467113185 1.5899632e-16
5348.420168618743 1.5903785e-16
5351.418590526168 1.5181399e-16
5354.417012433593 1.5049528e-16
5357.415434341018 1.543795e-16
5360.413856248443 1.5417663e-16
5363.412278155868 1.5756682e-16
5366.410700063293 1.6137318e-16
5369.409121970718 1.6333899e-16
5372.407543878143 1.6606044e-16
5375.405965785568 1.589111e-16
5378.404387692993 1.5658463e-16
5381.402809600418 1.5690944e-16
5384.401231507843 1.579993e-16
5387.3996534152675 1.5615849e-16
5390.398075322692 1.50144e-16
5393.396497230117 1.4709684e-16
5396.394919137542 1.4350535e-16
5399.393341044967 1.3861349e-16
5402.391762952392 1.3964434e-16
5405.390184859817 1.3826737e-16
5408.388606767242 1.306934e-16
5411.387028674667 1.2017617e-16
5414.385450582092 1.07729495e-16
5417.383872489517 1.007868e-16
5420.382294396942 9.229852e-17
5423.380716304367 8.3662457e-17
5426.3791382117915 7.5605744e-17
5429.3775601192165 6.5249085e-17
5432.375982026641 5.1726605e-17
5435.374403934066 4.3911932e-17
5438.372825841491 3.5751858e-17
5441.371247748916 2.828166e-17
5444.369669656341 2.5993593e-17
5447.368091563766 2.242957e-17
5450.366513471191 2.2550748e-17
5453.364935378616 2.6548625e-17
5456.363357286041 3.133655e-17
5459.361779193466 3.7563076e-17
5462.360201100891 4.520136e-17
5465.358623008316 5.1550187e-17
5468.3570449157405 6.163179e-17
5471.355466823165 7.440064e-17
5474.35388873059 8.8090216e-17
5477.352310638015 1.02043416e-16
5480.35073254544 1.2048971e-16
5483.349154452865 1.3792237e-16
5486.34757636029 1.5293164e-16
5489.345998267715 1.703963e-16
5492.34442017514 1.81319e-16
5495.342842082565 2.0039567e-16
5498.34126398999 2.1998012e-16
5501.339685897415 2.3907693e-16
5504.33810780484 2.525468e-16
5507.336529712265 2.7234502e-16
5510.3349516196895 2.9502994e-16
5513.333373527114 3.1622096e-16
5516.331795434539 3.2154557e-16
5519.330217341964 3.202309e-16
5522.328639249389 3.2480963e-16
5525.327061156814 3.2911145e-16
5528.325483064239 3.3078736e-16
5531.323904971664 3.2631563e-16
5534.322326879089 3.2203264e-16
5537.320748786514 3.203663e-16
5540.319170693939 3.1510489e-16
5543.317592601364 3.0055463e-16
5546.316014508789 2.843899e-16
5549.3144364162135 2.7181994e-16
5552.3128583236385 2.5792844e-16
5555.311280231063 2.4704102e-16
5558.309702138488 2.422254e-16
5561.308124045913 2.3560976e-16
5564.306545953338 2.2477785e-16
5567.304967860763 2.1773494e-16
5570.303389768188 2.113224e-16
5573.301811675613 2.052031e-16
5576.300233583038 2.0802867e-16
5579.298655490463 1.95892e-16
5582.297077397888 1.8963289e-16
5585.295499305313 1.9111602e-16
5588.293921212738 1.8626002e-16
5591.2923431201625 1.8086067e-16
5594.290765027587 1.7841628e-16
5597.289186935012 1.774195e-16
5600.287608842437 1.8410634e-16
5603.286030749862 1.8679525e-16
5606.284452657287 1.8028073e-16
5609.282874564712 1.7776732e-16
5612.281296472137 1.7863844e-16
5615.279718379562 1.7643199e-16
5618.278140286987 1.7413608e-16
5621.276562194412 1.7346895e-16
5624.274984101837 1.723872e-16
5627.273406009262 1.6990942e-16
5630.271827916687 1.7211522e-16
5633.2702498241115 1.7879424e-16
5636.268671731536 1.8347953e-16
5639.267093638961 1.8123203e-16
5642.265515546386 1.7111033e-16
5645.263937453811 1.7138592e-16
5648.262359361236 1.7108811e-16
5651.260781268661 1.6425165e-16
5654.259203176086 1.5563975e-16
5657.257625083511 1.5301e-16
5660.256046990936 1.5289145e-16
5663.254468898361 1.4997434e-16
5666.252890805786 1.5051108e-16
5669.251312713211 1.5308855e-16
5672.2497346206355 1.5595265e-16
5675.2481565280605 1.5487026e-16
5678.246578435485 1.5268563e-16
5681.24500034291 1.4934771e-16
5684.243422250335 1.4667334e-16
5687.24184415776 1.498362e-16
5690.240266065185 1.513558e-16
5693.23868797261 1.4990327e-16
5696.237109880035 1.4467345e-16
5699.23553178746 1.4478358e-16
5702.233953694885 1.4621569e-16
5705.23237560231 1.4878045e-16
5708.230797509735 1.5194643e-16
5711.22921941716 1.5151283e-16
5714.2276413245845 1.612672e-16
5717.226063232009 1.6380844e-16
5720.224485139434 1.6446323e-16
5723.222907046859 1.7502182e-16
5726.221328954284 1.7824939e-16
5729.219750861709 1.726232e-16
5732.218172769134 1.747271e-16
5735.216594676559 1.8105713e-16
5738.215016583984 1.8248793e-16
5741.213438491409 1.8528827e-16
5744.211860398834 1.8781812e-16
5747.210282306259 1.8474378e-16
5750.208704213684 1.8555408e-16
5753.207126121109 1.8715357e-16
5756.2055480285335 1.8380086e-16
5759.203969935958 1.869988e-16
5762.202391843383 1.8936728e-16
5765.200813750808 1.9216652e-16
5768.199235658233 1.9249614e-16
5771.197657565658 1.9983803e-16
5774.196079473083 2.0809698e-16
5777.194501380508 2.1217229e-16
5780.192923287933 2.1926857e-16
5783.191345195358 2.2457506e-16
5786.189767102783 2.2046795e-16
5789.188189010208 2.192485e-16
5792.186610917633 2.1617025e-16
5795.1850328250575 2.0675246e-16
5798.1834547324825 2.029121e-16
5801.181876639907 1.98847e-16
5804.180298547332 1.9447153e-16
5807.178720454757 1.9047639e-16
5810.177142362182 1.829688e-16
5813.175564269607 1.8392299e-16
5816.173986177032 1.7839464e-16
5819.172408084457 1.7474687e-16
5822.170829991882 1.7204647e-16
5825.169251899307 1.7540094e-16
5828.167673806732 1.7819944e-16
5831.166095714157 1.7713222e-16
5834.164517621582 1.8077937e-16
5837.1629395290065 1.789415e-16
5840.161361436431 1.7603445e-16
5843.159783343856 1.7372928e-16
5846.158205251281 1.8043697e-16
5849.156627158706 1.8511756e-16
5852.155049066131 1.8271628e-16
5855.153470973556 1.8420496e-16
5858.151892880981 1.855516e-16
5861.150314788406 1.9129374e-16
5864.148736695831 2.0377537e-16
5867.147158603256 2.0783671e-16
5870.145580510681 2.1497291e-16
5873.144002418106 2.3192352e-16
5876.142424325531 2.452735e-16
5879.1408462329555 2.551532e-16
5882.13926814038 2.6929462e-16
5885.137690047805 2.825461e-16
5888.13611195523 2.8684255e-16
5891.134533862655 2.8179007e-16
5894.13295577008 2.7763678e-16
5897.131377677505 2.7802758e-16
5900.12979958493 2.8194222e-16
5903.128221492355 2.8617328e-16
5906.12664339978 2.785799e-16
5909.125065307205 2.6835237e-16
5912.12348721463 2.5789972e-16
5915.121909122055 2.5472388e-16
5918.1203310294795 2.6215688e-16
5921.1187529369045 2.5711828e-16
5924.117174844329 2.5224032e-16
5927.115596751754 2.5246286e-16
5930.114018659179 2.4281348e-16
5933.112440566604 2.408234e-16
5936.110862474029 2.4641806e-16
5939.109284381454 2.5443565e-16
5942.107706288879 2.642025e-16
5945.106128196304 2.784634e-16
5948.104550103729 2.916143e-16
5951.102972011154 2.9396255e-16
5954.101393918579 2.9676186e-16
5957.099815826004 2.922557e-16
5960.0982377334285 2.8334846e-16
5963.096659640853 2.7527422e-16
5966.095081548278 2.6694468e-16
5969.093503455703 2.6195097e-16
5972.091925363128 2.6154175e-16
5975.090347270553 2.582686e-16
5978.088769177978 2.48966e-16
5981.087191085403 2.497569e-16
5984.085612992828 2.5364174e-16
5987.084034900253 2.4352928e-16
5990.082456807678 2.312384e-16
5993.080878715103 2.260546e-16
5996.079300622528 2.2952375e-16
5999.077722529953 2.1445114e-16
6002.0761444373775 2.0884436e-16
6005.074566344802 2.1595506e-16
6008.072988252227 2.2065126e-16
6011.071410159652 2.2135587e-16
6014.069832067077 2.1685981e-16
6017.068253974502 2.114805e-16
6020.066675881927 2.0144995e-16
6023.065097789352 1.8684255e-16
6026.063519696777 1.7121376e-16
6029.061941604202 1.5683458e-16
6032.060363511627 1.5589494e-16
6035.058785419052 1.612099e-16
6038.057207326477 1.7059254e-16
6041.0556292339015 1.709362e-16
6044.054051141326 1.7245403e-16
6047.052473048751 1.7129717e-16
6050.050894956176 1.6659272e-16
6053.049316863601 1.619188e-16
6056.047738771026 1.5574168e-16
6059.046160678451 1.5049332e-16
6062.044582585876 1.457611e-16
6065.043004493301 1.423279e-16
6068.041426400726 1.37653e-16
6071.039848308151 1.2945338e-16
6074.038270215576 1.2167644e-16
6077.036692123001 1.1089852e-16
6080.035114030426 9.410071e-17
6083.0335359378505 7.92261e-17
6086.031957845275 6.93522e-17
6089.0303797527 6.309819e-17
6092.028801660125 5.938314e-17
6095.02722356755 5.612747e-17
6098.025645474975 5.7661186e-17
6101.0240673824 6.458203e-17
6104.022489289825 7.370281e-17
6107.02091119725 8.364281e-17
6110.019333104675 9.8919016e-17
6113.0177550121 1.2328553e-16
6116.016176919525 1.6232332e-16
6119.01459882695 2.0841091e-16
6122.013020734375 2.6504055e-16
6125.0114426417995 3.4416553e-16
6128.009864549224 4.4798286e-16
6131.008286456649 5.8876837e-16
6134.006708364074 7.593646e-16
6137.005130271499 9.419457e-16
6140.003552178924 1.1459296e-15
6143.001974086349 1.3544811e-15
6146.000395993774 1.5620839e-15
6148.998817901199 1.7508204e-15
6151.997239808624 1.9127986e-15
6154.995661716049 2.0073798e-15
6157.994083623474 2.0372483e-15
6160.992505530899 2.0582623e-15
6163.9909274383235 2.0533042e-15
6166.989349345748 2.0406987e-15
6169.987771253173 2.0046631e-15
6172.986193160598 1.917835e-15
6175.984615068023 1.82797e-15
6178.983036975448 1.7534289e-15
6181.981458882873 1.6647946e-15
6184.979880790298 1.5792484e-15
6187.978302697723 1.5444701e-15
6190.976724605148 1.5102297e-15
6193.975146512573 1.4722372e-15
6196.973568419998 1.4480788e-15
6199.971990327423 1.4655042e-15
6202.970412234848 1.4896536e-15
6205.9688341422725 1.523998e-15
6208.967256049697 1.5694945e-15
6211.965677957122 1.5959737e-15
6214.964099864547 1.5959977e-15
6217.962521771972 1.5751005e-15
6220.960943679397 1.5190045e-15
6223.959365586822 1.4365956e-15
6226.957787494247 1.3321543e-15
6229.956209401672 1.1993969e-15
6232.954631309097 1.0703159e-15
6235.953053216522 9.463494e-16
6238.951475123947 8.282199e-16
6241.949897031372 7.1840417e-16
6244.948318938797 6.521219e-16
6247.9467408462215 5.833475e-16
6250.945162753646 5.041028e-16
6253.943584661071 4.6061355e-16
6256.942006568496 4.378533e-16
6259.940428475921 4.0606227e-16
6262.938850383346 3.7426577e-16
6265.937272290771 3.5008745e-16
6268.935694198196 3.3035627e-16
6271.934116105621 3.1360251e-16
6274.932538013046 2.9550073e-16
6277.930959920471 2.745339e-16
6280.929381827896 2.5587878e-16
6283.927803735321 2.410175e-16
6286.9262256427455 2.3396482e-16
6289.92464755017 2.3840576e-16
6292.923069457595 2.2820838e-16
6295.92149136502 2.1958535e-16
6298.919913272445 2.1333745e-16
6301.91833517987 2.0708889e-16
6304.916757087295 2.0588328e-16
6307.91517899472 1.9915676e-16
6310.913600902145 1.9110211e-16
6313.91202280957 1.8805023e-16
6316.910444716995 1.8458578e-16
6319.90886662442 1.8273133e-16
6322.907288531845 1.8507246e-16
6325.90571043927 1.8850194e-16
6328.9041323466945 1.9003082e-16
6331.902554254119 1.8795085e-16
6334.900976161544 1.8409803e-16
6337.899398068969 1.8195004e-16
6340.897819976394 1.8582243e-16
6343.896241883819 1.8422931e-16
6346.894663791244 1.8471189e-16
6349.893085698669 1.8086902e-16
6352.891507606094 1.7222321e-16
6355.889929513519 1.6258903e-16
6358.888351420944 1.6038754e-16
6361.886773328369 1.6489303e-16
6364.885195235794 1.6952818e-16
6367.8836171432185 1.7030599e-16
6370.8820390506435 1.6503741e-16
6373.880460958068 1.6307151e-16
6376.878882865493 1.6474467e-16
6379.877304772918 1.6309499e-16
6382.875726680343 1.611449e-16
6385.874148587768 1.575271e-16
6388.872570495193 1.566395e-16
6391.870992402618 1.5960675e-16
6394.869414310043 1.5860014e-16
6397.867836217468 1.5870712e-16
6400.866258124893 1.5608075e-16
6403.864680032318 1.5359468e-16
6406.863101939743 1.5703246e-16
6409.8615238471675 1.5835157e-16
6412.859945754592 1.548154e-16
6415.858367662017 1.5325833e-16
6418.856789569442 1.534376e-16
6421.855211476867 1.5140915e-16
6424.853633384292 1.537022e-16
6427.852055291717 1.6033618e-16
6430.850477199142 1.5390372e-16
6433.848899106567 1.5800247e-16
6436.847321013992 1.6307598e-16
6439.845742921417 1.540082e-16
6442.844164828842 1.495926e-16
6445.842586736267 1.5822307e-16
6448.841008643692 1.6171196e-16
6451.8394305511165 1.5469664e-16
6454.837852458541 1.5137968e-16
6457.836274365966 1.5527224e-16
6460.834696273391 1.6233389e-16
6463.833118180816 1.6492682e-16
6466.831540088241 1.5768443e-16
6469.829961995666 1.5643624e-16
6472.828383903091 1.5049821e-16
6475.826805810516 1.4418616e-16
6478.825227717941 1.3802742e-16
6481.823649625366 1.3245791e-16
6484.822071532791 1.3640979e-16
6487.820493440216 1.4267219e-16
6490.8189153476405 1.4443721e-16
6493.8173372550655 1.4508565e-16
6496.81575916249 1.428837e-16
6499.814181069915 1.4348055e-16
6502.81260297734 1.4365846e-16
6505.811024884765 1.389931e-16
6508.80944679219 1.4076564e-16
6511.807868699615 1.4132698e-16
6514.80629060704 1.42583e-16
6517.804712514465 1.40063e-16
6520.80313442189 1.4395864e-16
6523.801556329315 1.4704068e-16
6526.79997823674 1.4759198e-16
6529.798400144165 1.4489519e-16
6532.7968220515895 1.3943032e-16
6535.795243959014 1.421361e-16
6538.793665866439 1.4604979e-16
6541.792087773864 1.3869091e-16
6544.790509681289 1.3835279e-16
6547.788931588714 1.4766157e-16
6550.787353496139 1.4828858e-16
6553.785775403564 1.469987e-16
6556.784197310989 1.4606838e-16
6559.782619218414 1.5138019e-16
6562.781041125839 1.5056654e-16
6565.779463033264 1.5422534e-16
6568.777884940689 1.5050058e-16
6571.776306848114 1.482548e-16
6574.7747287555385 1.539134e-16
6577.773150662963 1.5196934e-16
6580.771572570388 1.511268e-16
6583.769994477813 1.5834561e-16
6586.768416385238 1.6200098e-16
6589.766838292663 1.5885391e-16
6592.765260200088 1.5585517e-16
6595.763682107513 1.5631011e-16
6598.762104014938 1.5455641e-16
6601.760525922363 1.545783e-16
6604.758947829788 1.6017492e-16
6607.757369737213 1.5606889e-16
6610.755791644638 1.5198655e-16
6613.7542135520625 1.5569298e-16
6616.7526354594875 1.5742208e-16
6619.751057366912 1.5711173e-16
6622.749479274337 1.57756e-16
6625.747901181762 1.5918011e-16
6628.746323089187 1.6835255e-16
6631.744744996612 1.7425706e-16
6634.743166904037 1.7101742e-16
6637.741588811462 1.6991464e-16
6640.740010718887 1.6776313e-16
6643.738432626312 1.7941794e-16
6646.736854533737 1.8721421e-16
6649.735276441162 1.7795822e-16
6652.733698348587 1.7563799e-16
6655.7321202560115 1.7722658e-16
6658.730542163436 1.7624117e-16
6661.728964070861 1.7169159e-16
6664.727385978286 1.7388839e-16
6667.725807885711 1.7516521e-16
6670.724229793136 1.735108e-16
6673.722651700561 1.8066199e-16
6676.721073607986 1.8578192e-16
6679.719495515411 1.7908833e-16
6682.717917422836 1.7609728e-16
6685.716339330261 1.7961884e-16
6688.714761237686 1.8071715e-16
6691.713183145111 1.7930421e-16
6694.711605052536 1.8248386e-16
6697.7100269599605 1.8838607e-16
6700.708448867385 1.8885457e-16
6703.70687077481 1.8898069e-16
6706.705292682235 1.9851751e-16
6709.70371458966 2.0234591e-16
6712.702136497085 2.0157068e-16
6715.70055840451 2.0572892e-16
6718.698980311935 2.088149e-16
6721.69740221936 2.1024668e-16
6724.695824126785 2.0966268e-16
6727.69424603421 2.0968886e-16
6730.692667941635 2.0909732e-16
6733.69108984906 2.0997457e-16
6736.6895117564845 2.084373e-16
6739.6879336639095 2.1108036e-16
6742.686355571334 2.0657758e-16
6745.684777478759 2.0797564e-16
6748.683199386184 2.0775537e-16
6751.681621293609 2.0456163e-16
6754.680043201034 2.0607872e-16
6757.678465108459 1.9924258e-16
6760.676887015884 1.9243869e-16
6763.675308923309 2.0171816e-16
6766.673730830734 2.0447532e-16
6769.672152738159 1.9743531e-16
6772.670574645584 1.909681e-16
6775.668996553009 1.8940232e-16
6778.6674184604335 1.9171904e-16
6781.665840367858 1.8243741e-16
6784.664262275283 1.7288224e-16
6787.662684182708 1.7253201e-16
6790.661106090133 1.7683901e-16
6793.659527997558 1.8240051e-16
6796.657949904983 1.8036296e-16
6799.656371812408 1.7747547e-16
6802.654793719833 1.8029774e-16
6805.653215627258 1.7625157e-16
6808.651637534683 1.7740901e-16
6811.650059442108 1.81503e-16
6814.648481349533 1.7774573e-16
6817.646903256958 1.8159718e-16
6820.6453251643825 1.8572824e-16
6823.643747071807 1.8696733e-16
6826.642168979232 1.9687073e-16
6829.640590886657 2.0320817e-16
6832.639012794082 1.9707332e-16
6835.637434701507 1.9237466e-16
6838.635856608932 1.8834663e-16
6841.634278516357 1.8090065e-16
6844.632700423782 1.8240184e-16
6847.631122331207 1.914828e-16
6850.629544238632 1.9994113e-16
6853.627966146057 2.084716e-16
6856.626388053482 2.299039e-16
6859.6248099609065 2.6415247e-16
6862.6232318683315 2.956419e-16
6865.621653775756 3.182236e-16
6868.620075683181 3.3846619e-16
6871.618497590606 3.5060353e-16
6874.616919498031 3.5110987e-16
6877.615341405456 3.5874982e-16
6880.613763312881 3.6834893e-16
6883.612185220306 3.6097325e-16
6886.610607127731 3.5342423e-16
6889.609029035156 3.652391e-16
6892.607450942581 3.9141625e-16
6895.605872850006 4.0369132e-16
6898.604294757431 4.1650852e-16
6901.6027166648555 4.243924e-16
6904.60113857228 4.3289014e-16
6907.599560479705 4.3910453e-16
6910.59798238713 4.3419917e-16
6913.596404294555 4.242736e-16
6916.59482620198 4.200988e-16
6919.593248109405 4.1890017e-16
6922.59167001683 4.0686992e-16
6925.590091924255 3.9275708e-16
6928.58851383168 3.9496837e-16
6931.586935739105 4.0138303e-16
6934.58535764653 4.1413707e-16
6937.583779553955 4.2314645e-16
6940.58220146138 4.330104e-16
6943.5806233688045 4.4179904e-16
6946.579045276229 4.600677e-16
6949.577467183654 4.5320614e-16
6952.575889091079 4.367688e-16
6955.574310998504 4.2462222e-16
6958.572732905929 3.9820162e-16
6961.571154813354 3.69101e-16
6964.569576720779 3.5122976e-16
6967.567998628204 3.4391123e-16
6970.566420535629 3.4144777e-16
6973.564842443054 3.3463434e-16
6976.563264350479 3.372905e-16
6979.561686257904 3.4741453e-16
6982.5601081653285 3.3636324e-16
6985.5585300727535 3.1424377e-16
6988.556951980178 2.9742786e-16
6991.555373887603 2.840402e-16
6994.553795795028 2.7287346e-16
6997.552217702453 2.5946424e-16
7000.550639609878 2.4603485e-16
7003.549061517303 2.358755e-16
7006.547483424728 2.2527238e-16
7009.545905332153 2.2223881e-16
7012.544327239578 2.1641471e-16
7015.542749147003 2.1711123e-16
7018.541171054428 2.130827e-16
7021.539592961853 2.0727497e-16
7024.5380148692775 2.0494106e-16
7027.536436776702 2.031459e-16
7030.534858684127 2.0472117e-16
7033.533280591552 2.0736076e-16
7036.531702498977 2.0091608e-16
7039.530124406402 1.9104209e-16
7042.528546313827 1.8697752e-16
7045.526968221252 1.854161e-16
7048.525390128677 1.8815614e-16
7051.523812036102 1.8801124e-16
7054.522233943527 1.8603951e-16
7057.520655850952 1.858153e-16
7060.519077758377 1.85577e-16
7063.517499665802 1.8316734e-16
7066.5159215732265 1.878945e-16
7069.514343480651 1.9059022e-16
7072.512765388076 1.8626572e-16
7075.511187295501 1.8164823e-16
7078.509609202926 1.7906136e-16
7081.508031110351 1.7808158e-16
7084.506453017776 1.7503056e-16
7087.504874925201 1.7352878e-16
7090.503296832626 1.7181372e-16
7093.501718740051 1.7047491e-16
7096.500140647476 1.7369832e-16
7099.498562554901 1.79942e-16
7102.496984462326 1.8184467e-16
7105.4954063697505 1.8668492e-16
7108.493828277175 1.8407715e-16
7111.4922501846 1.7661113e-16
7114.490672092025 1.7834727e-16
7117.48909399945 1.8538675e-16
7120.487515906875 1.862737e-16
7123.4859378143 1.7393848e-16
7126.484359721725 1.6885743e-16
7129.48278162915 1.6408129e-16
7132.481203536575 1.567781e-16
7135.479625444 1.5903998e-16
7138.478047351425 1.6633723e-16
7141.47646925885 1.6941337e-16
7144.474891166275 1.6876345e-16
7147.4733130736995 1.6771382e-16
7150.471734981124 1.6537152e-16
7153.470156888549 1.6332927e-16
7156.468578795974 1.6147227e-16
7159.467000703399 1.5654508e-16
7162.465422610824 1.5320859e-16
7165.463844518249 1.505557e-16
7168.462266425674 1.4953455e-16
7171.460688333099 1.4506307e-16
7174.459110240524 1.4031467e-16
7177.457532147949 1.3585426e-16
7180.455954055374 1.2512485e-16
7183.454375962799 1.1428346e-16
7186.452797870224 1.1204299e-16
7189.4512197776485 1.155096e-16
7192.449641685073 1.1237583e-16
7195.448063592498 1.0278592e-16
7198.446485499923 9.6861976e-17
7201.444907407348 8.44621e-17
7204.443329314773 7.218681e-17
7207.441751222198 5.2537242e-17
7210.440173129623 3.8462423e-17
7213.438595037048 2.8432755e-17
7216.437016944473 2.966595e-17
7219.435438851898 3.3703563e-17
7222.433860759323 3.2104676e-17
7225.432282666748 3.8051873e-17
7228.4307045741725 4.4918038e-17
7231.429126481597 3.8975427e-17
7234.427548389022 3.072178e-17
7237.425970296447 2.7633216e-17
7240.424392203872 3.431576e-17
7243.422814111297 3.8877353e-17
7246.421236018722 3.8031733e-17
7249.419657926147 3.7579017e-17
7252.418079833572 3.95868e-17
7255.416501740997 4.5587647e-17
7258.414923648422 5.661753e-17
7261.413345555847 6.668758e-17
7264.411767463272 7.294698e-17
7267.410189370697 7.92437e-17
7270.4086112781215 8.662876e-17
7273.407033185546 9.440857e-17
7276.405455092971 1.047674e-16
7279.403877000396 1.2170558e-16
7282.402298907821 1.305502e-16
7285.400720815246 1.3757317e-16
7288.399142722671 1.4686953e-16
7291.397564630096 1.5875412e-16
7294.395986537521 1.6935071e-16
7297.394408444946 1.8057559e-16
7300.392830352371 1.9945965e-16
7303.391252259796 2.1641075e-16
7306.389674167221 2.248005e-16
7309.388096074646 2.4269625e-16
7312.3865179820705 2.6405717e-16
7315.384939889495 2.695668e-16
7318.38336179692 2.7495941e-16
7321.381783704345 2.8363856e-16
7324.38020561177 2.937252e-16
7327.378627519195 2.9833038e-16
7330.37704942662 2.9076325e-16
7333.375471334045 2.806542e-16
7336.37389324147 2.7163103e-16
7339.372315148895 2.5707995e-16
7342.37073705632 2.4055087e-16
7345.369158963745 2.2858137e-16
7348.36758087117 2.2803742e-16
7351.3660027785945 2.2960702e-16
7354.364424686019 2.2572486e-16
7357.362846593444 2.220652e-16
7360.361268500869 2.1376204e-16
7363.359690408294 2.0184763e-16
7366.358112315719 1.9724495e-16
7369.356534223144 1.8935533e-16
7372.354956130569 1.7858866e-16
7375.353378037994 1.7674043e-16
7378.351799945419 1.7478999e-16
7381.350221852844 1.7581146e-16
7384.348643760269 1.7879423e-16
7387.347065667694 1.7506288e-16
7390.345487575119 1.7021506e-16
7393.3439094825435 1.7619656e-16
7396.342331389968 1.8188585e-16
7399.340753297393 1.7371611e-16
7402.339175204818 1.6573397e-16
7405.337597112243 1.7174643e-16
7408.336019019668 1.7639196e-16
7411.334440927093 1.682904e-16
7414.332862834518 1.6292673e-16
7417.331284741943 1.6461441e-16
7420.329706649368 1.6437331e-16
7423.328128556793 1.68732e-16
7426.326550464218 1.6916197e-16
7429.324972371643 1.6736746e-16
7432.3233942790675 1.7861274e-16
7435.3218161864925 1.7330297e-16
7438.320238093917 1.6717453e-16
7441.318660001342 1.6993878e-16
7444.317081908767 1.6271335e-16
7447.315503816192 1.5594248e-16
7450.313925723617 1.5234091e-16
7453.312347631042 1.5039083e-16
7456.310769538467 1.5281173e-16
7459.309191445892 1.5460952e-16
7462.307613353317 1.4684237e-16
7465.306035260742 1.4553924e-16
7468.304457168167 1.5177323e-16
7471.302879075592 1.5203327e-16
7474.3013009830165 1.4388587e-16
7477.299722890441 1.4103616e-16
7480.298144797866 1.4357922e-16
7483.296566705291 1.4133761e-16
7486.294988612716 1.417985e-16
7489.293410520141 1.46538e-16
7492.291832427566 1.487164e-16
7495.290254334991 1.4257944e-16
7498.288676242416 1.418628e-16
7501.287098149841 1.4567807e-16
7504.285520057266 1.4639834e-16
7507.283941964691 1.4545059e-16
7510.282363872116 1.4184093e-16
7513.280785779541 1.3938552e-16
7516.2792076869655 1.3902016e-16
7519.27762959439 1.3744314e-16
7522.276051501815 1.4200288e-16
7525.27447340924 1.4604854e-16
7528.272895316665 1.5247729e-16
7531.27131722409 1.5525157e-16
7534.269739131515 1.6030959e-16
7537.26816103894 1.6027203e-16
7540.266582946365 1.5962508e-16
7543.26500485379 1.6099281e-16
7546.263426761215 1.6368786e-16
7549.26184866864 1.6195188e-16
7552.260270576065 1.5316397e-16
7555.2586924834895 1.5297557e-16
7558.2571143909145 1.6313446e-16
7561.255536298339 1.697838e-16
7564.253958205764 1.560823e-16
7567.252380113189 1.5088486e-16
7570.250802020614 1.5878973e-16
7573.249223928039 1.5129831e-16
7576.247645835464 1.5300725e-16
7579.246067742889 1.614052e-16
7582.244489650314 1.5604056e-16
7585.242911557739 1.5433672e-16
7588.241333465164 1.5614373e-16
7591.239755372589 1.5525902e-16
7594.238177280014 1.5997947e-16
7597.2365991874385 1.6347532e-16
7600.235021094863 1.6047146e-16
7603.233443002288 1.6647616e-16
7606.231864909713 1.7580988e-16
7609.230286817138 1.7413246e-16
7612.228708724563 1.6782199e-16
7615.227130631988 1.6163922e-16
7618.225552539413 1.5084831e-16
7621.223974446838 1.4702812e-16
7624.222396354263 1.5963433e-16
7627.220818261688 1.6593143e-16
7630.219240169113 1.582881e-16
7633.217662076538 1.6088455e-16
7636.216083983963 1.6072493e-16
7639.2145058913875 1.5399901e-16
7642.212927798812 1.5476218e-16
7645.211349706237 1.6650819e-16
7648.209771613662 1.7218736e-16
7651.208193521087 1.7155825e-16
7654.206615428512 1.7835037e-16
7657.205037335937 1.8291763e-16
7660.203459243362 1.8041554e-16
7663.201881150787 1.7896825e-16
7666.200303058212 1.8195615e-16
7669.198724965637 1.8137362e-16
7672.197146873062 1.7332328e-16
7675.195568780487 1.8200856e-16
7678.1939906879115 1.875207e-16
7681.1924125953365 1.7738395e-16
7684.190834502761 1.7946031e-16
7687.189256410186 1.8949008e-16
7690.187678317611 1.9148797e-16
7693.186100225036 1.9358729e-16
7696.184522132461 1.8822038e-16
7699.182944039886 1.9144709e-16
7702.181365947311 1.8752481e-16
7705.179787854736 1.8939282e-16
7708.178209762161 1.8987821e-16
7711.176631669586 1.8068522e-16
7714.175053577011 1.7455533e-16
7717.173475484436 1.7225479e-16
7720.1718973918605 1.6733757e-16
7723.170319299285 1.6174441e-16
7726.16874120671 1.5555077e-16
7729.167163114135 1.5940481e-16
7732.16558502156 1.6584475e-16
7735.164006928985 1.6324824e-16
7738.16242883641 1.5712032e-16
7741.160850743835 1.4349887e-16
7744.15927265126 1.3489881e-16
7747.157694558685 1.3357973e-16
7750.15611646611 1.3177992e-16
7753.154538373535 1.3504891e-16
7756.15296028096 1.3914597e-16
7759.151382188385 1.3596537e-16
7762.1498040958095 1.3435175e-16
7765.148226003234 1.3561446e-16
7768.146647910659 1.2766074e-16
7771.145069818084 1.2041962e-16
7774.143491725509 1.2665763e-16
7777.141913632934 1.3089338e-16
7780.140335540359 1.1962216e-16
7783.138757447784 1.1093473e-16
7786.137179355209 1.135833e-16
7789.135601262634 1.0967942e-16
7792.134023170059 1.0528666e-16
7795.132445077484 1.116226e-16
7798.130866984909 1.1803924e-16
7801.1292888923335 1.2999564e-16
7804.1277107997585 1.3423045e-16
7807.126132707183 1.3352432e-16
7810.124554614608 1.382486e-16
7813.122976522033 1.498767e-16
7816.121398429458 1.597324e-16
7819.119820336883 1.6427087e-16
7822.118242244308 1.6835452e-16
7825.116664151733 1.7053868e-16
7828.115086059158 1.7387961e-16
7831.113507966583 1.618826e-16
7834.111929874008 1.5187752e-16
7837.110351781433 1.4789942e-16
7840.108773688858 1.4332942e-16
7843.1071955962825 1.4215947e-16
7846.105617503707 1.4851921e-16
7849.104039411132 1.546721e-16
7852.102461318557 1.5974022e-16
7855.100883225982 1.6316832e-16
7858.099305133407 1.5048532e-16
7861.097727040832 1.4236444e-16
7864.096148948257 1.443231e-16
7867.094570855682 1.4497486e-16
7870.092992763107 1.4856935e-16
7873.091414670532 1.4652928e-16
7876.089836577957 1.4166418e-16
7879.088258485382 1.3850366e-16
7882.086680392807 1.3555804e-16
7885.0851023002315 1.3456613e-16
7888.083524207656 1.352571e-16
7891.081946115081 1.4351851e-16
7894.080368022506 1.3605153e-16
7897.078789929931 1.3978242e-16
7900.077211837356 1.4254309e-16
7903.075633744781 1.4056926e-16
7906.074055652206 1.3971112e-16
7909.072477559631 1.4748485e-16
7912.070899467056 1.4886957e-16
7915.069321374481 1.3770718e-16
7918.067743281906 1.3880433e-16
7921.066165189331 1.4005135e-16
7924.0645870967555 1.3839176e-16
7927.0630090041805 1.34555e-16
7930.061430911605 1.3474481e-16
7933.05985281903 1.4252524e-16
7936.058274726455 1.4875205e-16
7939.05669663388 1.4797795e-16
7942.055118541305 1.5029274e-16
7945.05354044873 1.5593883e-16
7948.051962356155 1.6076332e-16
7951.05038426358 1.6834814e-16
7954.048806171005 1.66467e-16
7957.04722807843 1.7182403e-16
7960.045649985855 1.8035997e-16
7963.04407189328 1.7052514e-16
7966.0424938007045 1.6801514e-16
7969.040915708129 1.7095068e-16
7972.039337615554 1.6726006e-16
7975.037759522979 1.6955694e-16
7978.036181430404 1.7250636e-16
7981.034603337829 1.7091203e-16
7984.033025245254 1.7555134e-16
7987.031447152679 1.6474745e-16
7990.029869060104 1.5581568e-16
7993.028290967529 1.5808574e-16
7996.026712874954 1.5290864e-16
7999.025134782379 1.535234e-16
8002.023556689804 1.5395807e-16
8005.021978597229 1.5085629e-16
8008.0204005046535 1.6214454e-16
8011.018822412078 1.7542599e-16
8014.017244319503 1.8114472e-16
8017.015666226928 1.8516286e-16
8020.014088134353 1.8512195e-16
8023.012510041778 1.9073922e-16
8026.010931949203 1.8210961e-16
8029.009353856628 1.7935199e-16
8032.007775764053 1.8194524e-16
8035.006197671478 1.8229502e-16
8038.004619578903 1.7420838e-16
8041.003041486328 1.5447128e-16
8044.001463393753 1.4924192e-16
8046.9998853011775 1.4625154e-16
8049.9983072086025 1.4601626e-16
8052.996729116027 1.3460019e-16
8055.995151023452 1.2536211e-16
8058.993572930877 1.2835228e-16
8061.991994838302 1.4316096e-16
8064.990416745727 1.530297e-16
8067.988838653152 1.5766658e-16
8070.987260560577 1.6952243e-16
8073.985682468002 1.7621695e-16
8076.984104375427 1.8403967e-16
8079.982526282852 1.9820713e-16
8082.980948190277 2.0285851e-16
8085.979370097702 2.0817104e-16
8088.9777920051265 2.1521724e-16
8091.976213912551 2.252832e-16
8094.974635819976 2.4499732e-16
8097.973057727401 2.6793142e-16
8100.971479634826 2.9408343e-16
8103.969901542251 3.3862898e-16
8106.968323449676 3.883651e-16
8109.966745357101 4.2439617e-16
8112.965167264526 4.6691786e-16
8115.963589171951 5.1220257e-16
8118.962011079376 5.510344e-16
8121.960432986801 5.900961e-16
8124.958854894226 6.2307373e-16
8127.957276801651 6.532797e-16
8130.9556987090755 6.8698184e-16
8133.9541206165 7.0576643e-16
8136.952542523925 7.152399e-16
8139.95096443135 7.310804e-16
8142.949386338775 7.5693696e-16
8145.9478082462 7.736833e-16
8148.946230153625 7.841046e-16
8151.94465206105 7.8643685e-16
8154.943073968475 7.859081e-16
8157.9414958759 7.8443356e-16
8160.939917783325 7.76638e-16
8163.93833969075 7.619789e-16
8166.936761598175 7.316904e-16
8169.9351835055995 7.098039e-16
8172.933605413024 6.9045864e-16
8175.932027320449 6.549673e-16
8178.930449227874 6.3194905e-16
8181.928871135299 6.1381127e-16
8184.927293042724 5.855872e-16
8187.925714950149 5.6010774e-16
8190.924136857574 5.397437e-16
8193.922558765 5.2223583e-16
8196.920980672425 5.0509554e-16
8199.91940257985 4.6995124e-16
8202.917824487275 4.267459e-16
8205.9162463947 3.9971686e-16
8208.914668302124 3.6378945e-16
8211.91309020955 3.271345e-16
8214.911512116974 3.0162417e-16
8217.9099340244 2.773949e-16
8220.908355931824 2.692986e-16
8223.90677783925 2.8428803e-16
8226.905199746674 3.0876527e-16
8229.903621654099 3.3934197e-16
8232.902043561524 3.54565e-16
8235.900465468949 3.7504734e-16
8238.898887376374 4.0029734e-16
8241.897309283799 4.2211125e-16
8244.895731191224 4.3948167e-16
8247.894153098649 4.480233e-16
8250.892575006073 4.5470814e-16
8253.890996913498 4.6044753e-16
8256.889418820923 4.530821e-16
8259.887840728348 4.495711e-16
8262.886262635773 4.513455e-16
8265.884684543198 4.753932e-16
8268.883106450623 4.7925156e-16
8271.881528358048 4.619803e-16
8274.879950265473 4.7634576e-16
8277.878372172898 5.185822e-16
8280.876794080323 5.333361e-16
8283.875215987748 5.2491293e-16
8286.873637895173 5.470984e-16
8289.872059802598 5.4260957e-16
8292.870481710022 5.4678714e-16
8295.868903617447 5.4852467e-16
8298.867325524872 5.4584026e-16
8301.865747432297 5.471789e-16
8304.864169339722 5.385867e-16
8307.862591247147 5.316264e-16
8310.861013154572 5.383201e-16
8313.859435061997 5.4120773e-16
8316.857856969422 5.4928625e-16
8319.856278876847 5.615702e-16
8322.854700784272 5.577924e-16
8325.853122691697 5.5040487e-16
8328.851544599122 5.566805e-16
8331.849966506546 5.6304943e-16
8334.848388413971 5.574408e-16
8337.846810321396 5.3731154e-16
8340.845232228821 4.9830964e-16
8343.843654136246 4.716096e-16
8346.842076043671 4.6114745e-16
8349.840497951096 4.3817692e-16
8352.838919858521 4.2498886e-16
8355.837341765946 4.205462e-16
8358.83576367337 4.0413183e-16
8361.834185580796 3.795152e-16
8364.83260748822 3.5280344e-16
8367.831029395646 3.2882833e-16
8370.82945130307 3.1200006e-16
8373.827873210495 2.8497494e-16
8376.82629511792 2.6617314e-16
8379.824717025345 2.6618074e-16
8382.82313893277 2.6086778e-16
8385.821560840195 2.5287885e-16
8388.81998274762 2.3949017e-16
8391.818404655045 2.156761e-16
8394.81682656247 2.1185546e-16
8397.815248469895 2.1700858e-16
8400.81367037732 2.0153619e-16
8403.812092284745 1.8274545e-16
8406.81051419217 1.8429314e-16
8409.808936099595 1.8781571e-16
8412.80735800702 1.9070424e-16
8415.805779914444 1.9538843e-16
8418.80420182187 1.9409833e-16
8421.802623729294 1.9312575e-16
8424.80104563672 1.9682245e-16
8427.799467544144 2.034206e-16
8430.797889451569 2.0426467e-16
8433.796311358994 1.9046067e-16
8436.794733266419 1.9026586e-16
8439.793155173844 2.0663092e-16
8442.791577081269 2.1898262e-16
8445.789998988694 2.0780406e-16
8448.788420896119 1.8521728e-16
8451.786842803544 1.7543596e-16
8454.785264710968 1.5613921e-16
8457.783686618393 1.5362573e-16
8460.782108525818 1.6447159e-16
8463.780530433243 1.7756192e-16
8466.778952340668 1.6861729e-16
8469.777374248093 1.6324943e-16
8472.775796155518 1.7577375e-16
8475.774218062943 1.7576396e-16
8478.772639970368 1.7210452e-16
8481.771061877793 1.7335573e-16
8484.769483785218 1.7285329e-16
8487.767905692643 1.7424677e-16
8490.766327600068 1.8158076e-16
8493.764749507493 1.6517664e-16
8496.763171414917 1.5211644e-16
8499.761593322342 1.6021975e-16
8502.760015229767 1.5824902e-16
8505.758437137192 1.5625766e-16
8508.756859044617 1.540988e-16
8511.755280952042 1.3550202e-16
8514.753702859467 1.3168938e-16
8517.752124766892 1.3428637e-16
8520.750546674317 1.3632859e-16
8523.748968581742 1.3181703e-16
8526.747390489167 1.2509683e-16
8529.745812396592 1.2208613e-16
8532.744234304017 1.154201e-16
8535.742656211441 1.2228649e-16
8538.741078118866 1.3548027e-16
8541.739500026291 1.2802624e-16
8544.737921933716 1.2405926e-16
8547.736343841141 1.1875434e-16
8550.734765748566 1.1165231e-16
8553.733187655991 1.140126e-16
8556.731609563416 1.1611817e-16
8559.730031470841 1.0793311e-16
8562.728453378266 1.0161794e-16
8565.72687528569 1.117066e-16
8568.725297193116 1.0513131e-16
8571.72371910054 1.0654025e-16
8574.722141007966 1.01735976e-16
8577.72056291539 1.0369164e-16
8580.718984822815 1.1289275e-16
8583.71740673024 1.0501512e-16
8586.715828637665 1.1075763e-16
8589.71425054509 1.202136e-16
8592.712672452515 1.1197733e-16
8595.71109435994 1.0348262e-16
8598.709516267365 9.8060435e-17
8601.70793817479 9.1257106e-17
8604.706360082215 9.240538e-17
8607.70478198964 9.460956e-17
8610.703203897065 9.52474e-17
8613.70162580449 1.08270385e-16
8616.700047711915 1.1114115e-16
8619.69846961934 1.0662802e-16
8622.696891526764 9.83241e-17
8625.69531343419 1.0695215e-16
8628.693735341614 1.2755781e-16
8631.69215724904 1.2196161e-16
8634.690579156464 1.148566e-16
8637.689001063889 1.3007467e-16
8640.687422971314 1.2298863e-16
8643.685844878739 1.3162806e-16
8646.684266786164 1.4658056e-16
8649.682688693589 1.4978764e-16
8652.681110601014 1.5261044e-16
8655.679532508439 1.4771153e-16
8658.677954415863 1.3503266e-16
8661.676376323288 1.3649081e-16
8664.674798230713 1.428481e-16
8667.673220138138 1.3610157e-16
8670.671642045563 1.3733869e-16
8673.670063952988 1.3047688e-16
8676.668485860413 1.1871311e-16
8679.666907767838 1.1726836e-16
8682.665329675263 1.1878453e-16
8685.663751582688 1.175174e-16
8688.662173490113 1.1675424e-16
8691.660595397538 1.1989734e-16
8694.659017304963 1.309372e-16
8697.657439212388 1.250372e-16
8700.655861119812 1.2283674e-16
8703.654283027237 1.2800836e-16
8706.652704934662 1.1944922e-16
8709.651126842087 1.0969346e-16
