3264.4817541824 1.7780278e-15
3268.767468331875 3.8514105e-15
3273.05318248135 3.0838058e-15
3277.3388966308253 1.0618574e-15
3281.6246107803004 1.1369309e-15
3285.9103249297755 2.69673e-15
3290.1960390792506 2.7391877e-15
3294.4817532287257 3.878495e-15
3298.7674673782008 3.3354017e-15
3303.053181527676 3.053751e-15
3307.338895677151 4.2992534e-15
3311.624609826626 4.1101494e-15
3315.910323976101 2.5652029e-15
3320.1960381255763 2.4232785e-15
3324.4817522750513 3.4734056e-15
3328.7674664245264 3.432593e-15
3333.0531805740015 1.3632343e-15
3337.3388947234766 9.567625e-16
3341.6246088729517 2.0130191e-15
3345.910323022427 2.1065737e-15
3350.196037171902 1.4626968e-15
3354.481751321377 1.709345e-15
3358.767465470852 1.7528681e-15
3363.0531796203272 1.5271683e-15
3367.3388937698023 2.361148e-15
3371.6246079192774 3.4439729e-15
3375.9103220687525 3.6783236e-15
3380.1960362182276 3.4733187e-15
3384.4817503677027 3.383383e-15
3388.767464517178 3.709163e-15
3393.053178666653 3.07513e-15
3397.338892816128 3.013436e-15
3401.624606965603 3.239006e-15
3405.910321115078 3.560797e-15
3410.1960352645533 3.6937692e-15
3414.4817494140284 3.7217484e-15
3418.7674635635035 4.0051097e-15
3423.0531777129786 4.0057594e-15
3427.3388918624537 3.4006895e-15
3431.624606011929 2.9032023e-15
3435.910320161404 2.8066322e-15
3440.196034310879 2.734408e-15
3444.481748460354 2.5000798e-15
3448.767462609829 2.1558246e-15
3453.0531767593043 2.0355856e-15
3457.3388909087794 2.0034318e-15
3461.6246050582545 2.2688065e-15
3465.9103192077296 2.6244102e-15
3470.1960333572047 2.4520429e-15
3474.4817475066798 2.1872479e-15
3478.767461656155 2.6406877e-15
3483.05317580563 3.072068e-15
3487.338889955105 2.7487778e-15
3491.62460410458 2.532172e-15
3495.9103182540553 2.4582012e-15
3500.1960324035304 2.4812657e-15
3504.4817465530055 2.7617888e-15
3508.7674607024805 2.8062038e-15
3513.0531748519556 2.6009724e-15
3517.3388890014307 2.5387507e-15
3521.624603150906 2.830744e-15
3525.910317300381 3.1862781e-15
3530.196031449856 3.4008695e-15
3534.481745599331 3.3398045e-15
3538.7674597488062 2.9319895e-15
3543.0531738982813 2.693909e-15
3547.3388880477564 2.886287e-15
3551.6246021972315 3.0249552e-15
3555.9103163467066 2.7124655e-15
3560.1960304961817 2.7886413e-15
3564.481744645657 2.9985303e-15
3568.767458795132 3.1596277e-15
3573.053172944607 3.2380397e-15
3577.338887094082 3.336215e-15
3581.624601243557 3.1206703e-15
3585.9103153930323 2.6552626e-15
3590.1960295425074 2.6214124e-15
3594.4817436919825 2.763108e-15
3598.7674578414576 2.5896383e-15
3603.0531719909327 2.3423921e-15
3607.338886140408 2.2507535e-15
3611.624600289883 2.2342978e-15
3615.910314439358 2.2477946e-15
3620.196028588833 2.3702654e-15
3624.481742738308 2.4143164e-15
3628.7674568877833 2.467306e-15
3633.0531710372584 2.5977836e-15
3637.3388851867335 2.9154323e-15
3641.6245993362086 3.6595817e-15
3645.9103134856837 4.703469e-15
3650.1960276351588 5.5694856e-15
3654.481741784634 5.788145e-15
3658.767455934109 5.5791633e-15
3663.053170083584 5.5453045e-15
3667.338884233059 5.6453043e-15
3671.6245983825343 5.7766144e-15
3675.9103125320094 5.730192e-15
3680.1960266814845 5.679906e-15
3684.4817408309596 5.5083476e-15
3688.7674549804346 4.993928e-15
3693.0531691299097 4.540129e-15
3697.338883279385 4.3923076e-15
3701.62459742886 4.255826e-15
3705.910311578335 4.197948e-15
3710.19602572781 4.432081e-15
3714.4817398772852 4.727288e-15
3718.7674540267603 4.9536384e-15
3723.0531681762354 5.3933205e-15
3727.3388823257105 5.8432454e-15
3731.6245964751856 6.0659947e-15
3735.9103106246607 6.2047704e-15
3740.196024774136 6.1701636e-15
3744.481738923611 5.872707e-15
3748.767453073086 5.516583e-15
3753.053167222561 5.219331e-15
3757.338881372036 4.8971307e-15
3761.6245955215113 4.367592e-15
3765.9103096709864 3.7732946e-15
3770.1960238204615 3.2824973e-15
3774.4817379699366 2.901298e-15
3778.7674521194117 2.6911518e-15
3783.053166268887 2.4759114e-15
3787.338880418362 2.4277781e-15
3791.624594567837 2.5713114e-15
3795.910308717312 2.6143435e-15
3800.196022866787 2.5703405e-15
3804.4817370162623 2.5294858e-15
3808.7674511657374 2.4215696e-15
3813.0531653152125 2.4389526e-15
3817.3388794646876 2.6968413e-15
3821.6245936141627 2.9245396e-15
3825.910307763638 2.9855817e-15
3830.196021913113 3.143327e-15
3834.481736062588 3.463125e-15
3838.767450212063 3.902134e-15
3843.053164361538 4.421116e-15
3847.3388785110133 5.016199e-15
3851.6245926604884 5.792045e-15
3855.9103068099635 6.7518563e-15
3860.1960209594386 7.667499e-15
3864.4817351089137 8.36457e-15
3868.7674492583888 8.9990195e-15
3873.053163407864 9.751884e-15
3877.338877557339 1.0090215e-14
3881.624591706814 1.0016622e-14
3885.910305856289 9.959067e-15
3890.1960200057642 1.003992e-14
3894.4817341552393 1.0123012e-14
3898.7674483047144 9.962679e-15
3903.0531624541895 9.654668e-15
3907.3388766036646 9.491306e-15
3911.6245907531397 9.351927e-15
3915.910304902615 9.0920745e-15
3920.19601905209 8.998143e-15
3924.481733201565 9.103248e-15
3928.76744735104 9.036409e-15
3933.053161500515 8.8754425e-15
3937.3388756499903 8.700805e-15
3941.6245897994654 8.260355e-15
3945.9103039489405 7.7251006e-15
3950.1960180984156 7.3580134e-15
3954.4817322478907 7.0840982e-15
3958.767446397366 6.817962e-15
3963.053160546841 6.5689764e-15
3967.338874696316 6.368525e-15
3971.624588845791 6.307297e-15
3975.910302995266 6.420181e-15
3980.1960171447413 6.851138e-15
3984.4817312942164 7.577631e-15
3988.7674454436915 8.380286e-15
3993.0531595931666 9.2997365e-15
3997.3388737426417 1.02739404e-14
4001.624587892117 1.0818187e-14
4005.910302041592 1.1147238e-14
4010.196016191067 1.1595284e-14
4014.481730340542 1.177114e-14
4018.767444490017 1.1565884e-14
4023.0531586394923 1.12618155e-14
4027.3388727889674 1.0865345e-14
4031.6245869384425 1.0547646e-14
4035.9103010879176 1.00765055e-14
4040.1960152373927 9.505161e-15
4044.4817293868678 9.189273e-15
4048.767443536343 9.052559e-15
4053.053157685818 9.161995e-15
4057.338871835293 9.350066e-15
4061.624585984768 9.395336e-15
4065.9103001342432 9.54925e-15
4070.1960142837183 9.934341e-15
4074.4817284331934 1.0119464e-14
4078.7674425826685 9.902984e-15
4083.0531567321436 9.660358e-15
4087.3388708816187 9.2868675e-15
4091.624585031094 8.835803e-15
4095.910299180569 8.607006e-15
4100.1960133300445 8.157564e-15
4104.48172747952 7.620617e-15
4108.767441628995 7.429167e-15
4113.05315577847 7.502321e-15
4117.338869927945 7.635208e-15
4121.62458407742 7.834405e-15
4125.910298226895 8.095158e-15
4130.19601237637 8.242623e-15
4134.481726525845 8.132229e-15
4138.76744067532 7.79576e-15
4143.0531548247955 7.279684e-15
4147.338868974271 6.7963306e-15
4151.624583123746 6.436377e-15
4155.910297273221 6.0355337e-15
4160.196011422696 5.5945654e-15
4164.481725572171 5.1500632e-15
4168.767439721646 4.6913483e-15
4173.053153871121 4.2922056e-15
4177.338868020596 3.930254e-15
4181.624582170071 3.551474e-15
4185.910296319546 3.304974e-15
4190.1960104690215 3.2179489e-15
4194.481724618497 3.2675835e-15
4198.767438767972 3.418344e-15
4203.053152917447 3.721411e-15
4207.338867066922 4.1671603e-15
4211.624581216397 4.7560485e-15
4215.910295365872 5.414629e-15
4220.196009515347 6.1153767e-15
4224.481723664822 6.7724964e-15
4228.767437814297 7.324391e-15
4233.0531519637725 7.853366e-15
4237.338866113248 8.289813e-15
4241.624580262723 8.534665e-15
4245.910294412198 8.495192e-15
4250.196008561673 8.307988e-15
4254.481722711148 8.101385e-15
4258.767436860623 7.946057e-15
4263.053151010098 7.743637e-15
4267.338865159573 7.5593405e-15
4271.624579309048 7.422271e-15
4275.9102934585235 7.396237e-15
4280.196007607999 7.569614e-15
4284.481721757474 7.842825e-15
4288.767435906949 8.068674e-15
4293.053150056424 8.110874e-15
4297.338864205899 8.096351e-15
4301.624578355374 8.233395e-15
4305.910292504849 8.351636e-15
4310.196006654324 8.169066e-15
4314.481720803799 7.97044e-15
4318.7674349532745 7.930762e-15
4323.05314910275 7.928741e-15
4327.338863252225 7.895789e-15
4331.6245774017 7.951029e-15
4335.910291551175 8.0829e-15
4340.19600570065 8.112404e-15
4344.481719850125 8.109486e-15
4348.7674339996 8.185436e-15
4353.053148149075 8.387592e-15
4357.33886229855 8.507467e-15
4361.624576448025 8.505624e-15
4365.9102905975005 8.4079785e-15
4370.196004746976 8.202854e-15
4374.481718896451 8.163535e-15
4378.767433045926 8.082462e-15
4383.053147195401 7.698563e-15
4387.338861344876 7.32568e-15
4391.624575494351 7.13591e-15
4395.910289643826 6.9343216e-15
4400.196003793301 6.6685477e-15
4404.481717942776 6.4990458e-15
4408.7674320922515 6.3300026e-15
4413.053146241727 6.193548e-15
4417.338860391202 6.0028657e-15
4421.624574540677 5.8800896e-15
4425.910288690152 5.942238e-15
4430.196002839627 6.0347587e-15
4434.481716989102 6.1203437e-15
4438.767431138577 6.3355964e-15
4443.053145288052 6.6860004e-15
4447.338859437527 7.047562e-15
4451.6245735870025 7.387167e-15
4455.910287736478 7.851961e-15
4460.196001885953 8.494259e-15
4464.481716035428 9.25154e-15
4468.767430184903 9.968754e-15
4473.053144334378 1.0757465e-14
4477.338858483853 1.1348122e-14
4481.624572633328 1.16998205e-14
4485.910286782803 1.18830625e-14
4490.196000932278 1.1867109e-14
4494.4817150817535 1.16699846e-14
4498.767429231229 1.14109805e-14
4503.053143380704 1.1309421e-14
4507.338857530179 1.12798116e-14
4511.624571679654 1.128303e-14
4515.910285829129 1.1291286e-14
4520.195999978604 1.1252115e-14
4524.481714128079 1.1033133e-14
4528.767428277554 1.0768261e-14
4533.053142427029 1.0713652e-14
4537.338856576504 1.0777997e-14
4541.6245707259795 1.0964742e-14
4545.910284875455 1.1359406e-14
4550.19599902493 1.1789839e-14
4554.481713174405 1.207172e-14
4558.76742732388 1.2125076e-14
4563.053141473355 1.2077862e-14
4567.33885562283 1.1982027e-14
4571.624569772305 1.1877617e-14
4575.91028392178 1.1760922e-14
4580.195998071255 1.1696922e-14
4584.4817122207305 1.1602094e-14
4588.767426370206 1.16506485e-14
4593.053140519681 1.1740294e-14
4597.338854669156 1.1688945e-14
4601.624568818631 1.1732827e-14
4605.910282968106 1.1820521e-14
4610.195997117581 1.167372e-14
4614.481711267056 1.1419864e-14
4618.767425416531 1.1089166e-14
4623.053139566006 1.07238174e-14
4627.3388537154815 1.0287226e-14
4631.624567864957 9.79138e-15
4635.910282014432 9.467536e-15
4640.195996163907 9.25492e-15
4644.481710313382 8.898952e-15
4648.767424462857 8.381622e-15
4653.053138612332 7.908815e-15
4657.338852761807 7.454987e-15
4661.624566911282 6.8968574e-15
4665.910281060757 6.5466266e-15
4670.1959952102325 6.3990256e-15
4674.481709359708 6.125623e-15
4678.767423509183 5.7779014e-15
4683.053137658658 5.5031832e-15
4687.338851808133 5.202539e-15
4691.624565957608 4.8698203e-15
4695.910280107083 4.5010543e-15
4700.195994256558 4.224682e-15
4704.481708406033 4.182263e-15
4708.767422555508 4.2697305e-15
4713.053136704983 4.4181615e-15
4717.3388508544585 4.690758e-15
4721.624565003934 5.096346e-15
4725.910279153409 5.6963046e-15
4730.195993302884 6.623558e-15
4734.481707452359 7.792277e-15
4738.767421601834 9.027572e-15
4743.053135751309 1.0264105e-14
4747.338849900784 1.1497588e-14
4751.624564050259 1.2601762e-14
4755.910278199734 1.3520375e-14
4760.1959923492095 1.4304589e-14
4764.481706498685 1.4852226e-14
4768.76742064816 1.4986337e-14
4773.053134797635 1.4774889e-14
4777.33884894711 1.4548186e-14
4781.624563096585 1.4350026e-14
4785.91027724606 1.4003743e-14
4790.195991395535 1.3521282e-14
4794.48170554501 1.3006805e-14
4798.767419694485 1.2787683e-14
4803.0531338439605 1.2851893e-14
4807.338847993436 1.3090973e-14
4811.624562142911 1.3489878e-14
4815.910276292386 1.38229916e-14
4820.195990441861 1.407297e-14
4824.481704591336 1.4418242e-14
4828.767418740811 1.459312e-14
4833.053132890286 1.4534121e-14
4837.338847039761 1.4488602e-14
4841.624561189236 1.4335941e-14
4845.9102753387115 1.3992029e-14
4850.195989488187 1.3630765e-14
4854.481703637662 1.3185531e-14
4858.767417787137 1.251711e-14
4863.053131936612 1.165219e-14
4867.338846086087 1.0811057e-14
4871.624560235562 1.0182367e-14
4875.910274385037 9.6808065e-15
4880.195988534512 9.30002e-15
4884.481702683987 9.052394e-15
4888.767416833462 8.942203e-15
4893.053130982938 8.924601e-15
4897.338845132413 9.206948e-15
4901.624559281888 9.759265e-15
4905.910273431363 1.0467153e-14
4910.195987580838 1.1218853e-14
4914.481701730313 1.1753953e-14
4918.767415879788 1.2040232e-14
4923.053130029263 1.2498087e-14
4927.338844178738 1.3274231e-14
4931.624558328213 1.3911178e-14
4935.9102724776885 1.40713365e-14
4940.195986627164 1.3469759e-14
4944.481700776639 1.2541677e-14
4948.767414926114 1.2140904e-14
4953.053129075589 1.2029027e-14
4957.338843225064 1.1883299e-14
4961.624557374539 1.1760089e-14
4965.910271524014 1.1746307e-14
4970.195985673489 1.1609276e-14
4974.481699822964 1.12151355e-14
4978.7674139724395 1.0797507e-14
4983.053128121915 1.03769515e-14
4987.33884227139 1.0000883e-14
4991.624556420865 9.71404e-15
4995.91027057034 9.499625e-15
5000.195984719815 9.4175715e-15
5004.48169886929 9.1748915e-15
5008.767413018765 8.771755e-15
5013.05312716824 8.400278e-15
5017.338841317715 7.9970236e-15
5021.6245554671905 7.4961094e-15
5025.910269616666 7.0700112e-15
5030.195983766141 6.8427184e-15
5034.481697915616 6.68391e-15
5038.767412065091 6.5131925e-15
5043.053126214566 6.484441e-15
5047.338840364041 6.7156275e-15
5051.624554513516 7.111124e-15
5055.910268662991 7.620139e-15
5060.195982812466 8.121906e-15
5064.481696961941 8.562252e-15
5068.767411111417 8.9488785e-15
5073.053125260892 9.165324e-15
5077.338839410367 9.2955e-15
5081.624553559842 9.5107265e-15
5085.910267709317 9.6503675e-15
5090.195981858792 9.652949e-15
5094.481696008267 9.705766e-15
5098.767410157742 9.801304e-15
5103.053124307217 9.949773e-15
5107.338838456692 1.0090166e-14
5111.6245526061675 1.0095218e-14
5115.910266755643 1.0139034e-14
5120.195980905118 1.0167654e-14
5124.481695054593 1.0126746e-14
5128.767409204068 1.01293816e-14
5133.053123353543 1.00912515e-14
5137.338837503018 9.961406e-15
5141.624551652493 9.937811e-15
5145.910265801968 1.0081819e-14
5150.195979951443 1.0246243e-14
5154.4816941009185 1.03076405e-14
5158.767408250394 1.048865e-14
5163.053122399869 1.0633503e-14
5167.338836549344 1.0570052e-14
5171.624550698819 1.0267777e-14
5175.910264848294 9.844867e-15
5180.195978997769 9.508944e-15
5184.481693147244 9.287466e-15
5188.767407296719 9.209021e-15
5193.053121446194 9.312019e-15
5197.3388355956695 9.393646e-15
5201.624549745145 9.49706e-15
5205.91026389462 9.700771e-15
5210.195978044095 9.920226e-15
5214.48169219357 1.0146044e-14
5218.767406343045 1.0351746e-14
5223.05312049252 1.04676865e-14
5227.338834641995 1.0578099e-14
5231.62454879147 1.0605945e-14
5235.910262940945 1.0537278e-14
5240.1959770904205 1.0550989e-14
5244.481691239896 1.0657229e-14
5248.767405389371 1.075233e-14
5253.053119538846 1.0741686e-14
5257.338833688321 1.0683759e-14
5261.624547837796 1.065178e-14
5265.910261987271 1.0499814e-14
5270.195976136746 1.02600084e-14
5274.481690286221 1.0129011e-14
5278.767404435696 1.0138435e-14
5283.053118585171 1.0219891e-14
5287.3388327346465 1.029255e-14
5291.624546884122 1.038528e-14
5295.910261033597 1.057727e-14
5300.195975183072 1.0736116e-14
5304.481689332547 1.07366635e-14
5308.767403482022 1.072416e-14
5313.053117631497 1.078876e-14
5317.338831780972 1.0868866e-14
5321.624545930447 1.0866458e-14
5325.910260079922 1.0871257e-14
5330.1959742293975 1.084658e-14
5334.481688378873 1.0683293e-14
5338.767402528348 1.0516064e-14
5343.053116677823 1.0468622e-14
5347.338830827298 1.0327305e-14
5351.624544976773 1.0019691e-14
5355.910259126248 9.864697e-15
5360.195973275723 9.852782e-15
5364.481687425198 9.750641e-15
5368.767401574673 9.5685475e-15
5373.0531157241485 9.487905e-15
5377.338829873624 9.28792e-15
5381.624544023099 9.030104e-15
5385.910258172574 9.020315e-15
5390.195972322049 9.2108455e-15
5394.481686471524 9.396619e-15
5398.767400620999 9.528428e-15
5403.053114770474 9.723674e-15
5407.338828919949 1.00398654e-14
5411.624543069424 1.0279649e-14
5415.9102572188995 1.0433762e-14
5420.195971368375 1.0622769e-14
5424.48168551785 1.07676675e-14
5428.767399667325 1.0910201e-14
5433.0531138168 1.0926348e-14
5437.338827966275 1.0859953e-14
5441.62454211575 1.0756924e-14
5445.910256265225 1.0589588e-14
5450.1959704147 1.0446907e-14
5454.481684564175 1.0404532e-14
5458.76739871365 1.0401098e-14
5463.0531128631255 1.0320164e-14
5467.338827012601 1.0170998e-14
5471.624541162076 1.00976305e-14
5475.910255311551 1.0060405e-14
5480.195969461026 9.977969e-15
5484.481683610501 9.799616e-15
5488.767397759976 9.4981624e-15
5493.053111909451 9.226558e-15
5497.338826058926 9.042201e-15
5501.624540208401 8.81856e-15
5505.9102543578765 8.549007e-15
5510.195968507352 8.3587346e-15
5514.481682656827 8.26234e-15
5518.767396806302 8.1615826e-15
5523.053110955777 8.064425e-15
5527.338825105252 8.1046975e-15
5531.624539254727 8.254749e-15
5535.910253404202 8.434565e-15
5540.195967553677 8.692906e-15
5544.481681703152 8.976342e-15
5548.7673958526275 9.228e-15
5553.053110002103 9.385722e-15
5557.338824151578 9.5689185e-15
5561.624538301053 9.817661e-15
5565.910252450528 9.976882e-15
5570.195966600003 1.0162036e-14
5574.481680749478 1.0275655e-14
5578.767394898953 1.0317227e-14
5583.053109048428 1.0253939e-14
5587.338823197903 1.01824024e-14
5591.6245373473785 1.0153697e-14
5595.910251496854 1.0146533e-14
5600.195965646329 1.0090814e-14
5604.481679795804 9.981264e-15
5608.767393945279 9.945534e-15
5613.053108094754 9.902383e-15
5617.338822244229 9.772536e-15
5621.624536393704 9.778226e-15
5625.910250543179 9.812996e-15
5630.195964692654 9.732162e-15
5634.481678842129 9.687157e-15
5638.7673929916045 9.702856e-15
5643.05310714108 9.698709e-15
5647.338821290555 9.612736e-15
5651.62453544003 9.4161485e-15
5655.910249589505 9.24237e-15
5660.19596373898 9.247767e-15
5664.481677888455 9.354892e-15
5668.76739203793 9.4120116e-15
5673.053106187405 9.409506e-15
5677.33882033688 9.360526e-15
5681.6245344863555 9.286255e-15
5685.910248635831 9.2473806e-15
5690.195962785306 9.265193e-15
5694.481676934781 9.366646e-15
5698.767391084256 9.386298e-15
5703.053105233731 9.3183645e-15
5707.338819383206 9.2107735e-15
5711.624533532681 9.10031e-15
5715.910247682156 9.029948e-15
5720.195961831631 8.939314e-15
5724.4816759811065 8.7943755e-15
5728.767390130582 8.611084e-15
5733.053104280057 8.356162e-15
5737.338818429532 8.164536e-15
5741.624532579007 8.07126e-15
5745.910246728482 7.983494e-15
5750.195960877957 7.992258e-15
5754.481675027432 8.173092e-15
5758.767389176907 8.390909e-15
5763.053103326382 8.584839e-15
5767.3388174758575 8.789447e-15
5771.624531625333 9.034694e-15
5775.910245774808 9.271236e-15
5780.195959924283 9.412878e-15
5784.481674073758 9.507385e-15
5788.767388223233 9.522449e-15
5793.053102372708 9.52247e-15
5797.338816522183 9.536612e-15
5801.624530671658 9.481748e-15
5805.910244821133 9.4218024e-15
5810.195958970608 9.4074994e-15
5814.4816731200835 9.4405015e-15
5818.767387269559 9.518902e-15
5823.053101419034 9.577027e-15
5827.338815568509 9.552907e-15
5831.624529717984 9.482279e-15
5835.910243867459 9.43538e-15
5840.195958016934 9.4243656e-15
5844.481672166409 9.402019e-15
5848.767386315884 9.353233e-15
5853.053100465359 9.310651e-15
5857.3388146148345 9.271922e-15
5861.62452876431 9.242985e-15
5865.910242913785 9.305563e-15
5870.19595706326 9.2989666e-15
5874.481671212735 9.182985e-15
5878.76738536221 9.128298e-15
5883.053099511685 9.1193515e-15
5887.33881366116 9.080242e-15
5891.624527810635 9.008941e-15
5895.91024196011 9.006178e-15
5900.1959561095855 9.066006e-15
5904.481670259061 9.135109e-15
5908.767384408536 9.163559e-15
5913.053098558011 9.2092116e-15
5917.338812707486 9.3213215e-15
5921.624526856961 9.243946e-15
5925.910241006436 9.101467e-15
5930.195955155911 9.175829e-15
5934.481669305386 9.233372e-15
5938.767383454861 9.115547e-15
5943.0530976043365 9.0371334e-15
5947.338811753812 9.028584e-15
5951.624525903287 8.930283e-15
5955.910240052762 8.90446e-15
5960.195954202237 8.949573e-15
5964.481668351712 8.9146686e-15
5968.767382501187 8.910546e-15
5973.053096650662 8.9998055e-15
5977.338810800137 8.997361e-15
5981.624524949612 8.902608e-15
5985.910239099087 8.89698e-15
5990.195953248563 8.910776e-15
5994.481667398038 8.791832e-15
5998.767381547513 8.655643e-15
6003.053095696988 8.626541e-15
6007.338809846463 8.634584e-15
6011.624523995938 8.5379515e-15
6015.910238145413 8.457542e-15
6020.195952294888 8.572441e-15
6024.481666444363 8.683022e-15
6028.767380593838 8.762266e-15
6033.0530947433135 8.893995e-15
6037.338808892789 8.949846e-15
6041.624523042264 8.930641e-15
6045.910237191739 8.9808184e-15
6050.195951341214 9.080579e-15
6054.481665490689 9.119227e-15
6058.767379640164 9.001342e-15
6063.053093789639 8.876227e-15
6067.338807939114 8.890611e-15
6071.624522088589 8.931854e-15
6075.9102362380645 8.828826e-15
6080.19595038754 8.6672265e-15
6084.481664537015 8.483195e-15
6088.76737868649 8.247542e-15
6093.053092835965 8.075472e-15
6097.33880698544 8.028533e-15
6101.624521134915 8.034602e-15
6105.91023528439 8.023173e-15
6110.195949433865 8.013871e-15
6114.48166358334 8.169002e-15
6118.7673777328155 8.3459e-15
6123.053091882291 8.417126e-15
6127.338806031766 8.36582e-15
6131.624520181241 8.321585e-15
6135.910234330716 8.35146e-15
6140.195948480191 8.3996446e-15
6144.481662629666 8.380341e-15
6148.767376779141 8.343578e-15
6153.053090928616 8.466343e-15
6157.338805078091 8.591252e-15
6161.624519227566 8.476223e-15
6165.910233377042 8.389418e-15
6170.195947526517 8.373146e-15
6174.481661675992 8.293876e-15
6178.767375825467 8.344527e-15
6183.053089974942 8.486956e-15
6187.338804124417 8.585608e-15
6191.624518273892 8.591142e-15
6195.910232423367 8.490463e-15
6200.195946572842 8.386369e-15
6204.481660722317 8.334529e-15
6208.7673748717925 8.301444e-15
6213.053089021268 8.313902e-15
6217.338803170743 8.249137e-15
6221.624517320218 8.106146e-15
6225.910231469693 8.059342e-15
6230.195945619168 8.056844e-15
6234.481659768643 8.011486e-15
6238.767373918118 8.0180935e-15
6243.053088067593 8.097904e-15
6247.338802217068 8.187956e-15
6251.6245163665435 8.215948e-15
6255.910230516019 8.174111e-15
6260.195944665494 8.160188e-15
6264.481658814969 8.143596e-15
6268.767372964444 8.067423e-15
6273.053087113919 7.989439e-15
6277.338801263394 7.950527e-15
6281.624515412869 7.934724e-15
6285.910229562344 7.875669e-15
6290.195943711819 7.780682e-15
6294.4816578612945 7.580395e-15
6298.76737201077 7.273862e-15
6303.053086160245 6.962886e-15
6307.33880030972 6.5826903e-15
6311.624514459195 6.1806885e-15
6315.91022860867 5.8470528e-15
6320.195942758145 5.4806856e-15
6324.48165690762 5.0738375e-15
6328.767371057095 4.736731e-15
6333.05308520657 4.4722264e-15
6337.3387993560455 4.18534e-15
6341.624513505521 3.960985e-15
6345.910227654996 3.8173856e-15
6350.195941804471 3.682314e-15
6354.481655953946 3.6331077e-15
6358.767370103421 3.669298e-15
6363.053084252896 3.7072205e-15
6367.338798402371 3.7850735e-15
6371.624512551846 3.940456e-15
6375.910226701321 4.120776e-15
6380.195940850796 4.3153495e-15
6384.4816550002715 4.60092e-15
6388.767369149747 4.9947098e-15
6393.053083299222 5.4635357e-15
6397.338797448697 6.0217575e-15
6401.624511598172 6.6898162e-15
6405.910225747647 7.489903e-15
6410.195939897122 8.464591e-15
6414.481654046597 9.5689075e-15
6418.767368196072 1.0746943e-14
6423.053082345547 1.1965841e-14
6427.3387964950225 1.30956e-14
6431.624510644498 1.4035277e-14
6435.910224793973 1.47824e-14
6440.195938943448 1.546173e-14
6444.481653092923 1.6119347e-14
6448.767367242398 1.6704322e-14
6453.053081391873 1.7115e-14
6457.338795541348 1.7377521e-14
6461.624509690823 1.7706014e-14
6465.910223840298 1.8095673e-14
6470.1959379897735 1.8346117e-14
6474.481652139249 1.8468893e-14
6478.767366288724 1.857281e-14
6483.053080438199 1.8771375e-14
6487.338794587674 1.9145237e-14
6491.624508737149 1.9383062e-14
6495.910222886624 1.9281196e-14
6500.195937036099 1.869097e-14
6504.481651185574 1.7818238e-14
6508.767365335049 1.718123e-14
6513.0530794845245 1.6772853e-14
6517.338793634 1.6378365e-14
6521.624507783475 1.5943122e-14
6525.91022193295 1.5456593e-14
6530.195936082425 1.4951712e-14
6534.4816502319 1.4533642e-14
6538.767364381375 1.4148957e-14
6543.05307853085 1.3757788e-14
6547.338792680325 1.33809556e-14
6551.6245068298 1.3036353e-14
6555.910220979275 1.272947e-14
6560.1959351287505 1.2433746e-14
6564.481649278226 1.2106505e-14
6568.767363427701 1.175893e-14
6573.053077577176 1.1431207e-14
6577.338791726651 1.1198691e-14
6581.624505876126 1.1025026e-14
6585.910220025601 1.0855823e-14
6590.195934175076 1.06958645e-14
6594.481648324551 1.0494656e-14
6598.767362474026 1.0278613e-14
6603.0530766235015 1.0034337e-14
6607.338790772977 9.791702e-15
6611.624504922452 9.620972e-15
6615.910219071927 9.455286e-15
6620.195933221402 9.264249e-15
6624.481647370877 9.118264e-15
6628.767361520352 9.053081e-15
6633.053075669827 8.9480256e-15
6637.338789819302 8.764852e-15
6641.624503968777 8.631572e-15
6645.9102181182525 8.546993e-15
6650.195932267728 8.437584e-15
6654.481646417203 8.251361e-15
6658.767360566678 8.0613125e-15
6663.053074716153 7.996861e-15
6667.338788865628 8.011272e-15
6671.624503015103 7.949331e-15
6675.910217164578 7.809016e-15
6680.195931314053 7.720708e-15
6684.481645463528 7.680968e-15
6688.7673596130035 7.641491e-15
6693.053073762479 7.625825e-15
6697.338787911954 7.623476e-15
6701.624502061429 7.5700935e-15
6705.910216210904 7.505538e-15
6710.195930360379 7.485814e-15
6714.481644509854 7.468118e-15
6718.767358659329 7.459481e-15
6723.053072808804 7.496891e-15
6727.338786958279 7.5256065e-15
6731.624501107754 7.4842976e-15
6735.9102152572295 7.431262e-15
6740.195929406705 7.43487e-15
6744.48164355618 7.47458e-15
6748.767357705655 7.455513e-15
6753.05307185513 7.387784e-15
6757.338786004605 7.360493e-15
6761.62450015408 7.361345e-15
6765.910214303555 7.376927e-15
6770.19592845303 7.4182044e-15
6774.481642602505 7.429331e-15
6778.7673567519805 7.447914e-15
6783.053070901456 7.459797e-15
6787.338785050931 7.380739e-15
6791.624499200406 7.311757e-15
6795.910213349881 7.355966e-15
6800.195927499356 7.418505e-15
6804.481641648831 7.3211954e-15
6808.767355798306 7.18564e-15
6813.053069947781 7.161286e-15
6817.338784097256 7.178264e-15
6821.6244982467315 7.203787e-15
6825.910212396207 7.211032e-15
6830.195926545682 7.1112465e-15
6834.481640695157 6.9579644e-15
6838.767354844632 6.8457686e-15
6843.053068994107 6.763063e-15
6847.338783143582 6.720804e-15
6851.624497293057 6.7341732e-15
6855.910211442532 6.727229e-15
6860.195925592007 6.7562922e-15
6864.4816397414825 6.8697947e-15
6868.767353890958 6.9276423e-15
6873.053068040433 6.889429e-15
6877.338782189908 6.8921627e-15
6881.624496339383 6.966841e-15
6885.910210488858 7.071844e-15
6890.195924638333 7.145427e-15
6894.481638787808 7.133374e-15
6898.767352937283 7.121495e-15
6903.053067086758 7.1465635e-15
6907.338781236233 7.124954e-15
6911.6244953857085 7.0842854e-15
6915.910209535184 7.037569e-15
6920.195923684659 6.979089e-15
6924.481637834134 6.9850076e-15
6928.767351983609 7.016767e-15
6933.053066133084 7.0001954e-15
6937.338780282559 6.9668553e-15
6941.624494432034 6.9485823e-15
6945.910208581509 6.968701e-15
6950.195922730984 6.988106e-15
6954.4816368804595 6.959757e-15
6958.767351029935 6.902734e-15
6963.05306517941 6.877146e-15
6967.338779328885 6.8727e-15
6971.62449347836 6.8519396e-15
6975.910207627835 6.8134657e-15
6980.19592177731 6.8233624e-15
6984.481635926785 6.824338e-15
6988.76735007626 6.769636e-15
6993.053064225735 6.7565718e-15
6997.3387783752105 6.8064023e-15
7001.624492524686 6.8149446e-15
7005.910206674161 6.767334e-15
7010.195920823636 6.7389242e-15
7014.481634973111 6.678597e-15
7018.767349122586 6.6217385e-15
7023.053063272061 6.6353173e-15
7027.338777421536 6.6458773e-15
7031.624491571011 6.6301614e-15
7035.910205720486 6.6071822e-15
7040.1959198699615 6.579848e-15
7044.481634019437 6.5452447e-15
7048.767348168912 6.5168703e-15
7053.053062318387 6.4522133e-15
7057.338776467862 6.3525273e-15
7061.624490617337 6.316058e-15
7065.910204766812 6.327873e-15
7070.195918916287 6.333704e-15
7074.481633065762 6.365912e-15
7078.767347215237 6.454766e-15
7083.053061364712 6.567143e-15
7087.338775514188 6.690094e-15
7091.624489663663 6.7123096e-15
7095.910203813138 6.680442e-15
7100.195917962613 6.730389e-15
7104.481632112088 6.7576767e-15
7108.767346261563 6.7704597e-15
7113.053060411038 6.795311e-15
7117.338774560513 6.757035e-15
7121.624488709988 6.6973574e-15
7125.910202859463 6.648629e-15
7130.1959170089385 6.64524e-15
7134.481631158414 6.6087577e-15
7138.767345307889 6.5241544e-15
7143.053059457364 6.5514593e-15
7147.338773606839 6.653875e-15
7151.624487756314 6.6618506e-15
7155.910201905789 6.5816675e-15
7160.195916055264 6.4901905e-15
7164.481630204739 6.4564413e-15
7168.767344354214 6.4427312e-15
7173.0530585036895 6.4465628e-15
7177.338772653165 6.5129515e-15
7181.62448680264 6.572741e-15
7185.910200952115 6.5827305e-15
7190.19591510159 6.5131404e-15
7194.481629251065 6.4337997e-15
7198.76734340054 6.4093137e-15
7203.053057550015 6.374235e-15
7207.33877169949 6.3594543e-15
7211.624485848965 6.4536258e-15
7215.9101999984405 6.5474e-15
7220.195914147916 6.5645875e-15
7224.481628297391 6.5001783e-15
7228.767342446866 6.422529e-15
7233.053056596341 6.416088e-15
7237.338770745816 6.454003e-15
7241.624484895291 6.479364e-15
7245.910199044766 6.4883444e-15
7250.195913194241 6.5254347e-15
7254.481627343716 6.5393108e-15
7258.767341493191 6.530633e-15
7263.053055642667 6.5272914e-15
7267.338769792142 6.486591e-15
7271.624483941617 6.3997604e-15
7275.910198091092 6.2929864e-15
7280.195912240567 6.2507982e-15
7284.481626390042 6.266556e-15
7288.767340539517 6.2507012e-15
7293.053054688992 6.219058e-15
7297.338768838467 6.2111147e-15
7301.624482987942 6.2066504e-15
7305.9101971374175 6.1936138e-15
7310.195911286893 6.2135406e-15
7314.481625436368 6.2316845e-15
7318.767339585843 6.248273e-15
7323.053053735318 6.2579057e-15
7327.338767884793 6.2625055e-15
7331.624482034268 6.269122e-15
7335.910196183743 6.2505564e-15
7340.195910333218 6.26093e-15
7344.481624482693 6.262785e-15
7348.7673386321685 6.2462996e-15
7353.053052781644 6.225712e-15
7357.338766931119 6.1995277e-15
7361.624481080594 6.16473e-15
7365.910195230069 6.1492606e-15
7370.195909379544 6.1785057e-15
7374.481623529019 6.162574e-15
7378.767337678494 6.1113397e-15
7383.053051827969 6.142057e-15
7387.338765977444 6.171424e-15
7391.6244801269195 6.1057476e-15
7395.910194276395 6.08429e-15
7400.19590842587 6.1036004e-15
7404.481622575345 6.049246e-15
7408.76733672482 5.9997825e-15
7413.053050874295 6.0012627e-15
7417.33876502377 5.9958646e-15
7421.624479173245 5.9884387e-15
7425.91019332272 5.9694727e-15
7430.195907472195 5.9479475e-15
7434.4816216216705 5.9510074e-15
7438.767335771146 5.9455504e-15
7443.053049920621 5.9820834e-15
7447.338764070096 6.060922e-15
7451.624478219571 6.058148e-15
7455.910192369046 6.00016e-15
7460.195906518521 5.9839193e-15
7464.481620667996 6.01097e-15
7468.767334817471 6.007049e-15
7473.053048966946 5.987829e-15
7477.338763116421 5.980403e-15
7481.6244772658965 5.9507804e-15
7485.910191415372 5.8991593e-15
7490.195905564847 5.853467e-15
7494.481619714322 5.801738e-15
7498.767333863797 5.736327e-15
7503.053048013272 5.7447494e-15
7507.338762162747 5.8524424e-15
7511.624476312222 5.836422e-15
7515.910190461697 5.72559e-15
7520.195904611172 5.734494e-15
7524.4816187606475 5.742643e-15
7528.767332910123 5.8240313e-15
7533.053047059598 5.9594587e-15
7537.338761209073 5.9671447e-15
7541.624475358548 5.8318595e-15
7545.910189508023 5.7401225e-15
7550.195903657498 5.7693426e-15
7554.481617806973 5.7570432e-15
7558.767331956448 5.697526e-15
7563.053046105923 5.660796e-15
7567.3387602553985 5.678273e-15
7571.624474404874 5.7536615e-15
7575.910188554349 5.745661e-15
7580.195902703824 5.6231345e-15
7584.481616853299 5.456551e-15
7588.767331002774 5.2246775e-15
7593.053045152249 4.9974224e-15
7597.338759301724 4.8231403e-15
7601.624473451199 4.6224434e-15
7605.910187600674 4.4389507e-15
7610.1959017501495 4.310372e-15
7614.481615899625 4.292281e-15
7618.7673300491 4.3345353e-15
7623.053044198575 4.364864e-15
7627.33875834805 4.4818224e-15
7631.624472497525 4.6984447e-15
7635.910186647 4.8942466e-15
7640.195900796475 5.030834e-15
7644.48161494595 5.1471105e-15
7648.767329095425 5.3043964e-15
7653.0530432449 5.4677302e-15
7657.3387573943755 5.570406e-15
7661.624471543851 5.622948e-15
7665.910185693326 5.635686e-15
7670.195899842801 5.6577295e-15
7674.481613992276 5.7451276e-15
7678.767328141751 5.8199426e-15
7683.053042291226 5.81708e-15
7687.338756440701 5.811857e-15
7691.624470590176 5.79081e-15
7695.910184739651 5.7650447e-15
7700.1958988891265 5.7442886e-15
7704.481613038602 5.7184787e-15
7708.767327188077 5.7028107e-15
7713.053041337552 5.688872e-15
7717.338755487027 5.624395e-15
7721.624469636502 5.5764626e-15
7725.910183785977 5.5903277e-15
7730.195897935452 5.5802027e-15
7734.481612084927 5.6086316e-15
7738.767326234402 5.5905958e-15
7743.0530403838775 5.5313623e-15
7747.338754533353 5.4649626e-15
7751.624468682828 5.4267482e-15
7755.910182832303 5.4625066e-15
7760.195896981778 5.5466513e-15
7764.481611131253 5.5686877e-15
7768.767325280728 5.5659056e-15
7773.053039430203 5.5247377e-15
7777.338753579678 5.432428e-15
7781.624467729153 5.425988e-15
7785.9101818786285 5.4424937e-15
7790.195896028104 5.4553636e-15
7794.481610177579 5.4617947e-15
7798.767324327054 5.4654322e-15
7803.053038476529 5.4716024e-15
7807.338752626004 5.4904926e-15
7811.624466775479 5.445085e-15
7815.910180924954 5.381389e-15
7820.195895074429 5.3832984e-15
7824.481609223904 5.4121988e-15
7828.767323373379 5.459437e-15
7833.0530375228545 5.4749707e-15
7837.33875167233 5.4138047e-15
7841.624465821805 5.318946e-15
7845.91017997128 5.2948648e-15
7850.195894120755 5.3509612e-15
7854.48160827023 5.393445e-15
7858.767322419705 5.403413e-15
7863.05303656918 5.432991e-15
7867.338750718655 5.406906e-15
7871.62446486813 5.3681878e-15
7875.9101790176055 5.360735e-15
7880.195893167081 5.354305e-15
7884.481607316556 5.354673e-15
7888.767321466031 5.320491e-15
7893.053035615506 5.2820475e-15
7897.338749764981 5.307443e-15
7901.624463914456 5.3444603e-15
7905.910178063931 5.3349858e-15
7910.195892213406 5.3163667e-15
7914.481606362881 5.2964826e-15
7918.7673205123565 5.2852798e-15
7923.053034661832 5.2868015e-15
7927.338748811307 5.2431153e-15
7931.624462960782 5.223067e-15
7935.910177110257 5.2241502e-15
7940.195891259732 5.232044e-15
7944.481605409207 5.253009e-15
7948.767319558682 5.2421167e-15
7953.053033708157 5.2048616e-15
7957.338747857632 5.2292036e-15
7961.6244620071075 5.2667577e-15
7965.910176156583 5.2227315e-15
7970.195890306058 5.161222e-15
7974.481604455533 5.1706216e-15
7978.767318605008 5.234075e-15
7983.053032754483 5.2561613e-15
7987.338746903958 5.214943e-15
7991.624461053433 5.1676616e-15
7995.910175202908 5.2085974e-15
8000.195889352383 5.236229e-15
8004.481603501858 5.1752616e-15
8008.7673176513335 5.1042006e-15
8013.053031800809 5.103811e-15
8017.338745950284 5.113683e-15
8021.624460099759 5.089041e-15
8025.910174249234 5.0891764e-15
8030.195888398709 5.116651e-15
8034.481602548184 5.117479e-15
8038.767316697659 5.087573e-15
8043.053030847134 5.0198603e-15
8047.338744996609 4.909981e-15
8051.6244591460845 4.8925e-15
8055.91017329556 4.9431475e-15
8060.195887445035 4.9923406e-15
8064.48160159451 5.034542e-15
8068.767315743985 5.090529e-15
8073.05302989346 5.076137e-15
8077.338744042935 4.9946615e-15
8081.62445819241 4.9291024e-15
8085.910172341885 4.859542e-15
8090.19588649136 4.8264247e-15
8094.4816006408355 4.8466734e-15
8098.767314790311 4.929165e-15
8103.053028939786 4.988875e-15
8107.338743089261 5.0142034e-15
8111.624457238736 5.055521e-15
8115.910171388211 5.0719283e-15
8120.195885537686 5.047116e-15
8124.481599687161 4.9642153e-15
8128.767313836636 4.9295666e-15
8133.053027986111 5.020745e-15
8137.3387421355865 5.1140093e-15
8141.624456285062 5.0183725e-15
8145.910170434537 4.8737497e-15
8150.195884584012 4.8997337e-15
8154.481598733487 4.97911e-15
8158.767312882962 4.994515e-15
8163.053027032437 4.9216345e-15
8167.338741181912 4.8337362e-15
8171.624455331387 4.802853e-15
8175.910169480862 4.7776974e-15
8180.195883630337 4.7898934e-15
8184.481597779813 4.8191825e-15
8188.767311929288 4.7781925e-15
8193.053026078764 4.7379203e-15
8197.338740228239 4.7347312e-15
8201.624454377714 4.7749145e-15
8205.910168527189 4.9037833e-15
8210.195882676664 4.9726725e-15
8214.48159682614 4.8838044e-15
8218.767310975614 4.8160807e-15
8223.05302512509 4.8067786e-15
8227.338739274564 4.7183348e-15
8231.62445342404 4.6022603e-15
8235.910167573515 4.5492234e-15
8240.19588172299 4.53772e-15
8244.481595872465 4.491306e-15
8248.76731002194 4.3567716e-15
8253.053024171415 4.1276915e-15
8257.33873832089 3.897482e-15
8261.624452470365 3.8186596e-15
8265.91016661984 3.7319416e-15
8270.195880769315 3.4892315e-15
8274.48159491879 3.2119324e-15
8278.767309068266 2.9659176e-15
8283.05302321774 2.7859259e-15
8287.338737367216 2.6389341e-15
8291.62445151669 2.5124505e-15
8295.910165666166 2.3471776e-15
8300.195879815641 2.14643e-15
8304.481593965116 1.9947056e-15
8308.767308114591 1.858384e-15
8313.053022264066 1.7437701e-15
8317.338736413541 1.6666565e-15
8321.624450563017 1.6158832e-15
8325.910164712492 1.612636e-15
8330.195878861967 1.6424952e-15
8334.481593011442 1.6313422e-15
8338.767307160917 1.5951327e-15
8343.053021310392 1.6574925e-15
8347.338735459867 1.7094336e-15
8351.624449609342 1.7751809e-15
8355.910163758817 1.9115482e-15
8360.195877908292 2.0901597e-15
8364.481592057768 2.32517e-15
8368.767306207243 2.602529e-15
8373.053020356718 2.880807e-15
8377.338734506193 3.1157465e-15
8381.624448655668 3.3966307e-15
8385.910162805143 3.7376536e-15
8390.195876954618 4.0913974e-15
8394.481591104093 4.445453e-15
8398.767305253568 4.7502493e-15
8403.053019403043 4.979383e-15
8407.338733552519 5.163164e-15
8411.624447701994 5.3657195e-15
8415.910161851469 5.536697e-15
8420.195876000944 5.5803657e-15
8424.481590150419 5.4975776e-15
8428.767304299894 5.355933e-15
8433.05301844937 5.1514164e-15
8437.338732598844 4.9204445e-15
8441.62444674832 4.7070845e-15
8445.910160897794 4.491713e-15
8450.19587504727 4.2746424e-15
8454.481589196745 4.029292e-15
8458.76730334622 3.7951383e-15
8463.053017495695 3.6386227e-15
8467.33873164517 3.5293803e-15
8471.624445794645 3.4498394e-15
8475.91015994412 3.3916783e-15
8480.195874093595 3.365775e-15
8484.48158824307 3.4079678e-15
8488.767302392545 3.4941456e-15
8493.05301654202 3.621211e-15
8497.338730691496 3.798901e-15
8501.62444484097 3.991978e-15
8505.910158990446 4.2077416e-15
8510.19587313992 4.4476413e-15
8514.481587289396 4.672643e-15
8518.767301438871 4.9092696e-15
8523.053015588346 5.1772335e-15
8527.338729737821 5.445792e-15
8531.624443887296 5.7002852e-15
8535.910158036771 5.9448012e-15
8540.195872186247 6.1142476e-15
8544.481586335722 6.213609e-15
8548.767300485197 6.330905e-15
8553.053014634672 6.494727e-15
8557.338728784147 6.5861894e-15
8561.624442933622 6.6631372e-15
8565.910157083097 6.699977e-15
8570.195871232572 6.659588e-15
8574.481585382047 6.6423227e-15
8578.767299531522 6.6236456e-15
8583.053013680998 6.5613967e-15
8587.338727830473 6.5070117e-15
8591.624441979948 6.4591645e-15
8595.910156129423 6.4294764e-15
8600.195870278898 6.4638943e-15
8604.481584428373 6.4581222e-15
8608.767298577848 6.3928185e-15
8613.053012727323 6.3086976e-15
8617.338726876798 6.2419755e-15
8621.624441026273 6.190976e-15
8625.910155175749 6.1221208e-15
8630.195869325224 6.037269e-15
8634.481583474699 5.933306e-15
8638.767297624174 5.7809236e-15
8643.053011773649 5.6428077e-15
8647.338725923124 5.584108e-15
8651.6244400726 5.5570825e-15
8655.910154222074 5.521999e-15
8660.19586837155 5.4310313e-15
8664.481582521024 5.295509e-15
8668.7672966705 5.233207e-15
8673.053010819975 5.2162512e-15
8677.33872496945 5.1451636e-15
8681.624439118925 5.0021814e-15
8685.9101532684 4.837383e-15
8690.195867417875 4.7538496e-15
8694.48158156735 4.6959303e-15
8698.767295716825 4.617262e-15
8703.0530098663 4.554768e-15
8707.338724015775 4.4824306e-15
8711.62443816525 4.488985e-15
8715.910152314726 4.4836757e-15
8720.1958664642 4.3823346e-15
8724.481580613676 4.3385616e-15
8728.76729476315 4.335992e-15
8733.053008912626 4.2213573e-15
8737.338723062101 4.150179e-15
8741.624437211576 4.1169177e-15
8745.910151361051 3.983548e-15
8750.195865510526 3.8849306e-15
8754.481579660001 3.8805747e-15
8758.767293809477 3.8494984e-15
8763.053007958952 3.8003255e-15
8767.338722108427 3.8258136e-15
8771.624436257902 3.8426315e-15
8775.910150407377 3.8536234e-15
8780.195864556852 3.949482e-15
8784.481578706327 4.0402785e-15
8788.767292855802 4.0730405e-15
8793.053007005277 4.016913e-15
8797.338721154752 3.9465548e-15
8801.624435304228 3.9621876e-15
8805.910149453703 3.9557192e-15
8810.195863603178 3.950948e-15
8814.481577752653 3.9451436e-15
8818.767291902128 3.913417e-15
8823.053006051603 3.9400136e-15
8827.338720201078 4.098136e-15
8831.624434350553 4.225345e-15
8835.910148500028 4.2220857e-15
8840.195862649503 4.1454944e-15
8844.481576798978 4.040402e-15
8848.767290948454 3.9576966e-15
8853.053005097929 3.943412e-15
8857.338719247404 3.9470833e-15
8861.624433396879 3.906242e-15
8865.910147546354 3.8686714e-15
8870.195861695829 3.8381553e-15
8874.481575845304 3.8288257e-15
8878.76728999478 3.826858e-15
8883.053004144254 3.855066e-15
8887.33871829373 3.8694697e-15
8891.624432443205 3.823946e-15
8895.91014659268 3.8034553e-15
8900.195860742155 3.7868183e-15
8904.48157489163 3.667711e-15
8908.767289041105 3.6144607e-15
8913.05300319058 3.723094e-15
8917.338717340055 3.617952e-15
8921.62443148953 3.4268092e-15
8925.910145639005 3.4298873e-15
8930.19585978848 3.4938123e-15
8934.481573937956 3.5616617e-15
8938.76728808743 3.685032e-15
8943.053002236906 3.745991e-15
8947.33871638638 3.7092513e-15
8951.624430535856 3.771664e-15
8955.910144685331 3.7942557e-15
8960.195858834806 3.7285717e-15
8964.481572984281 3.760225e-15
8968.767287133756 3.8289506e-15
8973.053001283231 3.9847674e-15
8977.338715432707 4.140819e-15
8981.624429582182 4.0804444e-15
8985.910143731657 3.9762403e-15
8990.195857881132 4.0075276e-15
8994.481572030607 4.0501393e-15
8998.767286180082 3.969378e-15
9003.053000329557 3.8085223e-15
9007.338714479032 3.799572e-15
9011.624428628507 3.924934e-15
9015.910142777982 3.8963067e-15
9020.195856927457 3.7080786e-15
9024.481571076933 3.619431e-15
9028.767285226408 3.748068e-15
9033.052999375883 3.7861517e-15
9037.338713525358 3.6627937e-15
9041.624427674833 3.659795e-15
9045.910141824308 3.6056206e-15
9050.195855973783 3.3358423e-15
9054.481570123258 3.164606e-15
9058.767284272733 3.1584692e-15
9063.052998422208 3.105988e-15
9067.338712571684 3.117482e-15
9071.624426721159 3.1173982e-15
9075.910140870634 2.9960047e-15
9080.195855020109 3.0245785e-15
9084.481569169584 3.232914e-15
9088.767283319059 3.2195722e-15
9093.052997468534 3.1589378e-15
9097.33871161801 3.2950054e-15
9101.624425767484 3.4218841e-15
9105.91013991696 3.4781367e-15
9110.195854066435 3.5884246e-15
9114.48156821591 3.813735e-15
9118.767282365385 4.0469714e-15
9123.05299651486 4.054249e-15
9127.338710664335 3.9656384e-15
9131.62442481381 4.117325e-15
9135.910138963285 4.205386e-15
9140.19585311276 4.0593084e-15
9144.481567262235 4.0310976e-15
9148.76728141171 4.075654e-15
9153.052995561186 4.101411e-15
9157.33870971066 4.222591e-15
9161.624423860136 4.23391e-15
9165.91013800961 4.085273e-15
9170.195852159086 3.976433e-15
9174.481566308561 3.8608325e-15
9178.767280458036 3.7921746e-15
9183.052994607511 3.867469e-15
9187.338708756986 3.948058e-15
9191.624422906461 3.931857e-15
9195.910137055937 3.9308504e-15
9200.195851205412 3.9374166e-15
9204.481565354887 3.877803e-15
9208.767279504362 3.9324834e-15
9213.052993653837 3.98235e-15
9217.338707803312 3.9619365e-15
9221.624421952787 4.1262587e-15
9225.910136102262 4.2478592e-15
9230.195850251737 4.054028e-15
9234.481564401212 3.7468363e-15
9238.767278550687 3.6451326e-15
9243.052992700163 3.5958997e-15
9247.338706849638 3.51256e-15
9251.624420999113 3.611216e-15
9255.910135148588 3.6975135e-15
9260.195849298063 3.592878e-15
9264.481563447538 3.721986e-15
9268.767277597013 3.968861e-15
9273.052991746488 3.945902e-15
9277.338705895963 3.9692747e-15
9281.624420045438 4.1819745e-15
9285.910134194914 4.235041e-15
9290.195848344389 3.914624e-15
9294.481562493864 3.671078e-15
9298.767276643339 3.749441e-15
9303.052990792814 3.8616617e-15
9307.338704942289 3.8397643e-15
9311.624419091764 3.7671206e-15
9315.91013324124 3.72839e-15
9320.195847390714 3.73054e-15
9324.48156154019 3.670787e-15
9328.767275689665 3.4338942e-15
9333.05298983914 3.334644e-15
9337.338703988615 3.5255883e-15
9341.62441813809 3.7708175e-15
9345.910132287565 3.8335343e-15
9350.19584643704 3.9079644e-15
9354.481560586515 3.991517e-15
9358.76727473599 3.9186417e-15
9363.052988885465 3.6293265e-15
9367.33870303494 3.3684508e-15
9371.624417184416 3.3064166e-15
9375.91013133389 3.2789778e-15
9380.195845483366 3.2193103e-15
9384.48155963284 3.232306e-15
9388.767273782316 3.473466e-15
9393.052987931791 3.629414e-15
9397.338702081266 3.4601042e-15
9401.624416230741 3.3771697e-15
9405.910130380216 3.6617632e-15
9410.195844529691 3.8003548e-15
9414.481558679166 3.6339492e-15
9418.767272828642 3.5198503e-15
9423.052986978117 3.5595077e-15
9427.338701127592 3.6908127e-15
9431.624415277067 3.6069445e-15
9435.910129426542 3.347653e-15
9440.195843576017 3.2850271e-15
9444.481557725492 3.4846088e-15
9448.767271874967 3.7502274e-15
9453.052986024442 3.8227533e-15
9457.338700173917 3.692365e-15
9461.624414323393 3.784469e-15
9465.910128472868 3.7370336e-15
9470.195842622343 3.5394085e-15
9474.481556771818 3.7444485e-15
9478.767270921293 3.9930095e-15
9483.052985070768 3.765656e-15
9487.338699220243 3.5495504e-15
9491.624413369718 3.526279e-15
9495.910127519193 3.455832e-15
9500.195841668668 3.3912588e-15
9504.481555818144 3.48837e-15
9508.767269967619 3.5204237e-15
9513.052984117094 3.4153222e-15
9517.338698266569 3.4675684e-15
9521.624412416044 3.5432043e-15
9525.910126565519 3.5086874e-15
9530.195840714994 3.543476e-15
9534.48155486447 3.694887e-15
9538.767269013944 3.5667973e-15
9543.05298316342 3.2096478e-15
9547.338697312895 3.1494544e-15
9551.62441146237 3.3091631e-15
9555.910125611845 3.3385545e-15
9560.19583976132 3.2278854e-15
9564.481553910795 3.2744219e-15
9568.76726806027 3.4344679e-15
9573.052982209745 3.404105e-15
9577.33869635922 3.3681295e-15
9581.624410508695 3.334136e-15
9585.91012465817 3.2114348e-15
9590.195838807645 3.178696e-15
9594.48155295712 3.3301617e-15
9598.767267106596 3.5186636e-15
9603.05298125607 3.599964e-15
9607.338695405546 3.503795e-15
9611.624409555021 3.2613811e-15
9615.910123704496 3.1393135e-15
9620.195837853971 3.1911244e-15
9624.481552003446 3.322384e-15
9628.767266152921 3.3825748e-15
9633.052980302396 3.340621e-15
9637.338694451872 3.3370206e-15
9641.624408601347 3.351985e-15
9645.910122750822 3.3250232e-15
9650.195836900297 3.3424399e-15
9654.481551049772 3.4046758e-15
9658.767265199247 3.3799645e-15
9663.052979348722 3.2480285e-15
9667.338693498197 3.0976154e-15
9671.624407647672 3.0406859e-15
9675.910121797147 3.0517932e-15
9680.195835946623 3.1313e-15
9684.481550096098 3.2854509e-15
9688.767264245573 3.1701201e-15
9693.052978395048 2.8710112e-15
9697.338692544523 2.9273844e-15
9701.624406693998 3.1912684e-15
9705.910120843473 3.1299896e-15
9710.195834992948 2.8399371e-15
9714.481549142423 2.6670355e-15
9718.767263291898 2.6675988e-15
9723.052977441374 2.8354038e-15
9727.338691590849 2.9338543e-15
9731.624405740324 2.936902e-15
9735.910119889799 3.0547671e-15
9740.195834039274 3.1355036e-15
9744.481548188749 3.0685547e-15
9748.767262338224 2.9644762e-15
9753.0529764877 2.8733145e-15
9757.338690637174 2.7899808e-15
9761.62440478665 2.8004572e-15
9765.910118936124 2.8231617e-15
9770.1958330856 2.7908175e-15
9774.481547235075 2.716566e-15
9778.76726138455 2.7780307e-15
9783.052975534025 2.707523e-15
9787.3386896835 2.5131844e-15
9791.624403832975 2.6414252e-15
9795.91011798245 2.8645894e-15
9800.195832131925 2.9241189e-15
9804.4815462814 2.8705214e-15
9808.767260430875 2.7881157e-15
9813.05297458035 2.7615542e-15
9817.338688729826 2.7466007e-15
9821.6244028793 2.7056123e-15
9825.910117028776 2.6549875e-15
9830.195831178251 2.638197e-15
9834.481545327726 2.630588e-15
9838.767259477201 2.5464553e-15
9843.052973626676 2.4630424e-15
9847.338687776151 2.3466048e-15
9851.624401925626 2.1348375e-15
9855.910116075102 2.0863986e-15
9860.195830224577 2.2640005e-15
9864.481544374052 2.3660917e-15
9868.767258523527 2.288935e-15
9873.052972673002 2.3174135e-15
9877.338686822477 2.4173962e-15
9881.624400971952 2.4694161e-15
9885.910115121427 2.5524014e-15
9890.195829270902 2.6114758e-15
9894.481543420377 2.6422392e-15
9898.767257569853 2.5619208e-15
9903.052971719328 2.469969e-15
9907.338685868803 2.5704324e-15
9911.624400018278 2.74713e-15
9915.910114167753 2.833217e-15
9920.195828317228 2.6797905e-15
9924.481542466703 2.3650625e-15
9928.767256616178 2.277931e-15
9933.052970765653 2.3214528e-15
9937.338684915128 2.3277747e-15
9941.624399064603 2.465429e-15
9945.910113214079 2.5319888e-15
9950.195827363554 2.4888714e-15
9954.481541513029 2.643798e-15
9958.767255662504 2.9056464e-15
9963.052969811979 2.9279238e-15
9967.338683961454 2.7367901e-15
9971.62439811093 2.7068994e-15
9975.910112260404 2.8326721e-15
9980.19582640988 2.9504387e-15
9984.481540559354 2.8933369e-15
9988.76725470883 2.7136469e-15
9993.052968858305 2.727219e-15
9997.33868300778 2.8580332e-15
10001.624397157255 2.9727138e-15
10005.91011130673 2.7677363e-15
10010.195825456205 2.5243318e-15
10014.48153960568 2.423156e-15
10018.767253755155 2.3801668e-15
10023.05296790463 2.4153898e-15
10027.338682054105 2.6649482e-15
10031.62439620358 2.922682e-15
10035.910110353056 3.0938018e-15
10040.19582450253 3.218926e-15
10044.481538652006 3.0652458e-15
10048.767252801481 2.792308e-15
10053.052966950956 2.6221237e-15
10057.338681100431 2.4882404e-15
10061.624395249906 2.6098334e-15
10065.910109399381 3.23416e-15
10070.195823548856 3.5419146e-15
10074.481537698332 3.3423564e-15
10078.767251847807 2.99484e-15
10083.052965997282 2.6014315e-15
10087.338680146757 2.3804953e-15
10091.624394296232 2.4809263e-15
10095.910108445707 2.7388554e-15
10100.195822595182 3.0447415e-15
10104.481536744657 3.2610773e-15
10108.767250894132 3.184952e-15
10113.052965043607 3.3554236e-15
10117.338679193082 3.6786095e-15
10121.624393342558 3.2925327e-15
10125.910107492033 2.9845507e-15
10130.195821641508 3.0799996e-15
10134.481535790983 2.7873885e-15
10138.767249940458 2.545815e-15
10143.052964089933 2.7085198e-15
10147.338678239408 2.8350396e-15
10151.624392388883 2.9204324e-15
10155.910106538358 2.6799311e-15
10160.195820687833 2.5142947e-15
10164.481534837309 3.0448878e-15
10168.767248986784 3.4601065e-15
10173.052963136259 3.482549e-15
10177.338677285734 3.091571e-15
10181.624391435209 2.4773827e-15
10185.910105584684 2.2511171e-15
10190.19581973416 2.9468158e-15
10194.481533883634 3.722194e-15
10198.76724803311 3.8381375e-15
10203.052962182584 3.898769e-15
10207.33867633206 3.913387e-15
10211.624390481535 3.3336038e-15
10215.91010463101 2.7014108e-15
10220.195818780485 2.3642839e-15
10224.48153292996 2.6163247e-15
10228.767247079435 2.9307727e-15
10233.05296122891 2.3548033e-15
10237.338675378385 2.1305475e-15
10241.62438952786 2.980994e-15
10245.910103677335 2.9812434e-15
10250.19581782681 2.3201069e-15
10254.481531976286 2.29434e-15
10258.76724612576 2.5147174e-15
10263.052960275236 2.692499e-15
10267.338674424711 2.4539468e-15
10271.624388574186 1.8584665e-15
10275.910102723661 1.929326e-15
10280.195816873136 1.9743893e-15
10284.481531022611 1.6480786e-15
10288.767245172086 1.5598112e-15
10293.052959321562 1.7498282e-15
10297.338673471037 2.216892e-15
10301.624387620512 2.1266145e-15
10305.910101769987 1.7889393e-15
10310.195815919462 2.34622e-15
10314.481530068937 2.1280477e-15
10318.767244218412 1.8384835e-15
10323.052958367887 2.263968e-15
10327.338672517362 2.422315e-15
10331.624386666837 2.3528193e-15
10335.910100816312 2.3876023e-15
10340.195814965788 2.5944816e-15
10344.481529115263 2.2434385e-15
10348.767243264738 1.1431355e-15
10353.052957414213 6.655646e-16
10357.338671563688 1.0341516e-15
10361.624385713163 1.1267151e-15
10365.910099862638 1.7688143e-15
10370.195814012113 3.160341e-15
10374.481528161588 3.7703935e-15
10378.767242311063 3.127702e-15
10383.052956460539 1.7751266e-15
10387.338670610014 7.515327e-16
10391.624384759489 4.200174e-17
10395.910098908964 8.922558e-16
10400.195813058439 2.944942e-15
10404.481527207914 3.6808257e-15
10408.76724135739 2.7216805e-15
10413.052955506864 1.2866824e-15
10417.33866965634 -2.119492e-16
10421.624383805814 9.794101e-18
10425.91009795529 1.888803e-15
10430.195812104765 3.3326784e-15
10434.48152625424 3.2239571e-15
10438.767240403715 2.4687866e-15
10443.05295455319 2.1745377e-15
10447.338668702665 1.4098551e-15
10451.62438285214 1.3391142e-15
10455.910097001615 2.3978014e-15
10460.19581115109 2.9046947e-15
10464.481525300565 2.813869e-15
