3350.0 1.4850687e-16
3352.6580119460978 1.1839426e-16
3355.3160238921955 1.6770965e-16
3357.9740358382933 1.6254403e-16
3360.632047784391 8.034671e-17
3363.290059730489 8.13638e-17
3365.9480716765866 1.00269444e-16
3368.6060836226843 6.852074e-17
3371.264095568782 9.843856e-17
3373.92210751488 8.024012e-17
3376.5801194609776 -7.0977066e-17
3379.2381314070753 -2.851852e-17
3381.896143353173 1.1404031e-16
3384.554155299271 1.4277016e-16
3387.2121672453686 1.4004274e-16
3389.8701791914664 1.2685164e-16
3392.528191137564 9.437745e-17
3395.186203083662 7.265366e-17
3397.8442150297597 1.0476926e-16
3400.5022269758574 1.1703205e-16
3403.160238921955 7.3577755e-17
3405.818250868053 7.238222e-17
3408.4762628141507 1.088961e-16
3411.1342747602484 1.5121403e-16
3413.792286706346 1.507943e-16
3416.450298652444 1.04173545e-16
3419.1083105985417 1.64492e-16
3421.7663225446395 2.4513258e-16
3424.4243344907372 1.8227216e-16
3427.082346436835 1.262668e-16
3429.7403583829328 1.5202948e-16
3432.3983703290305 1.8792671e-16
3435.0563822751283 1.804687e-16
3437.714394221226 9.334886e-17
3440.372406167324 3.4368302e-17
3443.0304181134215 7.2460876e-17
3445.6884300595193 1.4619212e-16
3448.346442005617 1.7051001e-16
3451.004453951715 1.2767692e-16
3453.6624658978126 1.3097872e-16
3456.3204778439103 1.3169161e-16
3458.978489790008 7.042765e-17
3461.636501736106 6.763686e-17
3464.2945136822036 1.222366e-16
3466.9525256283014 1.1698774e-16
3469.610537574399 1.2829632e-16
3472.268549520497 1.3103159e-16
3474.9265614665946 8.636263e-17
3477.5845734126924 8.8428585e-17
3480.24258535879 9.1770415e-17
3482.900597304888 8.656312e-17
3485.5586092509857 1.2559096e-16
3488.2166211970834 1.4843535e-16
3490.874633143181 1.2262565e-16
3493.532645089279 1.3061795e-16
3496.1906570353767 1.5178533e-16
3498.8486689814745 1.353068e-16
3501.5066809275722 9.7943287e-17
3504.16469287367 9.5972916e-17
3506.8227048197678 1.272875e-16
3509.4807167658655 1.3522716e-16
3512.1387287119633 1.2500729e-16
3514.796740658061 1.1613528e-16
3517.454752604159 1.090652e-16
3520.1127645502565 9.905587e-17
3522.7707764963543 8.486213e-17
3525.428788442452 7.486996e-17
3528.08680038855 9.385475e-17
3530.7448123346476 1.249858e-16
3533.4028242807453 1.1222259e-16
3536.060836226843 9.604105e-17
3538.718848172941 1.1290465e-16
3541.3768601190386 1.03206915e-16
3544.0348720651364 9.463002e-17
3546.692884011234 1.2570721e-16
3549.350895957332 1.2411586e-16
3552.0089079034296 1.1418283e-16
3554.6669198495274 1.2675341e-16
3557.324931795625 1.208057e-16
3559.982943741723 1.2063963e-16
3562.6409556878207 1.1780914e-16
3565.2989676339184 1.06154245e-16
3567.956979580016 8.12516e-17
3570.614991526114 8.494191e-17
3573.2730034722117 8.365741e-17
3575.9310154183095 7.208041e-17
3578.5890273644072 1.2091293e-16
3581.247039310505 1.2817603e-16
3583.9050512566027 1.0245602e-16
3586.5630632027005 1.1334368e-16
3589.2210751487983 1.06214616e-16
3591.879087094896 1.00926973e-16
3594.537099040994 1.0448477e-16
3597.1951109870915 1.02223364e-16
3599.8531229331893 1.06936275e-16
3602.511134879287 1.3254009e-16
3605.169146825385 1.3257777e-16
3607.8271587714826 1.0755191e-16
3610.4851707175803 1.06289155e-16
3613.143182663678 1.2425457e-16
3615.801194609776 1.3474727e-16
3618.4592065558736 1.0899758e-16
3621.1172185019714 8.447231e-17
3623.775230448069 9.52487e-17
3626.433242394167 1.0340594e-16
3629.0912543402646 9.946179e-17
3631.7492662863624 9.8180615e-17
3634.40727823246 1.0018231e-16
3637.065290178558 1.1084053e-16
3639.7233021246557 1.2935804e-16
3642.3813140707534 1.2818885e-16
3645.039326016851 1.2911602e-16
3647.697337962949 1.5180769e-16
3650.3553499090467 1.429759e-16
3653.0133618551445 1.09360464e-16
3655.671373801242 8.516212e-17
3658.32938574734 7.327773e-17
3660.9873976934377 8.4078356e-17
3663.6454096395355 1.0064981e-16
3666.3034215856333 1.0552623e-16
3668.961433531731 1.0147781e-16
3671.619445477829 9.5339435e-17
3674.2774574239265 1.032912e-16
3676.9354693700243 1.10754475e-16
3679.593481316122 1.0230719e-16
3682.25149326222 8.3323366e-17
3684.9095052083176 7.654529e-17
3687.5675171544153 8.608781e-17
3690.225529100513 1.0614367e-16
3692.883541046611 9.761589e-17
3695.5415529927086 7.2135834e-17
3698.1995649388064 8.586742e-17
3700.857576884904 1.0298423e-16
3703.515588831002 1.01362587e-16
3706.1736007770996 8.726531e-17
3708.8316127231974 7.663011e-17
3711.489624669295 8.195136e-17
3714.147636615393 8.039345e-17
3716.8056485614907 8.860848e-17
3719.4636605075884 9.225398e-17
3722.121672453686 1.0356441e-16
3724.779684399784 1.2788447e-16
3727.4376963458817 1.7219951e-16
3730.0957082919795 2.8014e-16
3732.753720238077 4.0638907e-16
3735.411732184175 4.506599e-16
3738.0697441302727 3.6403234e-16
3740.7277560763705 2.3273805e-16
3743.3857680224683 1.3483932e-16
3746.043779968566 8.3202035e-17
3748.7017919146638 8.278168e-17
3751.3598038607615 9.189951e-17
3754.0178158068593 8.509385e-17
3756.675827752957 7.928521e-17
3759.333839699055 7.884944e-17
3761.9918516451526 8.5592176e-17
3764.6498635912503 9.697447e-17
3767.307875537348 1.06065505e-16
3769.965887483446 9.6326426e-17
3772.6238994295436 7.6791974e-17
3775.2819113756414 7.741121e-17
3777.939923321739 7.956621e-17
3780.597935267837 8.760157e-17
3783.2559472139346 9.7663666e-17
3785.9139591600324 9.8768786e-17
3788.57197110613 1.1310528e-16
3791.229983052228 1.3008207e-16
3793.8879949983257 1.2603109e-16
3796.5460069444234 1.0482127e-16
3799.204018890521 9.779678e-17
3801.862030836619 9.880911e-17
3804.5200427827167 1.0214655e-16
3807.1780547288145 9.6350474e-17
3809.836066674912 7.313412e-17
3812.49407862101 7.090836e-17
3815.1520905671077 8.9966863e-17
3817.8101025132055 9.9119405e-17
3820.4681144593033 8.718652e-17
3823.126126405401 8.002723e-17
3825.7841383514988 9.652226e-17
3828.4421502975965 1.0330462e-16
3831.1001622436943 9.436065e-17
3833.758174189792 8.388475e-17
3836.41618613589 8.361208e-17
3839.0741980819876 9.145189e-17
3841.7322100280853 9.05935e-17
3844.390221974183 8.306341e-17
3847.048233920281 8.820493e-17
3849.7062458663786 9.2749724e-17
3852.3642578124764 9.8049894e-17
3855.022269758574 1.06964307e-16
3857.680281704672 9.0742064e-17
3860.3382936507696 7.75713e-17
3862.9963055968674 8.112692e-17
3865.654317542965 8.0927864e-17
3868.312329489063 8.166661e-17
3870.9703414351607 8.922116e-17
3873.6283533812584 1.058575e-16
3876.286365327356 1.2219541e-16
3878.944377273454 1.3018405e-16
3881.6023892195517 1.1873573e-16
3884.2604011656495 8.5640815e-17
3886.918413111747 6.916167e-17
3889.576425057845 7.871275e-17
3892.2344370039427 9.180717e-17
3894.8924489500405 1.00001424e-16
3897.5504608961382 1.0496736e-16
3900.208472842236 9.1589646e-17
3902.8664847883338 6.899288e-17
3905.5244967344315 6.6099824e-17
3908.1825086805293 7.9890235e-17
3910.840520626627 8.61695e-17
3913.498532572725 8.1182166e-17
3916.1565445188226 8.061805e-17
3918.8145564649203 6.982393e-17
3921.472568411018 6.602845e-17
3924.130580357116 7.485106e-17
3926.7885923032136 7.494085e-17
3929.4466042493113 6.6313766e-17
3932.104616195409 6.109373e-17
3934.762628141507 6.106362e-17
3937.4206400876046 6.115163e-17
3940.0786520337024 6.657023e-17
3942.7366639798 7.640005e-17
3945.394675925898 8.179285e-17
3948.0526878719957 7.6676883e-17
3950.7106998180934 7.293648e-17
3953.368711764191 7.414348e-17
3956.026723710289 7.1583694e-17
3958.6847356563867 6.739635e-17
3961.3427476024845 6.973177e-17
3964.000759548582 6.692436e-17
3966.65877149468 6.897913e-17
3969.3167834407777 8.5315786e-17
3971.9747953868755 9.072939e-17
3974.6328073329732 9.311397e-17
3977.290819279071 1.04646666e-16
3979.9488312251688 1.0981831e-16
3982.6068431712665 1.0472453e-16
3985.2648551173643 9.083926e-17
3987.922867063462 7.501064e-17
3990.58087900956 6.397271e-17
3993.2388909556576 6.189618e-17
3995.8969029017553 7.271207e-17
3998.554914847853 7.121387e-17
4001.212926793951 5.4353482e-17
4003.8709387400486 5.4075602e-17
4006.5289506861463 6.362096e-17
4009.186962632244 7.495882e-17
4011.844974578342 8.182849e-17
4014.5029865244396 6.713556e-17
4017.1609984705374 5.859694e-17
4019.819010416635 6.452699e-17
4022.477022362733 6.4578057e-17
4025.1350343088307 6.296389e-17
4027.7930462549284 7.184136e-17
4030.451058201026 7.261149e-17
4033.109070147124 6.729029e-17
4035.7670820932217 7.29634e-17
4038.4250940393194 7.7450516e-17
4041.083105985417 7.683245e-17
4043.741117931515 6.983864e-17
4046.3991298776127 6.03528e-17
4049.0571418237105 5.9484464e-17
4051.7151537698082 5.902834e-17
4054.373165715906 5.9309895e-17
4057.0311776620038 6.5449065e-17
4059.6891896081015 7.5621474e-17
4062.3472015541993 7.073926e-17
4065.005213500297 6.4216486e-17
4067.663225446395 7.483689e-17
4070.3212373924925 7.754363e-17
4072.9792493385903 7.015227e-17
4075.637261284688 6.852059e-17
4078.295273230786 7.246372e-17
4080.9532851768836 7.240485e-17
4083.6112971229813 6.748086e-17
4086.269309069079 6.474535e-17
4088.927321015177 6.802014e-17
4091.5853329612746 6.3352823e-17
4094.2433449073724 6.38921e-17
4096.90135685347 6.896967e-17
4099.559368799568 5.741516e-17
4102.217380745666 5.686463e-17
4104.875392691763 7.8733175e-17
4107.533404637861 9.359879e-17
4110.191416583959 9.639807e-17
4112.849428530057 9.6842104e-17
4115.507440476154 9.186115e-17
4118.165452422252 7.9861244e-17
4120.82346436835 7.228655e-17
4123.481476314448 6.7690784e-17
4126.1394882605455 6.3532566e-17
4128.797500206643 6.762107e-17
4131.455512152741 7.1185847e-17
4134.113524098839 6.6084525e-17
4136.7715360449365 6.3600045e-17
4139.429547991034 6.622009e-17
4142.087559937132 7.206837e-17
4144.74557188323 6.819424e-17
4147.4035838293275 6.0406505e-17
4150.061595775425 6.029052e-17
4152.719607721523 6.5766325e-17
4155.377619667621 6.761103e-17
4158.035631613719 6.38089e-17
4160.693643559816 6.745486e-17
4163.351655505914 7.2272636e-17
4166.009667452012 5.7889216e-17
4168.66767939811 4.375043e-17
4171.325691344207 5.4317017e-17
4173.983703290305 6.3744146e-17
4176.641715236403 5.588324e-17
4179.299727182501 5.802414e-17
4181.957739128598 6.645448e-17
4184.615751074696 6.729279e-17
4187.273763020794 6.9615626e-17
4189.931774966892 6.779006e-17
4192.589786912989 6.2252203e-17
4195.247798859087 6.347434e-17
4197.905810805185 6.817446e-17
4200.563822751283 6.4477816e-17
4203.2218346973805 6.174691e-17
4205.879846643478 6.9902076e-17
4208.537858589576 6.753303e-17
4211.195870535674 5.613905e-17
4213.8538824817715 5.3101832e-17
4216.511894427869 5.800955e-17
4219.169906373967 7.1410324e-17
4221.827918320065 8.1453646e-17
4224.4859302661625 7.5919934e-17
4227.14394221226 6.4266964e-17
4229.801954158358 5.929656e-17
4232.459966104456 6.3646446e-17
4235.117978050554 6.725657e-17
4237.775989996651 6.608792e-17
4240.434001942749 6.3316024e-17
4243.092013888847 6.170294e-17
4245.750025834945 6.612071e-17
4248.408037781042 7.3138986e-17
4251.06604972714 7.17819e-17
4253.724061673238 6.1589036e-17
4256.382073619336 5.3845547e-17
4259.040085565433 5.9966425e-17
4261.698097511531 6.417069e-17
4264.356109457629 5.882101e-17
4267.014121403727 6.75079e-17
4269.672133349824 7.5404514e-17
4272.330145295922 6.993608e-17
4274.98815724202 6.696104e-17
4277.646169188118 6.611716e-17
4280.3041811342155 5.729127e-17
4282.962193080313 5.3576002e-17
4285.620205026411 5.7513074e-17
4288.278216972509 6.303443e-17
4290.9362289186065 5.710512e-17
4293.594240864704 4.928978e-17
4296.252252810802 5.746744e-17
4298.9102647569 5.978853e-17
4301.5682767029975 5.8237075e-17
4304.226288649095 5.876505e-17
4306.884300595193 5.6668403e-17
4309.542312541291 5.4763413e-17
4312.200324487389 5.564632e-17
4314.858336433486 5.4002407e-17
4317.516348379584 5.3082086e-17
4320.174360325682 5.2451715e-17
4322.83237227178 5.140488e-17
4325.490384217877 5.805722e-17
4328.148396163975 6.309834e-17
4330.806408110073 5.851808e-17
4333.464420056171 5.58959e-17
4336.122432002268 6.1159504e-17
4338.780443948366 6.645991e-17
4341.438455894464 7.0425476e-17
4344.096467840562 8.372164e-17
4346.754479786659 1.0802076e-16
4349.412491732757 1.3712874e-16
4352.070503678855 1.5361485e-16
4354.728515624953 1.334956e-16
4357.3865275710505 8.827492e-17
4360.044539517148 6.252427e-17
4362.702551463246 6.5686154e-17
4365.360563409344 6.254358e-17
4368.0185753554415 5.5198e-17
4370.676587301539 5.277126e-17
4373.334599247637 5.2102912e-17
4375.992611193735 5.457307e-17
4378.6506231398325 5.7333e-17
4381.30863508593 6.001776e-17
4383.966647032028 5.8469056e-17
4386.624658978126 5.714757e-17
4389.282670924224 4.9890906e-17
4391.940682870321 4.993635e-17
4394.598694816419 5.063885e-17
4397.256706762517 5.1143677e-17
4399.914718708615 5.4847627e-17
4402.572730654712 5.487791e-17
4405.23074260081 5.440426e-17
4407.888754546908 5.2101897e-17
4410.546766493006 5.5908476e-17
4413.204778439103 6.069986e-17
4415.862790385201 6.203958e-17
4418.520802331299 6.473623e-17
4421.178814277397 6.555448e-17
4423.836826223494 6.0945165e-17
4426.494838169592 5.1411922e-17
4429.15285011569 5.300503e-17
4431.810862061788 6.0958076e-17
4434.4688740078855 6.2252025e-17
4437.126885953983 6.164881e-17
4439.784897900081 6.3448975e-17
4442.442909846179 6.082224e-17
4445.1009217922765 5.584079e-17
4447.758933738374 5.7507165e-17
4450.416945684472 6.172822e-17
4453.07495763057 6.4331206e-17
4455.7329695766675 6.5712505e-17
4458.390981522765 6.364805e-17
4461.048993468863 6.173623e-17
4463.707005414961 5.827453e-17
4466.365017361059 4.9404057e-17
4469.023029307156 4.7554822e-17
4471.681041253254 5.073747e-17
4474.339053199352 4.7382186e-17
4476.99706514545 4.9760472e-17
4479.655077091547 6.052922e-17
4482.313089037645 6.3007466e-17
4484.971100983743 5.886496e-17
4487.629112929841 5.929066e-17
4490.287124875938 5.3485852e-17
4492.945136822036 4.881797e-17
4495.603148768134 4.3960113e-17
4498.261160714232 4.1523226e-17
4500.919172660329 5.1685603e-17
4503.577184606427 5.697004e-17
4506.235196552525 4.620943e-17
4508.893208498623 4.5321173e-17
4511.5512204447205 5.173064e-17
4514.209232390818 4.6576694e-17
4516.867244336916 3.7565074e-17
4519.525256283014 3.9478495e-17
4522.1832682291115 4.4138887e-17
4524.841280175209 4.2412746e-17
4527.499292121307 3.895302e-17
4530.157304067405 3.8657558e-17
4532.8153160135025 4.295424e-17
4535.4733279596 4.4607928e-17
4538.131339905698 4.276115e-17
4540.789351851796 3.9951795e-17
4543.447363797894 4.1380924e-17
4546.105375743991 4.868499e-17
4548.763387690089 5.0726378e-17
4551.421399636187 4.858357e-17
4554.079411582285 5.3556735e-17
4556.737423528382 5.6377964e-17
4559.39543547448 5.3984368e-17
4562.053447420578 5.918489e-17
4564.711459366676 7.134759e-17
4567.369471312773 8.181215e-17
4570.027483258871 8.3324146e-17
4572.685495204969 7.8682135e-17
4575.343507151067 7.8039217e-17
4578.001519097164 7.857021e-17
4580.659531043262 7.579487e-17
4583.31754298936 7.328042e-17
4585.975554935458 7.393878e-17
4588.633566881555 7.701874e-17
4591.291578827653 7.945763e-17
4593.949590773751 7.2658135e-17
4596.607602719849 5.960172e-17
4599.2656146659465 5.4354108e-17
4601.923626612044 5.3645227e-17
4604.581638558142 5.2976597e-17
4607.23965050424 5.2543178e-17
4609.8976624503375 4.9692637e-17
4612.555674396435 4.1824578e-17
4615.213686342533 4.1110522e-17
4617.871698288631 4.410718e-17
4620.529710234729 4.561489e-17
4623.187722180826 3.9266373e-17
4625.845734126924 4.1198114e-17
4628.503746073022 4.236045e-17
4631.16175801912 4.566639e-17
4633.819769965217 4.8918207e-17
4636.477781911315 4.9637884e-17
4639.135793857413 5.2665895e-17
4641.793805803511 4.7730528e-17
4644.451817749608 4.114255e-17
4647.109829695706 4.1159326e-17
4649.767841641804 4.3067106e-17
4652.425853587902 4.1223615e-17
4655.083865533999 4.0091522e-17
4657.741877480097 4.1119797e-17
4660.399889426195 3.8641957e-17
4663.057901372293 3.53081e-17
4665.71591331839 3.361731e-17
4668.373925264488 2.7818187e-17
4671.031937210586 2.2490425e-17
4673.689949156684 3.0467348e-17
4676.3479611027815 3.4250704e-17
4679.005973048879 2.6216636e-17
4681.663984994977 2.647119e-17
4684.321996941075 3.4985928e-17
4686.9800088871725 3.567483e-17
4689.63802083327 2.8625578e-17
4692.296032779368 3.1756046e-17
4694.954044725466 3.6544753e-17
4697.612056671564 3.3312337e-17
4700.270068617661 3.2352294e-17
4702.928080563759 2.8210005e-17
4705.586092509857 2.7713747e-17
4708.244104455955 3.6243137e-17
4710.902116402052 3.482141e-17
4713.56012834815 3.0404605e-17
4716.218140294248 3.673105e-17
4718.876152240346 3.599603e-17
4721.534164186443 3.475462e-17
4724.192176132541 3.8503305e-17
4726.850188078639 3.940779e-17
4729.508200024737 4.463872e-17
4732.166211970834 4.456413e-17
4734.824223916932 3.4080936e-17
4737.48223586303 3.5393914e-17
4740.140247809128 4.2944544e-17
4742.798259755225 4.3530433e-17
4745.456271701323 4.218982e-17
4748.114283647421 4.3018702e-17
4750.772295593519 3.6850426e-17
4753.4303075396165 3.1688776e-17
4756.088319485714 2.916634e-17
4758.746331431812 2.8042647e-17
4761.40434337791 2.9745455e-17
4764.0623553240075 2.6518625e-17
4766.720367270105 2.4849842e-17
4769.378379216203 3.2627755e-17
4772.036391162301 3.9509197e-17
4774.694403108399 3.4436882e-17
4777.352415054496 2.6247432e-17
4780.010427000594 2.983101e-17
4782.668438946692 3.846842e-17
4785.32645089279 4.378283e-17
4787.984462838887 4.161627e-17
4790.642474784985 3.6405665e-17
4793.300486731083 3.851705e-17
4795.958498677181 3.7632645e-17
4798.616510623278 3.2317788e-17
4801.274522569376 3.6540733e-17
4803.932534515474 4.238607e-17
4806.590546461572 4.230182e-17
4809.248558407669 4.1146055e-17
4811.906570353767 3.6013862e-17
4814.564582299865 3.2252206e-17
4817.222594245963 3.6070587e-17
4819.88060619206 3.3693697e-17
4822.538618138158 2.6949053e-17
4825.196630084256 1.7685902e-17
4827.854642030354 7.519144e-18
4830.5126539764515 4.5328745e-18
4833.170665922549 5.5884583e-18
4835.828677868647 1.5257899e-17
4838.486689814745 2.1519248e-17
4841.1447017608425 1.4670445e-17
4843.80271370694 1.2227524e-17
4846.460725653038 1.3561198e-17
4849.118737599136 1.5934301e-17
4851.7767495452335 2.0157267e-17
4854.434761491331 2.4336453e-17
4857.092773437429 2.6889516e-17
4859.750785383527 3.5446668e-17
4862.408797329625 4.0757945e-17
4865.066809275722 5.9247956e-17
4867.72482122182 9.405717e-17
4870.382833167918 1.1789742e-16
4873.040845114016 1.1507833e-16
4875.698857060113 1.0788263e-16
4878.356869006211 9.247659e-17
4881.014880952309 6.9537666e-17
4883.672892898407 5.574058e-17
4886.330904844504 4.945072e-17
4888.988916790602 5.220342e-17
4891.6469287367 6.099824e-17
4894.304940682798 5.914566e-17
4896.962952628895 5.3698494e-17
4899.620964574993 5.4152044e-17
4902.278976521091 5.186254e-17
4904.936988467189 3.7801598e-17
4907.5950004132865 3.2695134e-17
4910.253012359384 4.3422674e-17
4912.911024305482 4.705308e-17
4915.56903625158 4.9991378e-17
4918.2270481976775 5.5031224e-17
4920.885060143775 5.379552e-17
4923.543072089873 4.968536e-17
4926.201084035971 4.4804426e-17
4928.8590959820685 5.218358e-17
4931.517107928166 6.1311745e-17
4934.175119874264 5.7661e-17
4936.833131820362 5.1000757e-17
4939.49114376646 5.074102e-17
4942.149155712557 5.3245877e-17
4944.807167658655 5.2331906e-17
4947.465179604753 5.026423e-17
4950.123191550851 5.2250948e-17
4952.781203496948 4.522847e-17
4955.439215443046 3.7573746e-17
4958.097227389144 3.2630416e-17
4960.755239335242 3.0293657e-17
4963.413251281339 3.1252237e-17
4966.071263227437 3.9347043e-17
4968.729275173535 6.408102e-17
4971.387287119633 7.543277e-17
4974.04529906573 6.851573e-17
4976.703311011828 4.9116277e-17
4979.361322957926 3.5869344e-17
4982.019334904024 3.294442e-17
4984.6773468501215 2.8884826e-17
4987.335358796219 2.7800392e-17
4989.993370742317 2.9713456e-17
4992.651382688415 2.7724125e-17
4995.3093946345125 2.64248e-17
4997.96740658061 2.8461637e-17
5000.625418526708 2.847177e-17
5003.283430472806 3.0900606e-17
5005.9414424189035 3.6458462e-17
5008.599454365001 4.1794647e-17
5011.257466311099 6.5610246e-17
5013.915478257197 1.10219587e-16
5016.573490203295 1.3480257e-16
5019.231502149392 1.3881631e-16
5021.88951409549 1.4618277e-16
5024.547526041588 1.2787095e-16
5027.205537987686 8.3807134e-17
5029.863549933783 5.6657326e-17
5032.521561879881 4.9380145e-17
5035.179573825979 4.7245926e-17
5037.837585772077 4.5582615e-17
5040.495597718174 4.4800294e-17
5043.153609664272 5.092992e-17
5045.81162161037 5.773326e-17
5048.469633556468 4.8997306e-17
5051.127645502565 4.3694952e-17
5053.785657448663 4.2435725e-17
5056.443669394761 3.7242874e-17
5059.101681340859 2.9450307e-17
5061.7596932869565 3.292334e-17
5064.417705233054 4.0716325e-17
5067.075717179152 3.653552e-17
5069.73372912525 3.2055998e-17
5072.3917410713475 2.568524e-17
5075.049753017445 2.117889e-17
5077.707764963543 1.8715363e-17
5080.365776909641 1.883375e-17
5083.0237888557385 2.2760834e-17
5085.681800801836 2.1505606e-17
5088.339812747934 1.908734e-17
5090.997824694032 1.9813937e-17
5093.65583664013 2.2703992e-17
5096.313848586227 3.2264957e-17
5098.971860532325 3.2038346e-17
5101.629872478423 2.8535584e-17
5104.287884424521 3.0457865e-17
5106.945896370618 3.185572e-17
5109.603908316716 3.2838197e-17
5112.261920262814 3.532731e-17
5114.919932208912 3.004193e-17
5117.577944155009 2.5107838e-17
5120.235956101107 2.853935e-17
5122.893968047205 3.7621124e-17
5125.551979993303 4.1764875e-17
5128.2099919394 3.838734e-17
5130.868003885498 3.2689374e-17
5133.526015831596 3.0711082e-17
5136.184027777694 3.5893686e-17
5138.8420397237915 4.2490283e-17
5141.500051669889 4.3827308e-17
5144.158063615987 2.845499e-17
5146.816075562085 1.9713147e-17
5149.4740875081825 3.3297074e-17
5152.13209945428 3.6089265e-17
5154.790111400378 3.7493827e-17
5157.448123346476 4.9379202e-17
5160.1061352925735 6.254916e-17
5162.764147238671 7.0334446e-17
5165.422159184769 7.1714984e-17
5168.080171130867 7.130926e-17
5170.738183076965 7.616977e-17
5173.396195023062 7.7988355e-17
5176.05420696916 7.9936484e-17
5178.712218915258 8.353935e-17
5181.370230861356 8.111788e-17
5184.028242807453 7.040382e-17
5186.686254753551 6.756696e-17
5189.344266699649 6.8332993e-17
5192.002278645747 6.684525e-17
5194.660290591844 6.821179e-17
5197.318302537942 6.523198e-17
5199.97631448404 6.520506e-17
5202.634326430138 6.751816e-17
5205.292338376235 5.988852e-17
5207.950350322333 5.414548e-17
5210.608362268431 5.128468e-17
5213.266374214529 4.7673473e-17
5215.924386160626 4.4484936e-17
5218.582398106724 4.8189554e-17
5221.240410052822 5.0138646e-17
5223.89842199892 5.5436123e-17
5226.5564339450175 5.4754106e-17
5229.214445891115 4.3475015e-17
5231.872457837213 4.1151216e-17
5234.530469783311 4.8646154e-17
5237.1884817294085 4.9822008e-17
5239.846493675506 4.9373766e-17
5242.504505621604 4.82105e-17
5245.162517567702 5.032001e-17
5247.8205295138 5.7272146e-17
5250.478541459897 5.658476e-17
5253.136553405995 5.9390436e-17
5255.794565352093 6.804238e-17
5258.452577298191 6.9002e-17
5261.110589244288 7.538311e-17
5263.768601190386 8.380747e-17
5266.426613136484 7.9407565e-17
5269.084625082582 7.7651415e-17
5271.742637028679 7.6151174e-17
5274.400648974777 7.0055494e-17
5277.058660920875 7.296702e-17
5279.716672866973 7.120089e-17
5282.37468481307 7.029915e-17
5285.032696759168 6.9545045e-17
5287.690708705266 6.503461e-17
5290.348720651364 6.435563e-17
5293.006732597461 6.030968e-17
5295.664744543559 5.7896396e-17
5298.322756489657 5.7326376e-17
5300.980768435755 5.664157e-17
5303.6387803818525 5.517087e-17
5306.29679232795 5.4931192e-17
5308.954804274048 5.1588502e-17
5311.612816220146 5.2719354e-17
5314.2708281662435 5.9824964e-17
5316.928840112341 6.1610444e-17
5319.586852058439 6.008518e-17
5322.244864004537 6.065171e-17
5324.902875950635 5.632946e-17
5327.560887896732 6.020396e-17
5330.21889984283 6.547586e-17
5332.876911788928 6.189596e-17
5335.534923735026 6.015743e-17
5338.192935681123 6.307863e-17
5340.850947627221 6.0721416e-17
5343.508959573319 5.406195e-17
5346.166971519417 5.4449495e-17
5348.824983465514 5.2225153e-17
5351.482995411612 4.804196e-17
5354.14100735771 5.0893376e-17
5356.799019303808 5.345914e-17
5359.457031249905 5.236809e-17
5362.115043196003 5.2021964e-17
5364.773055142101 4.7305443e-17
5367.431067088199 4.51591e-17
5370.089079034296 4.7820396e-17
5372.747090980394 4.8216265e-17
5375.405102926492 4.989025e-17
5378.06311487259 4.7147816e-17
5380.7211268186875 3.860009e-17
5383.379138764785 3.6158635e-17
5386.037150710883 4.059052e-17
5388.695162656981 4.2046808e-17
5391.3531746030785 3.9299017e-17
5394.011186549176 3.812573e-17
5396.669198495274 3.871376e-17
5399.327210441372 3.8334134e-17
5401.98522238747 4.044984e-17
5404.643234333567 3.7908526e-17
5407.301246279665 3.6130654e-17
5409.959258225763 3.4476812e-17
5412.617270171861 3.581588e-17
5415.275282117958 3.891573e-17
5417.933294064056 4.074266e-17
5420.591306010154 3.8920376e-17
5423.249317956252 3.8043476e-17
5425.907329902349 3.7586068e-17
5428.565341848447 3.8539152e-17
5431.223353794545 3.9405098e-17
5433.881365740643 3.8019772e-17
5436.53937768674 3.9415394e-17
5439.197389632838 3.7159322e-17
5441.855401578936 3.280686e-17
5444.513413525034 3.07274e-17
5447.171425471131 3.1537637e-17
5449.829437417229 3.3286476e-17
5452.487449363327 3.202235e-17
5455.145461309425 2.9213435e-17
5457.8034732555225 2.89275e-17
5460.46148520162 2.8762857e-17
5463.119497147718 2.4258416e-17
5465.777509093816 2.1801043e-17
5468.4355210399135 2.2630353e-17
5471.093532986011 2.138284e-17
5473.751544932109 2.2697272e-17
5476.409556878207 2.4521587e-17
5479.0675688243045 2.3029707e-17
5481.725580770402 2.5007965e-17
5484.3835927165 2.662067e-17
5487.041604662598 2.4022255e-17
5489.699616608696 2.3266394e-17
5492.357628554793 2.8669345e-17
5495.015640500891 3.062934e-17
5497.673652446989 3.307899e-17
5500.331664393087 3.047835e-17
5502.989676339184 2.379268e-17
5505.647688285282 2.2854582e-17
5508.30570023138 3.206567e-17
5510.963712177478 3.4633195e-17
5513.621724123575 2.9433432e-17
5516.279736069673 3.392112e-17
5518.937748015771 3.9138067e-17
5521.595759961869 3.9093495e-17
5524.253771907966 4.1267005e-17
5526.911783854064 4.1944043e-17
5529.569795800162 4.2718724e-17
5532.22780774626 4.1259382e-17
5534.8858196923575 3.5373965e-17
5537.543831638455 3.5735724e-17
5540.201843584553 3.7667095e-17
5542.859855530651 3.694913e-17
5545.5178674767485 3.6826617e-17
5548.175879422846 3.525266e-17
5550.833891368944 3.3130172e-17
5553.491903315042 3.0951447e-17
5556.1499152611395 3.205735e-17
5558.807927207237 3.3797802e-17
5561.465939153335 3.1797256e-17
5564.123951099433 2.936907e-17
5566.781963045531 2.973664e-17
5569.439974991628 2.9355217e-17
5572.097986937726 2.617756e-17
5574.755998883824 3.0119516e-17
5577.414010829922 3.9742227e-17
5580.072022776019 4.166088e-17
5582.730034722117 3.2338507e-17
5585.388046668215 2.7934137e-17
5588.046058614313 3.177813e-17
5590.70407056041 3.0170893e-17
5593.362082506508 2.3696531e-17
5596.020094452606 2.416683e-17
5598.678106398704 2.572987e-17
5601.336118344801 2.5209274e-17
5603.994130290899 2.7416748e-17
5606.652142236997 2.6373777e-17
5609.310154183095 2.2458073e-17
5611.9681661291925 1.9386725e-17
5614.62617807529 1.9805889e-17
5617.284190021388 2.193867e-17
5619.942201967486 2.5159656e-17
5622.6002139135835 2.2372752e-17
5625.258225859681 1.6193758e-17
5627.916237805779 1.3865971e-17
5630.574249751877 1.9902267e-17
5633.2322616979745 2.4369249e-17
5635.890273644072 2.4916209e-17
5638.54828559017 2.1922121e-17
5641.206297536268 2.504648e-17
5643.864309482366 2.813012e-17
5646.522321428463 2.5898231e-17
5649.180333374561 2.6884748e-17
5651.838345320659 2.8276957e-17
5654.496357266757 2.452627e-17
5657.154369212854 2.3115149e-17
5659.812381158952 2.4011829e-17
5662.47039310505 2.3317667e-17
5665.128405051148 2.5062147e-17
5667.786416997245 2.4420011e-17
5670.444428943343 2.4186111e-17
5673.102440889441 2.7467862e-17
5675.760452835539 2.8462765e-17
5678.418464781636 2.7857104e-17
5681.076476727734 2.7149036e-17
5683.734488673832 2.6055442e-17
5686.39250061993 2.7330411e-17
5689.0505125660275 2.7486616e-17
5691.708524512125 2.933787e-17
5694.366536458223 2.946628e-17
5697.024548404321 2.8469194e-17
5699.6825603504185 2.624245e-17
5702.340572296516 2.7108707e-17
5704.998584242614 2.7219003e-17
5707.656596188712 2.3586463e-17
5710.3146081348095 2.119255e-17
5712.972620080907 2.4690749e-17
5715.630632027005 3.0025273e-17
5718.288643973103 2.8777332e-17
5720.946655919201 2.7428197e-17
5723.604667865298 2.7311469e-17
5726.262679811396 2.243123e-17
5728.920691757494 2.051582e-17
5731.578703703592 2.4604934e-17
5734.236715649689 2.369724e-17
5736.894727595787 1.8409464e-17
5739.552739541885 1.9398871e-17
5742.210751487983 2.1894844e-17
5744.86876343408 2.2885762e-17
5747.526775380178 2.2578725e-17
5750.184787326276 2.3060775e-17
5752.842799272374 1.9273788e-17
5755.500811218471 1.6592889e-17
5758.158823164569 1.9754304e-17
5760.816835110667 1.619262e-17
5763.474847056765 1.5442043e-17
5766.1328590028625 1.8286333e-17
5768.79087094896 1.6878877e-17
5771.448882895058 1.7831298e-17
5774.106894841156 1.9709112e-17
5776.7649067872535 1.8107364e-17
5779.422918733351 1.38460505e-17
5782.080930679449 1.4623921e-17
5784.738942625547 1.6691486e-17
5787.3969545716445 1.7707637e-17
5790.054966517742 1.2504939e-17
5792.71297846384 1.1774636e-17
5795.370990409938 1.2378365e-17
5798.029002356036 1.1538145e-17
5800.687014302133 1.8897844e-17
5803.345026248231 2.293493e-17
5806.003038194329 1.9138211e-17
5808.661050140427 1.3856632e-17
5811.319062086524 1.3256213e-17
5813.977074032622 1.180629e-17
5816.63508597872 1.2368384e-17
5819.293097924818 1.1664337e-17
5821.951109870915 8.121111e-18
5824.609121817013 7.599729e-18
5827.267133763111 8.394644e-18
5829.925145709209 7.685128e-18
5832.583157655306 9.571956e-18
5835.241169601404 1.33379664e-17
5837.899181547502 1.3387095e-17
5840.5571934936 8.908643e-18
5843.2152054396975 7.9060715e-18
5845.873217385795 9.8281555e-18
5848.531229331893 1.0655068e-17
5851.189241277991 1.0473924e-17
5853.8472532240885 9.488038e-18
5856.505265170186 1.07852846e-17
5859.163277116284 1.0564121e-17
5861.821289062382 6.480122e-18
5864.4793010084795 1.1653806e-17
5867.137312954577 1.68626e-17
5869.795324900675 1.6977197e-17
5872.453336846773 1.284363e-17
5875.111348792871 1.4347092e-17
5877.769360738968 1.5462957e-17
5880.427372685066 1.869988e-17
5883.085384631164 2.6947878e-17
5885.743396577262 3.5983157e-17
5888.401408523359 4.5848524e-17
5891.059420469457 5.674849e-17
5893.717432415555 6.121122e-17
5896.375444361653 5.2252556e-17
5899.03345630775 4.9262616e-17
5901.691468253848 4.4834327e-17
5904.349480199946 4.2563578e-17
5907.007492146044 4.834016e-17
5909.665504092141 5.2589043e-17
5912.323516038239 5.1712106e-17
5914.981527984337 5.0175525e-17
5917.639539930435 5.3765324e-17
5920.297551876532 4.9187157e-17
5922.95556382263 4.2302112e-17
5925.613575768728 4.174957e-17
5928.271587714826 4.165358e-17
5930.9295996609235 3.6326434e-17
5933.587611607021 3.3149892e-17
5936.245623553119 3.2603893e-17
5938.903635499217 2.818544e-17
5941.5616474453145 2.8534264e-17
5944.219659391412 2.6110562e-17
5946.87767133751 2.1891249e-17
5949.535683283608 2.417229e-17
5952.193695229706 2.7627144e-17
5954.851707175803 2.5597207e-17
5957.509719121901 2.098555e-17
5960.167731067999 1.7749168e-17
5962.825743014097 1.6545609e-17
5965.483754960194 1.774676e-17
5968.141766906292 1.9622076e-17
5970.79977885239 2.172063e-17
5973.457790798488 2.1223876e-17
5976.115802744585 2.1715117e-17
5978.773814690683 2.4389056e-17
5981.431826636781 2.2521982e-17
5984.089838582879 1.9712501e-17
5986.747850528976 2.1140154e-17
5989.405862475074 2.1159972e-17
5992.063874421172 1.7814307e-17
5994.72188636727 1.687544e-17
5997.379898313367 1.7840133e-17
6000.037910259465 1.6977487e-17
6002.695922205563 1.4233322e-17
6005.353934151661 1.5255252e-17
6008.0119460977585 1.3560607e-17
6010.669958043856 1.2822932e-17
6013.327969989954 1.6364518e-17
6015.985981936052 1.900017e-17
6018.6439938821495 1.8055406e-17
6021.302005828247 1.6796241e-17
6023.960017774345 1.5062949e-17
6026.618029720443 1.4712598e-17
6029.276041666541 1.2743939e-17
6031.934053612638 1.2375738e-17
6034.592065558736 1.1662878e-17
6037.250077504834 1.0965033e-17
6039.908089450932 1.2172844e-17
6042.566101397029 1.336396e-17
6045.224113343127 1.1480992e-17
6047.882125289225 1.14480176e-17
6050.540137235323 8.543075e-18
6053.19814918142 8.588256e-18
6055.856161127518 1.10902495e-17
6058.514173073616 1.2066076e-17
6061.172185019714 1.09879786e-17
6063.830196965811 1.2265184e-17
6066.488208911909 1.2770317e-17
6069.146220858007 8.370247e-18
6071.804232804105 7.762653e-18
6074.462244750202 7.4898185e-18
6077.1202566963 6.8048708e-18
6079.778268642398 8.979935e-18
6082.436280588496 1.4372773e-17
6085.0942925345935 1.6041658e-17
6087.752304480691 1.4167761e-17
6090.410316426789 1.1650151e-17
6093.068328372887 1.2694786e-17
6095.7263403189845 1.5234333e-17
6098.384352265082 1.5388764e-17
6101.04236421118 1.4962953e-17
6103.700376157278 1.544858e-17
6106.358388103376 1.8149135e-17
6109.016400049473 1.5432341e-17
6111.674411995571 1.1179798e-17
6114.332423941669 1.31797475e-17
6116.990435887767 1.2177829e-17
6119.648447833864 1.3429991e-17
6122.306459779962 1.5888085e-17
6124.96447172606 1.6172661e-17
6127.622483672158 1.7704052e-17
6130.280495618255 1.7944907e-17
6132.938507564353 1.673036e-17
6135.596519510451 2.3281925e-17
6138.254531456549 2.6813056e-17
6140.912543402646 2.1979688e-17
6143.570555348744 1.850138e-17
6146.228567294842 2.1522315e-17
6148.88657924094 2.2622248e-17
6151.544591187037 2.0580237e-17
6154.202603133135 2.1737517e-17
6156.860615079233 2.3617484e-17
6159.518627025331 2.2859963e-17
6162.1766389714285 2.328417e-17
6164.834650917526 2.2135517e-17
6167.492662863624 2.0678713e-17
6170.150674809722 2.2160916e-17
6172.8086867558195 2.1261604e-17
6175.466698701917 2.172605e-17
6178.124710648015 2.127877e-17
6180.782722594113 1.9086496e-17
6183.4407345402105 1.944352e-17
6186.098746486308 1.956402e-17
6188.756758432406 1.7228617e-17
6191.414770378504 1.9645179e-17
6194.072782324602 2.13493e-17
6196.730794270699 1.637663e-17
6199.388806216797 1.535298e-17
6202.046818162895 1.7229266e-17
6204.704830108993 1.725285e-17
6207.36284205509 1.4863996e-17
6210.020854001188 1.4523472e-17
6212.678865947286 1.6351271e-17
6215.336877893384 1.7432221e-17
6217.994889839481 1.5921733e-17
6220.652901785579 1.3907029e-17
6223.310913731677 1.565574e-17
6225.968925677775 1.7985989e-17
6228.626937623872 1.4321554e-17
6231.28494956997 1.2253605e-17
6233.942961516068 1.3715638e-17
6236.600973462166 1.3164641e-17
6239.2589854082635 1.379609e-17
6241.916997354361 1.8525013e-17
6244.575009300459 2.172018e-17
6247.233021246557 1.9280126e-17
6249.8910331926545 1.8480103e-17
6252.549045138752 2.1187345e-17
6255.20705708485 2.623929e-17
6257.865069030948 2.6972072e-17
6260.5230809770455 2.4347242e-17
6263.181092923143 2.5532501e-17
6265.839104869241 2.81981e-17
6268.497116815339 3.1747533e-17
6271.155128761437 3.710054e-17
6273.813140707534 4.3148864e-17
6276.471152653632 4.521402e-17
6279.12916459973 4.5828132e-17
6281.787176545828 5.330093e-17
6284.445188491925 6.5175526e-17
6287.103200438023 7.4499936e-17
6289.761212384121 8.4616454e-17
6292.419224330219 9.629842e-17
6295.077236276316 1.0923749e-16
6297.735248222414 1.2932024e-16
6300.393260168512 1.4927942e-16
6303.05127211461 1.6315022e-16
6305.709284060707 1.6841657e-16
6308.367296006805 1.6365009e-16
6311.025307952903 1.6293212e-16
6313.683319899001 1.656238e-16
6316.3413318450985 1.5858708e-16
6318.999343791196 1.4452408e-16
6321.657355737294 1.3168406e-16
6324.315367683392 1.1923411e-16
6326.9733796294895 1.1094431e-16
6329.631391575587 1.0788758e-16
6332.289403521685 1.00482255e-16
6334.947415467783 9.1694625e-17
6337.6054274138805 8.697978e-17
6340.263439359978 7.9643444e-17
6342.921451306076 7.1745074e-17
6345.579463252174 6.8122784e-17
6348.237475198272 6.365899e-17
6350.895487144369 6.046271e-17
6353.553499090467 5.99808e-17
6356.211511036565 6.003296e-17
6358.869522982663 6.3284e-17
6361.52753492876 6.8812235e-17
6364.185546874858 7.2252446e-17
6366.843558820956 7.343714e-17
6369.501570767054 7.5395183e-17
6372.159582713151 7.390972e-17
6374.817594659249 7.264496e-17
6377.475606605347 7.269555e-17
6380.133618551445 6.722387e-17
6382.791630497542 6.205431e-17
6385.44964244364 6.349277e-17
6388.107654389738 6.195927e-17
6390.765666335836 5.3808274e-17
6393.4236782819335 4.9790142e-17
6396.081690228031 4.984162e-17
6398.739702174129 4.70478e-17
6401.397714120227 4.3671e-17
6404.0557260663245 3.8786337e-17
6406.713738012422 3.2637083e-17
6409.37174995852 2.9761545e-17
6412.029761904618 2.790535e-17
6414.6877738507155 2.7128245e-17
6417.345785796813 2.6027301e-17
6420.003797742911 2.5030105e-17
6422.661809689009 2.2280153e-17
6425.319821635107 1.7228536e-17
6427.977833581204 1.7332786e-17
6430.635845527302 2.038172e-17
6433.2938574734 1.9566861e-17
6435.951869419498 2.1396004e-17
6438.609881365595 2.4212996e-17
6441.267893311693 2.2571254e-17
6443.925905257791 1.9459639e-17
6446.583917203889 1.8898744e-17
6449.241929149986 2.191097e-17
6451.899941096084 2.4848084e-17
6454.557953042182 2.6148597e-17
6457.21596498828 2.5725251e-17
6459.873976934377 2.6012408e-17
6462.531988880475 2.6624654e-17
6465.190000826573 2.9174558e-17
6467.848012772671 2.9360303e-17
6470.5060247187685 2.41591e-17
6473.164036664866 2.144021e-17
6475.822048610964 2.2124947e-17
6478.480060557062 2.285031e-17
6481.1380725031595 2.3999635e-17
6483.796084449257 2.2946457e-17
6486.454096395355 1.7461452e-17
6489.112108341453 1.4828774e-17
6491.7701202875505 1.3957867e-17
6494.428132233648 1.2978199e-17
6497.086144179746 9.180416e-18
6499.744156125844 5.2011785e-18
6502.402168071942 6.249979e-18
6505.060180018039 3.816902e-18
6507.718191964137 -3.5070258e-20
6510.376203910235 2.3218375e-18
6513.034215856333 7.340059e-18
6515.69222780243 8.4161855e-18
6518.350239748528 1.1596867e-17
6521.008251694626 2.0104565e-17
6523.666263640724 2.4134091e-17
6526.324275586821 2.5811992e-17
6528.982287532919 3.2865193e-17
6531.640299479017 4.377177e-17
6534.298311425115 5.6051115e-17
6536.956323371212 7.113708e-17
6539.61433531731 9.244717e-17
6542.272347263408 1.19671e-16
6544.930359209506 1.508757e-16
6547.588371155603 1.9248083e-16
6550.246383101701 2.4945231e-16
6552.904395047799 3.0984621e-16
6555.562406993897 3.7713022e-16
6558.2204189399945 4.47895e-16
6560.878430886092 5.157385e-16
6563.53644283219 5.736627e-16
6566.194454778288 6.1083696e-16
6568.8524667243855 6.2997107e-16
6571.510478670483 6.396086e-16
6574.168490616581 6.3198086e-16
6576.826502562679 6.101552e-16
6579.484514508777 5.98835e-16
6582.142526454874 6.0151674e-16
6584.800538400972 5.797212e-16
6587.45855034707 5.5065384e-16
6590.116562293168 5.0756184e-16
6592.774574239265 4.655912e-16
6595.432586185363 4.168914e-16
6598.090598131461 3.647933e-16
6600.748610077559 3.2110566e-16
6603.406622023656 2.817945e-16
6606.064633969754 2.4136508e-16
6608.722645915852 2.0581876e-16
6611.38065786195 1.7071658e-16
6614.038669808047 1.4379622e-16
6616.696681754145 1.2493068e-16
6619.354693700243 1.0719155e-16
6622.012705646341 9.038641e-17
6624.670717592438 7.6294865e-17
6627.328729538536 6.624761e-17
6629.986741484634 5.679393e-17
6632.644753430732 4.9194264e-17
6635.3027653768295 4.56645e-17
6637.960777322927 4.1630832e-17
6640.618789269025 3.7365743e-17
6643.276801215123 3.483962e-17
6645.9348131612205 3.2450236e-17
6648.592825107318 2.9429498e-17
6651.250837053416 2.91545e-17
6653.908848999514 2.8475014e-17
6656.566860945612 2.5247794e-17
6659.224872891709 2.4268407e-17
6661.882884837807 2.2486306e-17
6664.540896783905 1.8300402e-17
6667.198908730003 1.9262823e-17
6669.8569206761 2.1706725e-17
6672.514932622198 1.8898523e-17
6675.172944568296 1.6359613e-17
6677.830956514394 1.5517007e-17
6680.488968460491 1.6343484e-17
6683.146980406589 1.9938785e-17
6685.804992352687 1.8448697e-17
6688.463004298785 1.6679827e-17
6691.121016244882 1.6732805e-17
6693.77902819098 1.6786206e-17
6696.437040137078 1.7757718e-17
6699.095052083176 1.7476083e-17
6701.753064029273 1.6035512e-17
6704.411075975371 1.623365e-17
6707.069087921469 1.5204968e-17
6709.727099867567 1.5780927e-17
6712.3851118136645 1.5245048e-17
6715.043123759762 1.4242715e-17
6717.70113570586 1.5833413e-17
6720.359147651958 1.414231e-17
6723.0171595980555 1.3165263e-17
6725.675171544153 1.615285e-17
6728.333183490251 2.3725198e-17
6730.991195436349 2.5346463e-17
6733.649207382447 2.3322677e-17
6736.307219328544 2.4689561e-17
6738.965231274642 2.5091288e-17
6741.62324322074 2.1992822e-17
6744.281255166838 2.028433e-17
6746.939267112935 2.1208977e-17
6749.597279059033 2.3207101e-17
6752.255291005131 2.373739e-17
6754.913302951229 2.0009337e-17
6757.571314897326 1.1915394e-17
6760.229326843424 5.7690467e-18
6762.887338789522 7.291783e-18
6765.54535073562 8.037664e-18
6768.203362681717 9.685387e-18
6770.861374627815 1.0447706e-17
6773.519386573913 8.182167e-18
6776.177398520011 1.0590693e-17
6778.835410466108 1.20562575e-17
6781.493422412206 1.03926385e-17
6784.151434358304 7.153423e-18
6786.809446304402 6.4942587e-18
6789.4674582504995 7.916168e-18
6792.125470196597 8.734941e-18
6794.783482142695 8.151971e-18
6797.441494088793 8.273973e-18
6800.0995060348905 5.7353507e-18
6802.757517980988 3.9526912e-18
6805.415529927086 3.136149e-18
6808.073541873184 2.9529872e-18
6810.7315538192815 5.349794e-18
6813.389565765379 7.2478856e-18
6816.047577711477 6.3205747e-18
6818.705589657575 6.332169e-18
6821.363601603673 8.771457e-18
6824.02161354977 8.141586e-18
6826.679625495868 5.664514e-18
6829.337637441966 4.0829685e-18
6831.995649388064 5.444054e-18
6834.653661334161 1.1878585e-17
6837.311673280259 1.3469515e-17
6839.969685226357 7.7602975e-18
6842.627697172455 4.7007103e-18
6845.285709118552 5.8446857e-18
6847.94372106465 7.186535e-18
6850.601733010748 6.677978e-18
6853.259744956846 5.6972677e-18
6855.917756902943 5.8259154e-18
6858.575768849041 8.0474474e-18
6861.233780795139 9.094906e-18
6863.891792741237 8.677205e-18
6866.5498046873345 9.309107e-18
6869.207816633432 7.704087e-18
6871.86582857953 7.658926e-18
6874.523840525628 9.303357e-18
6877.1818524717255 9.013737e-18
6879.839864417823 4.9748677e-18
6882.497876363921 2.1555806e-18
6885.155888310019 3.4397266e-18
6887.8139002561165 6.1919238e-18
6890.471912202214 7.198326e-18
6893.129924148312 9.236806e-18
6895.78793609441 8.373396e-18
6898.445948040508 7.736131e-18
6901.103959986605 7.065286e-18
6903.761971932703 6.419038e-18
6906.419983878801 8.0371995e-18
6909.077995824899 7.60427e-18
6911.736007770996 6.992094e-18
6914.394019717094 1.23847905e-17
6917.052031663192 1.3142383e-17
6919.71004360929 5.991302e-18
6922.368055555387 4.3991967e-18
6925.026067501485 6.3682696e-18
6927.684079447583 6.422893e-18
6930.342091393681 6.1451053e-18
6933.000103339778 4.347522e-18
6935.658115285876 5.6361324e-18
6938.316127231974 7.86862e-18
6940.974139178072 1.1090146e-17
6943.6321511241695 1.0730587e-17
6946.290163070267 5.436897e-18
6948.948175016365 2.750211e-18
6951.606186962463 5.8262326e-18
6954.2641989085605 9.993469e-18
6956.922210854658 7.3502475e-18
6959.580222800756 4.711568e-18
6962.238234746854 8.862962e-18
6964.8962466929515 1.1571364e-17
6967.554258639049 8.903372e-18
6970.212270585147 9.14632e-18
6972.870282531245 9.534777e-18
6975.528294477343 6.607932e-18
6978.18630642344 7.1068025e-18
6980.844318369538 7.372723e-18
6983.502330315636 5.9419245e-18
6986.160342261734 7.8319e-18
6988.818354207831 8.839065e-18
6991.476366153929 6.245891e-18
6994.134378100027 7.508469e-18
6996.792390046125 1.180525e-17
6999.450401992222 1.0772629e-17
7002.10841393832 6.2302214e-18
7004.766425884418 6.3058836e-18
7007.424437830516 8.525119e-18
7010.082449776613 9.008498e-18
7012.740461722711 1.0875749e-17
7015.398473668809 1.2102632e-17
7018.056485614907 1.153894e-17
7020.7144975610045 1.11381185e-17
7023.372509507102 8.957762e-18
7026.0305214532 7.386431e-18
7028.688533399298 7.834733e-18
7031.3465453453955 8.678529e-18
7034.004557291493 9.094994e-18
7036.662569237591 8.640872e-18
7039.320581183689 1.1524237e-17
7041.9785931297865 1.2357003e-17
7044.636605075884 1.0482562e-17
7047.294617021982 9.040016e-18
7049.95262896808 8.105466e-18
7052.610640914178 9.570112e-18
7055.268652860275 9.859543e-18
7057.926664806373 7.233096e-18
7060.584676752471 7.910683e-18
7063.242688698569 1.0115921e-17
7065.900700644666 9.812787e-18
7068.558712590764 1.2175522e-17
7071.216724536862 1.20271705e-17
7073.87473648296 9.346564e-18
7076.532748429057 1.1770565e-17
7079.190760375155 1.4247849e-17
7081.848772321253 1.5672419e-17
7084.506784267351 1.4526825e-17
7087.164796213448 1.3956049e-17
7089.822808159546 1.6498437e-17
7092.480820105644 1.7523208e-17
7095.138832051742 1.4968619e-17
7097.7968439978395 1.3352061e-17
7100.454855943937 1.3165248e-17
7103.112867890035 1.1671241e-17
7105.770879836133 1.1253522e-17
7108.4288917822305 1.2533063e-17
7111.086903728328 1.273738e-17
7113.744915674426 1.13546256e-17
7116.402927620524 1.0004051e-17
7119.0609395666215 1.2337753e-17
7121.718951512719 1.5166305e-17
7124.376963458817 1.6540325e-17
7127.034975404915 1.7838891e-17
7129.692987351013 1.7349672e-17
7132.35099929711 1.615628e-17
7135.009011243208 1.9704605e-17
7137.667023189306 2.4283341e-17
7140.325035135404 2.4445869e-17
7142.983047081501 2.5507246e-17
7145.641059027599 3.0916517e-17
7148.299070973697 3.5317687e-17
7150.957082919795 4.07089e-17
7153.615094865892 4.5996778e-17
7156.27310681199 4.8738607e-17
7158.931118758088 4.937943e-17
7161.589130704186 4.789086e-17
7164.247142650283 4.7781347e-17
7166.905154596381 4.9712294e-17
7169.563166542479 5.0314416e-17
7172.221178488577 4.7338603e-17
7174.8791904346745 4.3215717e-17
7177.537202380772 4.40223e-17
7180.19521432687 4.8357667e-17
7182.853226272968 4.8724866e-17
7185.5112382190655 4.8835992e-17
7188.169250165163 4.649929e-17
7190.827262111261 3.9371812e-17
7193.485274057359 3.7588837e-17
7196.1432860034565 4.0364793e-17
7198.801297949554 3.578683e-17
7201.459309895652 3.3228514e-17
7204.11732184175 3.245089e-17
7206.775333787848 2.8796632e-17
7209.433345733945 2.4787913e-17
7212.091357680043 2.2906208e-17
7214.749369626141 2.1862468e-17
7217.407381572239 1.9583476e-17
7220.065393518336 1.6210919e-17
7222.723405464434 1.24167536e-17
7225.381417410532 1.461842e-17
7228.03942935663 1.808215e-17
7230.697441302727 1.4022819e-17
7233.355453248825 9.915858e-18
7236.013465194923 1.0332369e-17
7238.671477141021 1.3623219e-17
7241.329489087118 1.9204664e-17
7243.987501033216 2.3299962e-17
7246.645512979314 2.528056e-17
7249.303524925412 2.4834859e-17
7251.961536871509 2.5131262e-17
7254.619548817607 2.6422882e-17
7257.277560763705 2.4264625e-17
7259.935572709803 2.5057657e-17
7262.5935846559005 2.972144e-17
7265.251596601998 3.4813617e-17
7267.909608548096 3.7712094e-17
7270.567620494194 4.084536e-17
7273.2256324402915 4.89873e-17
7275.883644386389 5.737322e-17
7278.541656332487 6.530583e-17
7281.199668278585 7.512947e-17
7283.857680224683 9.2169175e-17
7286.51569217078 1.1308485e-16
7289.173704116878 1.3208871e-16
7291.831716062976 1.489979e-16
7294.489728009074 1.621112e-16
7297.147739955171 1.7415815e-16
7299.805751901269 1.853771e-16
7302.463763847367 1.9001663e-16
7305.121775793465 1.8629569e-16
7307.779787739562 1.7931584e-16
7310.43779968566 1.7457904e-16
7313.095811631758 1.7580317e-16
7315.753823577856 1.8625397e-16
7318.411835523953 2.0403543e-16
7321.069847470051 2.1274107e-16
7323.727859416149 2.1206722e-16
7326.385871362247 2.1738701e-16
7329.043883308344 2.2313018e-16
7331.701895254442 2.1983991e-16
7334.35990720054 2.0982752e-16
7337.017919146638 1.9718411e-16
7339.6759310927355 1.8557813e-16
7342.333943038833 1.7203229e-16
7344.991954984931 1.535868e-16
7347.649966931029 1.3702943e-16
7350.3079788771265 1.3070048e-16
7352.965990823224 1.2777546e-16
7355.624002769322 1.212426e-16
7358.28201471542 1.1289575e-16
7360.940026661518 1.0662328e-16
7363.598038607615 1.0259239e-16
7366.256050553713 9.4116286e-17
7368.914062499811 8.533298e-17
7371.572074445909 7.7841554e-17
7374.230086392006 6.774993e-17
7376.888098338104 6.20386e-17
7379.546110284202 5.767968e-17
7382.2041222303 5.1395144e-17
7384.862134176397 4.5817964e-17
7387.520146122495 4.39046e-17
7390.178158068593 4.0469788e-17
7392.836170014691 4.08024e-17
7395.494181960788 3.685549e-17
7398.152193906886 3.3045624e-17
7400.810205852984 3.3141448e-17
7403.468217799082 3.125833e-17
7406.126229745179 3.1101697e-17
7408.784241691277 3.0312434e-17
7411.442253637375 3.110535e-17
7414.100265583473 3.199662e-17
7416.7582775295705 3.042398e-17
7419.416289475668 3.0168518e-17
7422.074301421766 2.8526025e-17
7424.732313367864 2.7798225e-17
7427.3903253139615 2.8664528e-17
7430.048337260059 2.7085946e-17
7432.706349206157 2.1919945e-17
7435.364361152255 1.9761667e-17
7438.022373098353 2.1136296e-17
7440.68038504445 2.144706e-17
7443.338396990548 2.2490498e-17
7445.996408936646 2.3181176e-17
7448.654420882744 2.255325e-17
7451.312432828841 2.3645107e-17
7453.970444774939 2.5924171e-17
7456.628456721037 2.6211787e-17
7459.286468667135 2.4062927e-17
7461.944480613232 2.1237832e-17
7464.60249255933 2.1359739e-17
7467.260504505428 2.2723422e-17
7469.918516451526 2.096366e-17
7472.576528397623 1.8817333e-17
7475.234540343721 1.5233107e-17
7477.892552289819 1.3240208e-17
7480.550564235917 1.5654324e-17
7483.208576182014 1.8781162e-17
7485.866588128112 1.8921753e-17
7488.52460007421 1.6398478e-17
7491.182612020308 1.463677e-17
7493.8406239664055 1.2650823e-17
7496.498635912503 1.348789e-17
7499.156647858601 1.6113126e-17
7501.814659804699 1.3714572e-17
7504.4726717507965 9.219829e-18
7507.130683696894 9.47964e-18
7509.788695642992 9.582403e-18
7512.44670758909 8.10379e-18
7515.1047195351875 7.102625e-18
7517.762731481285 7.010141e-18
7520.420743427383 8.13059e-18
7523.078755373481 8.3050174e-18
7525.736767319579 6.719601e-18
7528.394779265676 3.8117525e-18
7531.052791211774 4.3376594e-18
7533.710803157872 9.355287e-18
7536.36881510397 1.0342975e-17
7539.026827050067 6.5052366e-18
7541.684838996165 5.3837377e-18
7544.342850942263 6.77525e-18
7547.000862888361 5.695372e-18
7549.658874834458 4.224353e-18
7552.316886780556 4.559384e-18
7554.974898726654 4.7805845e-18
7557.632910672752 4.9080844e-18
7560.290922618849 3.9690574e-18
7562.948934564947 3.3787466e-18
7565.606946511045 3.3105083e-18
7568.264958457143 4.7430776e-18
7570.9229704032405 5.2729534e-18
7573.580982349338 2.1625386e-18
7576.238994295436 1.0138138e-18
7578.897006241534 5.7630802e-18
7581.5550181876315 7.74787e-18
7584.213030133729 4.2671423e-18
7586.871042079827 1.1975217e-18
7589.529054025925 2.0120945e-18
7592.1870659720225 3.0221174e-18
7594.84507791812 1.5256179e-18
7597.503089864218 3.719267e-18
7600.161101810316 9.7593e-19
7602.819113756414 4.8307756e-19
7605.477125702511 3.807551e-18
7608.135137648609 3.38802e-18
7610.793149594707 3.8461524e-18
7613.451161540805 3.821505e-18
7616.109173486902 5.5775833e-18
7618.767185433 2.5083812e-18
7621.425197379098 2.720203e-18
7624.083209325196 4.6783495e-18
7626.741221271293 3.1566432e-18
7629.399233217391 1.0511303e-18
7632.057245163489 -1.3855774e-18
7634.715257109587 -1.2688541e-18
7637.373269055684 9.064784e-19
7640.031281001782 1.5797026e-18
7642.68929294788 -1.5945888e-18
7645.347304893978 -3.620397e-18
7648.0053168400755 -6.11013e-19
7650.663328786173 1.8692967e-18
7653.321340732271 2.4859056e-18
7655.979352678369 1.1898226e-18
7658.6373646244665 -1.3857766e-18
7661.295376570564 7.200248e-19
7663.953388516662 4.7555875e-18
7666.61140046276 7.129627e-18
7669.2694124088575 8.461184e-18
7671.927424354955 8.6247045e-18
7674.585436301053 6.585304e-18
7677.243448247151 6.90979e-18
7679.901460193249 7.81041e-18
7682.559472139346 1.0082535e-17
7685.217484085444 9.300303e-18
7687.875496031542 8.426253e-18
7690.53350797764 9.413893e-18
7693.191519923737 8.9403194e-18
7695.849531869835 8.599562e-18
7698.507543815933 9.658541e-18
7701.165555762031 9.8767954e-18
7703.823567708128 1.0791893e-17
7706.481579654226 1.2121436e-17
7709.139591600324 1.04884856e-17
7711.797603546422 1.406472e-17
7714.455615492519 1.7939448e-17
7717.113627438617 1.5472116e-17
7719.771639384715 1.35861165e-17
7722.429651330813 1.4996055e-17
7725.0876632769105 1.7905828e-17
7727.745675223008 1.5674719e-17
7730.403687169106 1.169943e-17
7733.061699115204 1.23232e-17
7735.7197110613015 1.4642576e-17
7738.377723007399 1.4369982e-17
7741.035734953497 1.3732325e-17
7743.693746899595 1.4818785e-17
7746.3517588456925 1.6878162e-17
7749.00977079179 1.7129455e-17
7751.667782737888 1.4312936e-17
7754.325794683986 1.0575166e-17
7756.983806630084 8.2567415e-18
7759.641818576181 9.607934e-18
7762.299830522279 8.917714e-18
7764.957842468377 6.956803e-18
7767.615854414475 6.0033795e-18
7770.273866360572 6.837144e-18
7772.93187830667 8.679352e-18
7775.589890252768 7.826613e-18
7778.247902198866 4.853095e-18
7780.905914144963 5.438706e-18
7783.563926091061 6.390126e-18
7786.221938037159 4.465511e-18
7788.879949983257 4.888255e-18
7791.537961929354 7.674466e-18
7794.195973875452 8.197665e-18
7796.85398582155 4.7989843e-18
7799.511997767648 3.4269896e-18
7802.1700097137455 5.4957764e-18
7804.828021659843 6.2373356e-18
7807.486033605941 8.207041e-18
7810.144045552039 1.0550417e-17
7812.8020574981365 1.0371414e-17
7815.460069444234 7.734523e-18
7818.118081390332 4.4440357e-18
7820.77609333643 3.5207466e-18
7823.4341052825275 4.2114863e-18
7826.092117228625 4.8060906e-18
7828.750129174723 5.9664203e-18
7831.408141120821 6.8234575e-18
7834.066153066919 5.0643843e-18
7836.724165013016 3.4139998e-18
7839.382176959114 2.6264916e-18
7842.040188905212 3.1120369e-18
7844.69820085131 6.4493237e-18
7847.356212797407 8.472492e-18
7850.014224743505 9.645165e-18
7852.672236689603 7.3602796e-18
7855.330248635701 5.5880145e-18
7857.988260581798 6.584392e-18
7860.646272527896 6.5428014e-18
7863.304284473994 7.340522e-18
7865.962296420092 8.806532e-18
7868.620308366189 7.746731e-18
7871.278320312287 7.15855e-18
7873.936332258385 7.183087e-18
7876.594344204483 6.3112934e-18
7879.25235615058 5.1209904e-18
7881.910368096678 5.7183e-18
7884.568380042776 6.8197352e-18
7887.226391988874 6.3786606e-18
7889.8844039349715 4.8378733e-18
7892.542415881069 5.5728783e-18
7895.200427827167 6.7363554e-18
7897.858439773265 4.780001e-18
7900.5164517193625 3.9325453e-18
7903.17446366546 4.9815037e-18
7905.832475611558 5.832437e-18
7908.490487557656 7.479537e-18
7911.148499503754 8.572215e-18
7913.806511449851 8.854314e-18
7916.464523395949 1.1030754e-17
7919.122535342047 1.1364216e-17
7921.780547288145 9.443129e-18
7924.438559234242 7.702287e-18
7927.09657118034 6.6672606e-18
7929.754583126438 5.5169444e-18
7932.412595072536 6.859358e-18
7935.070607018633 1.0420778e-17
7937.728618964731 9.81647e-18
7940.386630910829 9.759278e-18
7943.044642856927 1.0411225e-17
7945.702654803024 1.1520008e-17
7948.360666749122 1.0990978e-17
7951.01867869522 9.317189e-18
7953.676690641318 9.178809e-18
7956.334702587415 8.382655e-18
7958.992714533513 7.5024405e-18
7961.650726479611 6.5151847e-18
7964.308738425709 7.467366e-18
7966.9667503718065 9.254825e-18
7969.624762317904 6.2241805e-18
7972.282774264002 5.3258504e-18
7974.9407862101 7.21328e-18
7977.5987981561975 1.0501172e-17
7980.256810102295 1.1660515e-17
7982.914822048393 9.037108e-18
7985.572833994491 8.097379e-18
7988.230845940589 1.0046116e-17
7990.888857886686 8.194699e-18
7993.546869832784 5.2788363e-18
7996.204881778882 8.438775e-18
7998.86289372498 1.109818e-17
8001.520905671077 1.1002418e-17
8004.178917617175 1.09098216e-17
8006.836929563273 1.2013074e-17
8009.494941509371 1.2430378e-17
8012.152953455468 1.1896911e-17
8014.810965401566 1.09235065e-17
8017.468977347664 1.2918391e-17
8020.126989293762 1.299277e-17
8022.785001239859 1.06340396e-17
8025.443013185957 1.1933341e-17
8028.101025132055 1.6779609e-17
8030.759037078153 1.5981138e-17
8033.41704902425 1.2587163e-17
8036.075060970348 1.191097e-17
8038.733072916446 1.11889595e-17
8041.391084862544 1.1417442e-17
8044.0490968086415 1.08591195e-17
8046.707108754739 1.17012705e-17
8049.365120700837 1.3376723e-17
8052.023132646935 1.6065462e-17
8054.6811445930325 1.6097337e-17
8057.33915653913 1.5052541e-17
8059.997168485228 1.4675087e-17
8062.655180431326 1.2655985e-17
8065.313192377424 1.5073128e-17
8067.971204323521 1.5984815e-17
8070.629216269619 1.1820905e-17
8073.287228215717 1.015374e-17
8075.945240161815 1.5000045e-17
8078.603252107912 1.700741e-17
8081.26126405401 1.6474915e-17
8083.919276000108 1.6490067e-17
8086.577287946206 1.4835827e-17
8089.235299892303 1.3858048e-17
8091.893311838401 1.4895311e-17
8094.551323784499 1.7875186e-17
8097.209335730597 1.6133647e-17
8099.867347676694 1.20740055e-17
8102.525359622792 1.2592916e-17
8105.18337156889 1.5017717e-17
8107.841383514988 1.6744341e-17
8110.499395461085 1.6561507e-17
8113.157407407183 1.2416163e-17
8115.815419353281 9.5865626e-18
8118.473431299379 1.1606704e-17
8121.1314432454765 1.3555698e-17
8123.789455191574 1.2347814e-17
8126.447467137672 1.1903352e-17
8129.10547908377 1.4056821e-17
8131.7634910298675 1.2238037e-17
8134.421502975965 1.0801943e-17
8137.079514922063 1.1834099e-17
8139.737526868161 1.1303213e-17
8142.3955388142585 1.0262537e-17
8145.053550760356 1.2612395e-17
8147.711562706454 1.3722435e-17
8150.369574652552 1.149628e-17
8153.02758659865 1.1090535e-17
8155.685598544747 1.0154022e-17
8158.343610490845 8.985173e-18
8161.001622436943 8.0919225e-18
8163.659634383041 8.6182e-18
8166.317646329138 9.782427e-18
8168.975658275236 5.0893565e-18
8171.633670221334 -3.1639621e-18
8174.291682167432 4.7700306e-19
8176.949694113529 5.599293e-18
8179.607706059627 4.762162e-18
8182.265718005725 6.6429307e-18
8184.923729951823 1.05769864e-17
8187.58174189792 1.0146422e-17
8190.239753844018 7.342307e-18
8192.897765790116 8.4896565e-18
8195.555777736214 1.0682145e-17
8198.213789682311 9.94046e-18
8200.87180162841 8.303532e-18
8203.529813574507 7.838019e-18
8206.187825520605 8.965475e-18
8208.845837466703 1.346202e-17
8211.5038494128 1.4209262e-17
8214.161861358898 1.0981947e-17
8216.819873304996 1.1845085e-17
8219.477885251094 1.0555559e-17
8222.135897197191 1.066235e-17
8224.793909143289 1.4767821e-17
8227.451921089387 1.520289e-17
8230.109933035485 1.4607447e-17
8232.767944981582 1.332043e-17
8235.42595692768 1.1534773e-17
8238.083968873778 1.4341509e-17
8240.741980819876 1.4699314e-17
8243.399992765973 1.3292813e-17
8246.058004712071 1.0865769e-17
8248.716016658169 9.1982956e-18
8251.374028604267 9.950534e-18
8254.032040550364 9.758752e-18
8256.690052496462 8.7541095e-18
8259.34806444256 1.0778173e-17
8262.006076388658 9.542101e-18
8264.664088334755 9.111321e-18
8267.322100280853 1.19881905e-17
8269.980112226951 9.803542e-18
8272.638124173049 7.947681e-18
8275.296136119146 1.289864e-17
8277.954148065244 1.3757304e-17
8280.612160011342 8.7462165e-18
8283.27017195744 7.892983e-18
8285.928183903538 7.36474e-18
8288.586195849635 8.3511145e-18
8291.244207795733 8.772555e-18
8293.90221974183 6.996519e-18
8296.560231687929 9.916442e-18
8299.218243634026 1.3168923e-17
8301.876255580124 1.2563634e-17
8304.534267526222 1.1728076e-17
8307.19227947232 1.1775025e-17
8309.850291418417 1.06257256e-17
8312.508303364515 9.964014e-18
8315.166315310613 9.621422e-18
8317.82432725671 9.1277784e-18
8320.482339202808 1.22701275e-17
8323.140351148906 1.30002245e-17
8325.798363095004 1.020267e-17
8328.456375041102 1.1261322e-17
8331.1143869872 9.046851e-18
8333.772398933297 9.079314e-18
8336.430410879395 1.1142302e-17
8339.088422825493 5.4876183e-18
8341.74643477159 6.352456e-19
8344.404446717688 1.76275e-18
8347.062458663786 6.012105e-18
8349.720470609884 1.0235147e-17
8352.378482555981 9.223634e-18
8355.03649450208 1.0937012e-17
8357.694506448177 1.2820831e-17
8360.352518394275 1.2233875e-17
8363.010530340372 1.1866317e-17
8365.66854228647 1.3066912e-17
8368.326554232568 9.48405e-18
8370.984566178666 7.770178e-18
8373.642578124764 1.14359e-17
8376.300590070861 1.02376406e-17
8378.958602016959 7.032426e-18
8381.616613963057 7.88623e-18
8384.274625909155 1.1133503e-17
8386.932637855252 1.2119623e-17
8389.59064980135 1.0215955e-17
8392.248661747448 8.9006594e-18
8394.906673693546 5.8952575e-18
8397.564685639643 4.973726e-18
8400.222697585741 3.0589298e-18
8402.880709531839 -1.9369442e-19
8405.538721477937 -2.6026618e-18
8408.196733424034 2.852785e-18
8410.854745370132 7.62178e-18
8413.51275731623 8.924938e-18
8416.170769262328 1.0532452e-17
8418.828781208425 1.2592868e-17
8421.486793154523 1.11583985e-17
8424.144805100621 8.201056e-18
8426.802817046719 1.0114517e-17
8429.460828992816 7.8332945e-18
8432.118840938914 5.987513e-18
8434.776852885012 4.3805674e-18
8437.43486483111 1.0904051e-17
8440.092876777207 1.815722e-17
8442.750888723305 1.786933e-17
8445.408900669403 1.7859096e-17
8448.0669126155 1.8496473e-17
8450.724924561599 2.1405659e-17
8453.382936507696 2.5848105e-17
8456.040948453794 2.434893e-17
8458.698960399892 2.3110219e-17
8461.35697234599 2.698498e-17
8464.014984292087 2.4280117e-17
8466.672996238185 1.6277609e-17
8469.331008184283 1.7895247e-17
8471.98902013038 2.1174371e-17
8474.647032076478 1.4328295e-17
8477.305044022576 9.61503e-18
8479.963055968674 1.16920904e-17
8482.621067914772 1.5078133e-17
8485.27907986087 1.592991e-17
8487.937091806967 1.6439804e-17
8490.595103753065 1.6424118e-17
8493.253115699163 1.1370269e-17
8495.91112764526 8.069126e-18
8498.569139591358 9.6833e-18
8501.227151537456 1.0329527e-17
8503.885163483554 1.2692454e-17
8506.543175429651 1.5608293e-17
8509.20118737575 1.6394927e-17
8511.859199321847 1.4634565e-17
8514.517211267945 1.6072736e-17
8517.175223214042 1.7039765e-17
8519.83323516014 1.568372e-17
8522.491247106238 1.6375604e-17
8525.149259052336 1.9647818e-17
8527.807270998434 2.1545884e-17
8530.465282944531 2.1723192e-17
8533.123294890629 2.3894316e-17
8535.781306836727 2.7533875e-17
8538.439318782825 3.3362262e-17
8541.097330728922 3.9729028e-17
8543.75534267502 3.906185e-17
8546.413354621118 3.8848514e-17
8549.071366567216 4.7546712e-17
8551.729378513313 5.66018e-17
8554.387390459411 6.326979e-17
8557.045402405509 6.690697e-17
8559.703414351607 6.2670545e-17
8562.361426297704 5.587128e-17
8565.019438243802 5.034491e-17
8567.6774501899 5.0937144e-17
8570.335462135998 5.0890285e-17
8572.993474082095 5.2270572e-17
8575.651486028193 5.3056612e-17
8578.309497974291 5.2010232e-17
8580.967509920389 5.3547676e-17
8583.625521866486 5.1858193e-17
8586.283533812584 4.78103e-17
8588.941545758682 4.5170424e-17
8591.59955770478 4.0128206e-17
8594.257569650877 3.8513288e-17
8596.915581596975 3.8050493e-17
8599.573593543073 3.52015e-17
8602.23160548917 3.076628e-17
8604.889617435269 2.4478686e-17
8607.547629381366 2.0457393e-17
8610.205641327464 2.105639e-17
8612.863653273562 2.235441e-17
8615.52166521966 1.935152e-17
8618.179677165757 1.4827358e-17
8620.837689111855 1.4697188e-17
8623.495701057953 1.5994551e-17
8626.15371300405 1.7051064e-17
8628.811724950148 2.0007428e-17
8631.469736896246 1.3330384e-17
8634.127748842344 9.127176e-18
8636.785760788442 1.1048153e-17
8639.44377273454 1.0850273e-17
8642.101784680637 1.3212161e-17
8644.759796626735 1.4029102e-17
8647.417808572833 1.7673773e-17
8650.07582051893 1.8001007e-17
8652.733832465028 1.68239e-17
8655.391844411126 1.7478204e-17
8658.049856357224 2.0420072e-17
8660.707868303321 2.5350614e-17
8663.36588024942 2.969992e-17
8666.023892195517 3.1166617e-17
8668.681904141615 2.9461758e-17
8671.339916087712 3.0996214e-17
8673.99792803381 3.6161236e-17
8676.655939979908 4.117803e-17
8679.313951926006 4.2525878e-17
8681.971963872104 4.0796892e-17
8684.629975818201 4.3264855e-17
8687.287987764299 4.522158e-17
8689.945999710397 4.2061012e-17
8692.604011656495 3.817777e-17
8695.262023602592 3.663758e-17
8697.92003554869 3.498255e-17
8700.578047494788 3.574201e-17
8703.236059440886 3.890161e-17
8705.894071386983 3.8148703e-17
8708.552083333081 3.365077e-17
8711.210095279179 3.2910466e-17
8713.868107225277 3.6529672e-17
8716.526119171374 3.645779e-17
8719.184131117472 3.7070245e-17
8721.84214306357 3.7406464e-17
8724.500155009668 4.155472e-17
8727.158166955765 5.2197055e-17
8729.816178901863 5.6810745e-17
8732.474190847961 5.7896654e-17
8735.132202794059 5.9878506e-17
8737.790214740156 6.3370624e-17
8740.448226686254 6.8338426e-17
8743.106238632352 7.0930235e-17
8745.76425057845 7.019795e-17
8748.422262524547 6.878042e-17
8751.080274470645 6.664877e-17
8753.738286416743 6.261695e-17
8756.39629836284 5.86613e-17
8759.054310308939 5.302395e-17
8761.712322255036 4.6030818e-17
8764.370334201134 3.857768e-17
8767.028346147232 3.398145e-17
8769.68635809333 3.4560926e-17
8772.344370039427 3.7468784e-17
8775.002381985525 3.3023406e-17
8777.660393931623 3.042064e-17
8780.31840587772 3.4147412e-17
8782.976417823818 2.6943597e-17
8785.634429769916 1.947663e-17
8788.292441716014 1.5653182e-17
8790.950453662112 1.1180512e-17
8793.60846560821 7.998417e-18
8796.266477554307 1.026366e-17
8798.924489500405 1.2351062e-17
8801.582501446503 1.0586112e-17
8804.2405133926 9.298913e-18
8806.898525338698 1.0220472e-17
8809.556537284796 1.0698018e-17
8812.214549230894 1.0873277e-17
8814.872561176991 1.0346652e-17
8817.53057312309 8.732363e-18
8820.188585069187 5.704983e-18
8822.846597015285 -1.1082497e-18
8825.504608961382 -3.529632e-18
8828.16262090748 3.2139832e-18
8830.820632853578 9.998978e-18
8833.478644799676 6.83716e-18
8836.136656745774 1.5545707e-17
8838.794668691871 1.641266e-17
8841.452680637969 1.4642933e-17
8844.110692584067 1.1949388e-17
8846.768704530165 8.2573015e-18
8849.426716476262 1.039908e-17
8852.08472842236 1.31999e-17
8854.742740368458 1.2033534e-17
8857.400752314556 1.4280747e-17
8860.058764260653 1.4213984e-17
8862.716776206751 9.533287e-18
8865.374788152849 1.0144888e-17
8868.032800098947 1.5148134e-17
8870.690812045044 1.4761409e-17
8873.348823991142 1.3064373e-17
8876.00683593724 1.480391e-17
8878.664847883338 1.6229204e-17
8881.322859829435 1.5281272e-17
8883.980871775533 1.1466123e-17
8886.638883721631 8.313147e-18
8889.296895667729 6.430475e-18
8891.954907613826 7.833426e-18
8894.612919559924 9.196267e-18
8897.270931506022 1.19861085e-17
8899.92894345212 1.8770091e-17
8902.586955398217 2.3877877e-17
8905.244967344315 2.3577177e-17
8907.902979290413 1.7694493e-17
8910.56099123651 1.14995575e-17
8913.219003182609 8.322678e-18
8915.877015128706 5.1796615e-18
8918.535027074804 8.405215e-18
8921.193039020902 1.0303446e-17
8923.851050967 9.023459e-18
8926.509062913097 8.199912e-18
8929.167074859195 1.0855046e-17
8931.825086805293 1.11086775e-17
8934.48309875139 1.0513219e-17
8937.141110697488 1.1814767e-17
8939.799122643586 7.475503e-18
8942.457134589684 4.127509e-18
8945.115146535782 8.901381e-18
8947.77315848188 1.0333654e-17
8950.431170427977 4.919202e-18
8953.089182374075 3.036887e-18
8955.747194320173 2.5322608e-18
8958.40520626627 5.682223e-18
8961.063218212368 1.1484509e-17
8963.721230158466 9.544536e-18
8966.379242104564 6.3012253e-18
8969.037254050661 4.323178e-18
8971.69526599676 3.429718e-18
8974.353277942857 3.1325226e-18
8977.011289888955 6.1094456e-18
8979.669301835052 6.487274e-18
8982.32731378115 5.0543093e-18
8984.985325727248 1.831084e-18
8987.643337673346 2.0473115e-18
8990.301349619443 5.8075164e-18
8992.959361565541 7.197027e-18
8995.617373511639 1.0595692e-17
8998.275385457737 1.6974464e-17
9000.933397403835 1.2423585e-17
9003.591409349932 1.0798918e-18
9006.24942129603 -2.6001399e-18
9008.907433242128 -1.9738765e-18
9011.565445188226 3.8235282e-18
9014.223457134323 8.288885e-18
9016.881469080421 1.0488019e-17
9019.539481026519 1.4176852e-17
9022.197492972617 1.08924955e-17
9024.855504918714 8.691527e-18
9027.513516864812 8.738893e-18
9030.17152881091 9.141928e-18
9032.829540757008 9.7911955e-18
9035.487552703105 1.2540418e-17
9038.145564649203 1.1798615e-17
9040.803576595301 9.9561435e-18
9043.461588541399 1.0589789e-17
9046.119600487496 1.2037648e-17
9048.777612433594 1.3109107e-17
9051.435624379692 1.1289723e-17
9054.09363632579 1.0697736e-17
9056.751648271887 1.0505002e-17
9059.409660217985 9.428104e-18
9062.067672164083 9.392907e-18
9064.72568411018 9.711105e-18
9067.383696056278 1.0262225e-17
9070.041708002376 7.386292e-18
9072.699719948474 7.872738e-18
9075.357731894572 1.0293235e-17
9078.01574384067 9.088393e-18
9080.673755786767 9.532665e-18
9083.331767732865 1.1082331e-17
9085.989779678963 1.4652186e-17
9088.64779162506 1.0821287e-17
9091.305803571158 7.592371e-18
9093.963815517256 7.351239e-18
9096.621827463354 1.0740166e-17
9099.279839409452 1.4138553e-17
9101.93785135555 1.5811193e-17
9104.595863301647 1.7250355e-17
9107.253875247745 1.468957e-17
9109.911887193843 1.0127985e-17
9112.56989913994 1.0418591e-17
9115.227911086038 1.07272264e-17
9117.885923032136 9.657763e-18
9120.543934978234 1.1490602e-17
9123.201946924331 1.2101724e-17
9125.85995887043 1.1945742e-17
9128.517970816527 1.4004954e-17
9131.175982762625 1.4078311e-17
9133.833994708722 1.2213447e-17
9136.49200665482 1.1857887e-17
9139.150018600918 1.01413294e-17
9141.808030547016 8.2165455e-18
9144.466042493113 8.307459e-18
9147.124054439211 8.046317e-18
9149.782066385309 8.481522e-18
9152.440078331407 8.1804994e-18
9155.098090277505 8.4178945e-18
9157.756102223602 8.465302e-18
9160.4141141697 9.6135725e-18
9163.072126115798 1.08471775e-17
9165.730138061896 1.0910946e-17
9168.388150007993 8.29924e-18
9171.046161954091 9.6233556e-18
9173.704173900189 1.11144164e-17
9176.362185846287 1.0814328e-17
9179.020197792384 1.2979489e-17
9181.678209738482 1.3559883e-17
9184.33622168458 1.3621312e-17
9186.994233630678 1.12920824e-17
9189.652245576775 1.1356492e-17
9192.310257522873 1.5718475e-17
9194.96826946897 1.438388e-17
9197.626281415069 1.2262335e-17
9200.284293361166 1.3032428e-17
9202.942305307264 1.16965845e-17
9205.600317253362 1.1578758e-17
9208.25832919946 1.6215377e-17
9210.916341145557 1.4447953e-17
9213.574353091655 1.0058396e-17
9216.232365037753 1.1792176e-17
9218.89037698385 1.30031055e-17
9221.548388929948 1.6338086e-17
9224.206400876046 1.6801415e-17
9226.864412822144 1.3700981e-17
9229.522424768242 1.2825784e-17
9232.18043671434 1.3190061e-17
9234.838448660437 1.583117e-17
9237.496460606535 1.8136395e-17
9240.154472552633 1.8025154e-17
9242.81248449873 1.970096e-17
9245.470496444828 1.7616075e-17
9248.128508390926 1.0685502e-17
9250.786520337024 1.0859892e-17
9253.444532283122 1.3612725e-17
9256.10254422922 1.14542495e-17
9258.760556175317 1.511358e-17
9261.418568121415 1.5178233e-17
9264.076580067513 1.4479012e-17
9266.73459201361 1.5061927e-17
9269.392603959708 1.5973493e-17
9272.050615905806 1.5115202e-17
9274.708627851904 1.2808308e-17
9277.366639798001 1.1805214e-17
9280.0246517441 1.4610885e-17
9282.682663690197 1.4537665e-17
9285.340675636295 9.569757e-18
9287.998687582392 8.650834e-18
9290.65669952849 9.006504e-18
9293.314711474588 6.223259e-18
9295.972723420686 4.523255e-18
9298.630735366783 7.699129e-18
9301.288747312881 2.0229943e-17
9303.946759258979 2.4495652e-17
9306.604771205077 1.4589236e-17
9309.262783151175 1.4300259e-17
9311.920795097272 2.3481252e-17
9314.57880704337 2.4661045e-17
9317.236818989468 2.3842164e-17
9319.894830935566 5.756723e-18
9322.552842881663 -2.90964e-18
9325.210854827761 1.1979561e-17
9327.868866773859 2.4134356e-17
9330.526878719957 1.4282992e-17
9333.184890666054 5.2086215e-18
9335.842902612152 3.8868328e-18
9338.50091455825 1.5690849e-18
9341.158926504348 4.7210978e-18
9343.816938450445 7.5903235e-18
9346.474950396543 7.3513584e-18
9349.13296234264 1.0394944e-17
9351.790974288739 8.913833e-18
9354.448986234836 9.463193e-18
9357.106998180934 1.4170904e-17
9359.765010127032 8.339743e-18
9362.42302207313 4.7137437e-18
9365.081034019227 5.327506e-18
9367.739045965325 3.0124872e-18
9370.397057911423 5.6728274e-18
9373.05506985752 -1.4204724e-19
9375.713081803618 -1.0039103e-17
9378.371093749716 3.603047e-18
9381.029105695814 6.3368947e-19
9383.687117641912 -6.1882374e-18
9386.34512958801 2.9973822e-18
9389.003141534107 8.188472e-18
9391.661153480205 5.0232433e-18
9394.319165426303 4.1529326e-18
9396.9771773724 1.3544326e-18
9399.635189318498 -1.9544923e-18
9402.293201264596 2.8745827e-18
9404.951213210694 1.0429996e-17
9407.609225156792 1.15815485e-17
9410.26723710289 7.862813e-18
9412.925249048987 7.2771454e-18
9415.583260995085 5.6842793e-18
9418.241272941183 8.288471e-18
9420.89928488728 1.1135789e-17
9423.557296833378 9.348841e-18
9426.215308779476 1.17077084e-17
9428.873320725574 1.25160574e-17
9431.531332671671 7.915875e-18
9434.18934461777 -1.7028607e-18
9436.847356563867 -1.1218759e-17
9439.505368509965 -1.3190291e-17
9442.163380456062 -5.402163e-18
9444.82139240216 4.1442104e-18
9447.479404348258 1.3114072e-18
9450.137416294356 -1.4391269e-18
9452.795428240453 3.3915226e-18
9455.453440186551 -6.1177755e-20
9458.111452132649 -4.617623e-18
9460.769464078747 3.4129962e-18
9463.427476024845 1.0213581e-17
9466.085487970942 1.0365001e-17
9468.74349991704 1.2827476e-18
9471.401511863138 -7.849953e-19
9474.059523809236 2.2265491e-18
9476.717535755333 5.1736102e-18
9479.375547701431 1.7183195e-17
9482.033559647529 3.0097317e-17
9484.691571593627 2.0572902e-17
9487.349583539724 9.9365865e-18
9490.007595485822 1.0100956e-17
9492.66560743192 5.3211135e-18
9495.323619378018 7.803294e-19
9497.981631324115 -2.0735416e-18
9500.639643270213 -7.655763e-18
9503.29765521631 2.6724123e-18
9505.955667162409 1.3239666e-17
9508.613679108506 8.780323e-18
9511.271691054604 8.439918e-18
9513.929703000702 1.8294054e-17
9516.5877149468 2.0703398e-17
9519.245726892897 2.5245724e-18
9521.903738838995 -1.16241135e-17
9524.561750785093 -9.953633e-18
9527.21976273119 3.8073127e-20
9529.877774677288 4.500907e-18
9532.535786623386 6.102829e-18
9535.193798569484 7.195934e-18
9537.851810515582 6.4696852e-18
9540.50982246168 1.2792653e-17
9543.167834407777 1.0600955e-17
9545.825846353875 9.460427e-18
9548.483858299973 1.060359e-17
9551.14187024607 -1.1395468e-18
9553.799882192168 -2.1515373e-17
9556.457894138266 -2.7899952e-17
9559.115906084364 -2.7408908e-17
9561.773918030462 -3.3348498e-17
9564.43192997656 -3.128018e-17
9567.089941922657 -2.0805014e-17
9569.747953868755 -1.3696409e-17
9572.405965814853 -6.2264048e-18
9575.06397776095 2.312021e-18
9577.721989707048 3.7449717e-18
9580.380001653146 2.5650592e-18
9583.038013599244 8.211595e-18
9585.696025545341 1.7602304e-17
9588.35403749144 1.8039188e-17
9591.012049437537 1.4108394e-17
9593.670061383635 1.4576866e-17
9596.328073329732 1.32235856e-17
9598.98608527583 6.091958e-18
9601.644097221928 -2.7476707e-19
9604.302109168026 3.060045e-18
9606.960121114123 1.0076015e-17
9609.618133060221 1.1996635e-17
9612.276145006319 1.0608365e-17
9614.934156952417 7.491691e-18
9617.592168898515 7.739032e-18
9620.250180844612 9.733016e-18
9622.90819279071 2.2633136e-18
9625.566204736808 -7.2017167e-19
9628.224216682906 3.831024e-18
9630.882228629003 -1.2307628e-18
9633.540240575101 1.7170678e-19
9636.198252521199 6.9290546e-18
9638.856264467297 1.02722084e-17
9641.514276413394 8.770057e-18
9644.172288359492 5.47756e-18
9646.83030030559 5.7566485e-18
9649.488312251688 3.064514e-18
9652.146324197785 2.769925e-18
9654.804336143883 7.924555e-18
9657.46234808998 1.1472608e-17
9660.120360036079 6.939465e-18
9662.778371982176 6.6634646e-19
9665.436383928274 -5.153371e-19
9668.094395874372 -1.5493794e-18
9670.75240782047 4.841324e-18
9673.410419766567 1.501119e-17
9676.068431712665 9.871883e-18
9678.726443658763 3.67552e-18
9681.38445560486 2.4333706e-18
9684.042467550958 2.2548067e-18
9686.700479497056 5.7489607e-18
9689.358491443154 1.00003365e-17
9692.016503389252 7.021742e-18
9694.67451533535 3.0173561e-18
9697.332527281447 1.0900466e-17
9699.990539227545 1.4250949e-17
9702.648551173643 8.081116e-18
9705.30656311974 1.0953816e-17
9707.964575065838 1.464139e-17
9710.622587011936 7.3765295e-18
9713.280598958034 6.3551348e-18
9715.938610904132 1.1778673e-17
9718.59662285023 1.2788864e-17
9721.254634796327 8.620689e-18
9723.912646742425 2.8243852e-18
9726.570658688523 6.44243e-18
9729.22867063462 1.3121816e-17
9731.886682580718 1.404939e-17
9734.544694526816 6.941945e-18
9737.202706472914 -2.0841692e-18
9739.860718419011 -2.1302819e-18
9742.51873036511 1.1223464e-18
9745.176742311207 8.430883e-18
9747.834754257305 1.1238316e-17
9750.492766203402 1.2504548e-17
9753.1507781495 1.1954693e-17
9755.808790095598 4.858915e-18
9758.466802041696 2.640282e-18
9761.124813987793 3.4459418e-18
9763.782825933891 3.5577427e-18
9766.440837879989 2.4162965e-18
9769.098849826087 1.1344744e-18
9771.756861772184 7.237972e-18
9774.414873718282 1.2784913e-17
9777.07288566438 1.2397418e-17
9779.730897610478 2.0225178e-17
9782.388909556576 3.9530634e-17
9785.046921502673 5.349632e-17
9787.704933448771 3.4359637e-17
9790.362945394869 8.440764e-18
9793.020957340967 4.801166e-18
9795.678969287064 1.4210387e-17
9798.336981233162 1.8834949e-17
9800.99499317926 1.6033751e-17
9803.653005125358 9.01883e-18
9806.311017071455 2.742857e-18
9808.969029017553 3.2714123e-18
9811.62704096365 2.7366232e-18
9814.285052909749 1.19419734e-17
9816.943064855846 2.2209747e-17
9819.601076801944 1.9004577e-17
9822.259088748042 1.1851524e-17
9824.91710069414 7.307208e-18
9827.575112640237 7.5551716e-18
9830.233124586335 6.148489e-18
9832.891136532433 4.641576e-18
9835.54914847853 7.228328e-18
9838.207160424628 9.625247e-18
9840.865172370726 1.10992286e-17
9843.523184316824 1.1977791e-17
9846.181196262922 1.0212181e-17
9848.83920820902 1.4073502e-17
9851.497220155117 1.4957849e-17
9854.155232101215 1.7843252e-17
9856.813244047313 1.7162385e-17
9859.47125599341 1.0627248e-17
9862.129267939508 1.0655911e-17
9864.787279885606 9.386186e-18
9867.445291831704 1.6939582e-17
9870.103303777802 3.242735e-17
9872.7613157239 3.337342e-17
9875.419327669997 2.884864e-17
9878.077339616095 2.8163313e-17
9880.735351562193 2.3391091e-17
9883.39336350829 1.7111162e-17
9886.051375454388 1.9763529e-17
9888.709387400486 2.2063594e-17
9891.367399346584 1.8007672e-17
9894.025411292681 1.7841344e-17
9896.68342323878 1.3088173e-17
9899.341435184877 1.1500965e-17
9901.999447130975 1.4650505e-17
9904.657459077072 1.7537278e-17
9907.31547102317 1.7257137e-17
9909.973482969268 1.8242653e-17
9912.631494915366 2.5628823e-17
9915.289506861463 2.3070987e-17
9917.947518807561 1.3874206e-17
9920.605530753659 1.2157988e-17
9923.263542699757 1.3678973e-17
9925.921554645854 1.6167856e-17
9928.579566591952 1.5892381e-17
9931.23757853805 1.1729167e-17
9933.895590484148 9.852282e-18
9936.553602430246 1.25664385e-17
9939.211614376343 1.9476659e-17
9941.869626322441 2.1822934e-17
9944.527638268539 3.2265536e-17
9947.185650214637 2.7703824e-17
9949.843662160734 1.4861612e-17
9952.501674106832 1.5770281e-17
9955.15968605293 1.8399738e-17
9957.817697999028 1.8652221e-17
9960.475709945125 1.4542439e-17
9963.133721891223 9.9514005e-18
9965.79173383732 1.1519426e-17
9968.449745783419 1.4458346e-17
9971.107757729516 1.5607767e-17
9973.765769675614 1.2094338e-17
9976.423781621712 1.169862e-17
9979.08179356781 2.204603e-17
9981.739805513907 2.4413859e-17
9984.397817460005 1.9502725e-17
9987.055829406103 1.8081138e-17
9989.7138413522 1.6645051e-17
9992.371853298298 1.6308643e-17
9995.029865244396 1.6797224e-17
9997.687877190494 1.2794544e-17
10000.345889136592 2.4745956e-18
10003.00390108269 6.097384e-18
10005.661913028787 5.4773075e-18
10008.319924974885 -1.4024113e-17
10010.977936920983 -8.6637805e-18
10013.63594886708 1.4638356e-17
10016.293960813178 1.1297934e-17
10018.951972759276 -3.9736603e-18
10021.609984705374 -1.350361e-18
10024.267996651472 4.0228064e-18
10026.92600859757 1.4942186e-18
10029.584020543667 2.054608e-18
10032.242032489765 3.1863855e-18
10034.900044435863 4.951992e-18
10037.55805638196 3.632403e-18
10040.216068328058 5.815319e-18
10042.874080274156 1.6269443e-17
10045.532092220254 1.4972027e-17
10048.190104166351 9.8729226e-18
10050.84811611245 1.5999342e-17
10053.506128058547 1.7540413e-17
10056.164140004645 1.1665027e-17
10058.822151950742 7.7680325e-18
10061.48016389684 1.4518722e-17
10064.138175842938 1.6749448e-17
10066.796187789036 9.4089206e-18
10069.454199735133 5.745524e-18
10072.112211681231 7.0900306e-18
10074.770223627329 1.0381122e-17
10077.428235573427 1.34657104e-17
10080.086247519524 1.1061405e-17
10082.744259465622 7.3613044e-18
10085.40227141172 1.0824948e-17
10088.060283357818 1.4698406e-17
10090.718295303916 1.7052474e-17
10093.376307250013 1.8737115e-17
10096.034319196111 1.79381e-17
10098.692331142209 1.6130786e-17
10101.350343088307 9.922888e-18
10104.008355034404 1.0703317e-17
10106.666366980502 1.7842572e-17
10109.3243789266 2.0782349e-17
10111.982390872698 1.6915792e-17
10114.640402818795 1.3845528e-17
10117.298414764893 1.3223799e-17
10119.95642671099 9.202068e-18
10122.614438657089 6.0821432e-18
10125.272450603186 7.547484e-18
10127.930462549284 9.754963e-18
10130.588474495382 1.1059009e-17
10133.24648644148 6.747389e-18
10135.904498387577 5.1711655e-18
10138.562510333675 1.0503008e-17
10141.220522279773 9.134602e-18
10143.87853422587 7.645061e-18
10146.536546171968 9.562872e-18
10149.194558118066 7.977181e-18
10151.852570064164 7.4476455e-18
10154.510582010262 9.6300805e-18
10157.16859395636 7.505668e-18
10159.826605902457 8.191288e-18
10162.484617848555 7.756646e-18
10165.142629794653 2.9495482e-18
10167.80064174075 6.0148538e-18
10170.458653686848 1.4921627e-17
10173.116665632946 1.7738433e-17
10175.774677579044 1.6686751e-17
10178.432689525142 1.5044974e-17
10181.09070147124 1.0412903e-17
10183.748713417337 8.255354e-18
10186.406725363435 1.0326936e-17
10189.064737309533 1.0694679e-17
10191.72274925563 8.7760075e-18
10194.380761201728 8.211961e-18
10197.038773147826 9.921032e-18
10199.696785093924 8.742706e-18
10202.354797040021 4.8167397e-18
10205.01280898612 3.5534418e-18
10207.670820932217 2.5586304e-19
10210.328832878315 3.529427e-18
10212.986844824412 9.737057e-18
10215.64485677051 8.450061e-18
10218.302868716608 5.4453904e-18
10220.960880662706 3.2726867e-18
10223.618892608803 3.1927315e-18
10226.276904554901 8.689141e-18
10228.934916500999 1.1647357e-17
10231.592928447097 9.750773e-18
10234.250940393194 8.710012e-18
10236.908952339292 5.797344e-18
10239.56696428539 5.073667e-18
10242.224976231488 2.6978911e-18
10244.882988177586 4.0443147e-18
10247.541000123683 8.211221e-18
10250.199012069781 8.0823685e-18
10252.857024015879 8.32102e-18
10255.515035961977 6.3776324e-18
10258.173047908074 2.7425148e-18
10260.831059854172 3.5950994e-18
10263.48907180027 6.1951886e-18
10266.147083746368 7.6910865e-18
10268.805095692465 5.992033e-18
10271.463107638563 7.411143e-18
10274.12111958466 1.0094967e-17
10276.779131530759 5.318751e-18
10279.437143476856 5.418618e-18
10282.095155422954 4.8188734e-18
10284.753167369052 8.0366296e-18
10287.41117931515 6.9280487e-18
10290.069191261247 3.4955635e-18
10292.727203207345 3.0234469e-18
10295.385215153443 5.776788e-18
10298.04322709954 3.706632e-18
10300.701239045638 -7.6827196e-19
10303.359250991736 4.9725913e-18
10306.017262937834 9.7546705e-18
10308.675274883932 7.0727235e-18
10311.33328683003 2.245317e-18
10313.991298776127 1.4921036e-18
10316.649310722225 6.4409746e-18
10319.307322668323 5.7539118e-18
10321.96533461442 -1.2543937e-18
10324.623346560518 -1.1032588e-18
10327.281358506616 2.8835862e-18
10329.939370452714 3.4639075e-18
10332.597382398812 4.4173653e-18
10335.25539434491 6.913275e-18
10337.913406291007 6.1727824e-18
10340.571418237105 6.8206964e-18
10343.229430183203 5.5571387e-18
10345.8874421293 7.758702e-18
10348.545454075398 1.0611599e-17
10351.203466021496 1.0320552e-17
10353.861477967594 5.2707506e-18
10356.519489913691 5.764575e-18
10359.17750185979 5.4039643e-18
10361.835513805887 4.803301e-18
10364.493525751985 2.445933e-18
10367.151537698082 -3.775481e-18
10369.80954964418 3.365511e-19
10372.467561590278 4.280808e-18
10375.125573536376 -8.958233e-19
10377.783585482473 5.8213712e-18
10380.441597428571 -6.400891e-19
10383.099609374669 2.0919168e-18
