3494.121 -2.9641643e-16
3496.2389000000003 1.0494243e-17
3498.3568000000005 3.1740492e-16
3500.4747000000007 -7.6397296e-17
3502.592600000001 -4.702988e-16
3504.710500000001 -1.938621e-16
3506.8284000000012 8.2827904e-17
3508.9463000000014 1.7489379e-16
3511.0642000000016 2.668637e-16
3513.182100000002 -2.5394927e-16
3515.300000000002 -7.751676e-16
3517.417900000002 -3.346192e-16
3519.5358000000024 1.06792796e-16
3521.6537000000026 4.011494e-16
3523.7716000000028 6.9535306e-16
3525.889500000003 9.252023e-16
3528.007400000003 1.1549755e-15
3530.1253000000033 1.3194996e-15
3532.2432000000035 1.483931e-15
3534.3611000000037 9.035913e-16
3536.479000000004 3.2208941e-16
3538.596900000004 1.6447937e-16
3540.7148000000043 7.631249e-18
3542.8327000000045 3.135697e-16
3544.9506000000047 6.204058e-16
3547.068500000005 1.5079064e-16
3549.186400000005 -3.2044095e-16
3551.3043000000052 1.4462795e-16
3553.4222000000054 6.118681e-16
3555.5401000000056 1.8541861e-16
3557.658000000006 -2.4323057e-16
3559.775900000006 -2.1549603e-16
3561.893800000006 -1.8657325e-16
3564.0117000000064 3.6965442e-16
3566.1296000000066 9.273802e-16
3568.2475000000068 8.483959e-16
3570.365400000007 7.6751196e-16
3572.483300000007 8.518831e-16
3574.6012000000073 9.367866e-16
3576.7191000000075 4.3046717e-16
3578.8370000000077 -7.784091e-17
3580.954900000008 1.5817616e-16
3583.072800000008 3.9680307e-16
3585.1907000000083 3.7176154e-16
3587.3086000000085 3.4573283e-16
3589.4265000000087 5.5225706e-16
3591.544400000009 7.596852e-16
3593.662300000009 5.8661304e-16
3595.7802000000092 4.119714e-16
3597.8981000000094 1.8452255e-16
3600.0160000000096 -4.3151644e-17
3602.13390000001 -2.6765423e-16
3604.25180000001 -4.9214287e-16
3606.36970000001 -5.9757105e-16
3608.4876000000104 -7.024458e-16
3610.6055000000106 -2.986895e-16
3612.7234000000108 1.07504006e-16
3614.841300000011 5.0994666e-16
3616.959200000011 9.123704e-16
3619.0771000000113 6.0748457e-16
3621.1950000000115 2.989396e-16
3623.3129000000117 2.5970186e-16
3625.430800000012 2.2189586e-16
3627.548700000012 2.625738e-16
3629.6666000000123 3.0368778e-16
3631.7845000000125 5.6957984e-16
3633.9024000000127 8.367527e-16
3636.020300000013 5.384783e-16
3638.138200000013 2.368198e-16
3640.2561000000132 3.2391784e-16
3642.3740000000134 4.133797e-16
3644.4919000000136 4.3938532e-16
3646.609800000014 4.64996e-16
3648.727700000014 3.709047e-16
3650.845600000014 2.7603975e-16
3652.9635000000144 2.1168002e-16
3655.0814000000146 1.4752183e-16
3657.199300000015 1.6523515e-16
3659.317200000015 1.8351288e-16
3661.435100000015 2.787654e-16
3663.5530000000153 3.7455593e-16
3665.6709000000155 5.3467615e-16
3667.7888000000157 6.9525523e-16
3669.906700000016 6.0597584e-16
3672.024600000016 5.1484235e-16
3674.1425000000163 4.873966e-16
3676.2604000000165 4.604295e-16
3678.3783000000167 3.9016447e-16
3680.496200000017 3.1956158e-16
3682.614100000017 5.151495e-16
3684.7320000000173 7.128531e-16
3686.8499000000174 6.495006e-16
3688.9678000000176 5.8404817e-16
3691.085700000018 3.5449737e-16
3693.203600000018 1.235794e-16
3695.321500000018 1.900363e-16
3697.4394000000184 2.5899943e-16
3699.5573000000186 3.2440888e-16
3701.675200000019 3.8978736e-16
3703.793100000019 4.2585762e-16
3705.911000000019 4.616682e-16
3708.0289000000193 4.655073e-16
3710.1468000000195 4.690554e-16
3712.2647000000197 4.7260325e-16
3714.38260000002 4.761511e-16
3716.50050000002 4.7969874e-16
3718.6184000000203 4.8324643e-16
3720.7363000000205 4.510782e-16
3722.8542000000207 4.1856602e-16
3724.972100000021 4.747085e-16
3727.090000000021 5.317175e-16
3729.2079000000213 5.7435536e-16
3731.3258000000214 6.1684926e-16
3733.4437000000216 6.182297e-16
3735.561600000022 6.191925e-16
3737.679500000022 6.2015544e-16
3739.797400000022 6.211183e-16
3741.9153000000224 6.2208106e-16
3744.0332000000226 6.230438e-16
3746.151100000023 6.240066e-16
3748.269000000023 6.249693e-16
3750.386900000023 6.259321e-16
3752.5048000000234 6.268949e-16
3754.6227000000235 6.309837e-16
3756.7406000000237 6.3510705e-16
3758.858500000024 5.76012e-16
3760.976400000024 5.162076e-16
3763.0943000000243 4.848216e-16
3765.2122000000245 4.5376137e-16
3767.3301000000247 4.2363474e-16
3769.448000000025 3.93519e-16
3771.565900000025 3.8979363e-16
3773.6838000000253 3.8638096e-16
3775.8017000000254 3.8897156e-16
3777.9196000000256 3.9163413e-16
3780.037500000026 3.877955e-16
3782.155400000026 3.8387798e-16
3784.273300000026 3.5920862e-16
3786.3912000000264 3.3428235e-16
3788.5091000000266 2.5436026e-16
3790.627000000027 1.7374935e-16
3792.744900000027 1.6760659e-16
3794.862800000027 1.6241462e-16
3796.9807000000274 2.0337016e-16
3799.0986000000275 2.4492161e-16
3801.2165000000277 2.7861243e-16
3803.334400000028 3.122006e-16
3805.452300000028 2.7506476e-16
3807.5702000000283 2.3698828e-16
3809.6881000000285 1.9807396e-16
3811.8060000000287 1.5914836e-16
3813.923900000029 1.4827365e-16
3816.041800000029 1.377802e-16
3818.1597000000293 1.2524913e-16
3820.2776000000295 1.1268989e-16
3822.3955000000296 1.00130425e-16
3824.51340000003 8.7570964e-17
3826.63130000003 1.2911542e-16
3828.74920000003 1.7142413e-16
3830.8671000000304 1.3274234e-16
3832.9850000000306 9.289686e-17
3835.102900000031 8.712719e-17
3837.220800000031 8.185211e-17
3839.338700000031 9.1642374e-17
3841.4566000000314 1.0165496e-16
3843.5745000000315 1.1364927e-16
3845.6924000000317 1.256731e-16
3847.810300000032 1.1614827e-16
3849.928200000032 1.0629914e-16
3852.0461000000323 1.169859e-16
3854.1640000000325 1.279867e-16
3856.2819000000327 1.327246e-16
3858.399800000033 1.373658e-16
3860.517700000033 1.4200678e-16
3862.6356000000333 1.4664774e-16
3864.7535000000335 1.5128873e-16
3866.8714000000336 1.5592971e-16
3868.989300000034 1.700963e-16
3871.107200000034 1.8441503e-16
3873.225100000034 1.6434521e-16
3875.3430000000344 1.4371767e-16
3877.4609000000346 1.6391729e-16
3879.578800000035 1.84785e-16
3881.696700000035 1.9923343e-16
3883.814600000035 2.1357524e-16
3885.9325000000354 2.8319244e-16
3888.0504000000356 3.5373576e-16
3890.1683000000357 3.014662e-16
3892.286200000036 2.47121e-16
3894.404100000036 2.4931483e-16
3896.5220000000363 2.5247808e-16
3898.6399000000365 2.482129e-16
3900.7578000000367 2.4381928e-16
3902.875700000037 2.7315298e-16
3904.993600000037 3.0307813e-16
3907.1115000000373 3.0852103e-16
3909.2294000000375 3.1353102e-16
3911.3473000000376 3.381932e-16
3913.465200000038 3.6320577e-16
3915.583100000038 3.6182256e-16
3917.701000000038 3.5996227e-16
3919.8189000000384 3.8145668e-16
3921.9368000000386 4.0337665e-16
3924.054700000039 4.08033e-16
3926.172600000039 4.123697e-16
3928.290500000039 4.0960645e-16
3930.4084000000394 4.0671102e-16
3932.5263000000396 4.1397565e-16
3934.6442000000397 4.214309e-16
3936.76210000004 4.2268792e-16
3938.88000000004 4.2382715e-16
3940.9979000000403 4.2496628e-16
3943.1158000000405 4.2610543e-16
3945.2337000000407 4.2724445e-16
3947.351600000041 4.2838347e-16
3949.469500000041 4.3527168e-16
3951.5874000000413 4.4227224e-16
3953.7053000000415 4.8993534e-16
3955.8232000000417 5.383992e-16
3957.941100000042 5.5807433e-16
3960.059000000042 5.771741e-16
3962.176900000042 5.8677424e-16
3964.2948000000424 5.961836e-16
3966.4127000000426 5.9639055e-16
3968.530600000043 5.9641e-16
3970.648500000043 5.6394067e-16
3972.766400000043 5.3080447e-16
3974.8843000000434 5.5376087e-16
3977.0022000000436 5.778824e-16
3979.1201000000437 6.006869e-16
3981.238000000044 6.2346384e-16
3983.355900000044 5.833498e-16
3985.4738000000443 5.419138e-16
3987.5917000000445 5.703459e-16
3989.7096000000447 6.002672e-16
3991.827500000045 5.630985e-16
3993.945400000045 5.2448995e-16
3996.0633000000453 5.477165e-16
3998.1812000000455 5.722854e-16
4000.2991000000457 5.691842e-16
4002.417000000046 5.654783e-16
4004.534900000046 5.639804e-16
4006.652800000046 5.625312e-16
4008.7707000000464 5.822763e-16
4010.8886000000466 6.0249295e-16
4013.006500000047 5.771404e-16
4015.124400000047 5.5076713e-16
4017.242300000047 5.0138607e-16
4019.3602000000474 4.514839e-16
4021.4781000000476 5.027531e-16
4023.5960000000478 5.5632843e-16
4025.713900000048 5.42885e-16
4027.831800000048 5.27904e-16
4029.9497000000483 5.4867205e-16
4032.0676000000485 5.702691e-16
4034.1855000000487 5.782955e-16
4036.303400000049 5.8600513e-16
4038.421300000049 5.6749635e-16
4040.5392000000493 5.4836924e-16
4042.6571000000495 5.3331825e-16
4044.7750000000497 5.18364e-16
4046.89290000005 5.7091725e-16
4049.01080000005 6.250827e-16
4051.1287000000502 6.2147024e-16
4053.2466000000504 6.164637e-16
4055.3645000000506 5.8904614e-16
4057.482400000051 5.610845e-16
4059.600300000051 5.4509265e-16
4061.718200000051 5.293944e-16
4063.8361000000514 5.0100723e-16
4065.9540000000516 4.7230695e-16
4068.0719000000518 4.6741046e-16
4070.189800000052 4.631049e-16
4072.307700000052 4.7831913e-16
4074.4256000000523 4.940228e-16
4076.5435000000525 4.8926756e-16
4078.6614000000527 4.8399637e-16
4080.779300000053 4.580377e-16
4082.897200000053 4.3155426e-16
4085.0151000000533 4.413171e-16
4087.1330000000535 4.520085e-16
4089.2509000000537 4.29918e-16
4091.368800000054 4.0698281e-16
4093.486700000054 4.3107892e-16
4095.6046000000542 4.563985e-16
4097.722500000054 4.474871e-16
4099.840400000055 4.3768006e-16
4101.958300000055 4.2125265e-16
4104.076200000055 4.0465035e-16
4106.194100000055 4.046306e-16
4108.312000000055 4.050497e-16
4110.429900000056 4.3934524e-16
4112.547800000056 4.745457e-16
4114.665700000056 4.5105044e-16
4116.783600000056 4.259728e-16
4118.901500000056 4.4050417e-16
4121.0194000000565 4.561054e-16
4123.137300000057 4.203704e-16
4125.255200000057 3.8323603e-16
4127.373100000057 3.6742648e-16
4129.491000000057 3.5220355e-16
4131.6089000000575 3.358992e-16
4133.726800000058 3.1956507e-16
4135.844700000058 3.3979346e-16
4137.962600000058 3.6103853e-16
4140.080500000058 3.5041308e-16
4142.198400000058 3.3889346e-16
4144.316300000059 3.547542e-16
4146.434200000059 3.7138999e-16
4148.552100000059 3.9482956e-16
4150.670000000059 4.1846204e-16
4152.787900000059 4.024564e-16
4154.90580000006 3.8531688e-16
4157.02370000006 3.550306e-16
4159.14160000006 3.24365e-16
4161.25950000006 3.3356758e-16
4163.37740000006 3.439226e-16
4165.4953000000605 3.502846e-16
4167.613200000061 3.565302e-16
4169.731100000061 3.7142779e-16
4171.849000000061 3.865798e-16
4173.966900000061 4.088879e-16
4176.0848000000615 4.3140857e-16
4178.202700000062 4.352004e-16
4180.320600000062 4.3843582e-16
4182.438500000062 4.24082e-16
4184.556400000062 4.0920127e-16
4186.674300000062 3.9699121e-16
4188.792200000063 3.8486197e-16
4190.910100000063 3.7675173e-16
4193.028000000063 3.6876313e-16
4195.145900000063 3.69636e-16
4197.263800000063 3.7077922e-16
4199.381700000064 4.0201796e-16
4201.499600000064 4.3418393e-16
4203.617500000064 4.2142361e-16
4205.735400000064 4.0727914e-16
4207.853300000064 4.0107307e-16
4209.9712000000645 3.9511353e-16
4212.089100000065 4.18176e-16
4214.207000000065 4.4214863e-16
4216.324900000065 4.619539e-16
4218.442800000065 4.816274e-16
4220.5607000000655 4.692843e-16
4222.678600000066 4.559291e-16
4224.796500000066 4.6507297e-16
4226.914400000066 4.749349e-16
4229.032300000066 4.610704e-16
4231.150200000066 4.4644274e-16
4233.268100000067 4.476948e-16
4235.386000000067 4.494577e-16
4237.503900000067 4.901143e-16
4239.621800000067 5.3203166e-16
4241.739700000067 5.0101035e-16
4243.857600000068 4.6760253e-16
4245.975500000068 4.5864235e-16
4248.093400000068 4.504821e-16
4250.211300000068 4.731363e-16
4252.329200000068 4.968065e-16
4254.4471000000685 4.9862585e-16
4256.565000000069 4.9971815e-16
4258.682900000069 4.6681606e-16
4260.800800000069 4.3277423e-16
4262.918700000069 4.207696e-16
4265.0366000000695 4.0950374e-16
4267.15450000007 4.2806078e-16
4269.27240000007 4.4762663e-16
4271.39030000007 4.2536147e-16
4273.50820000007 4.0167067e-16
4275.62610000007 4.2539302e-16
4277.744000000071 4.507312e-16
4279.861900000071 4.511666e-16
4281.979800000071 4.507457e-16
4284.097700000071 4.4622347e-16
4286.215600000071 4.4155918e-16
4288.333500000072 4.6723846e-16
4290.451400000072 4.939687e-16
4292.569300000072 4.9095983e-16
4294.687200000072 4.869119e-16
4296.805100000072 4.9932036e-16
4298.9230000000725 5.1230797e-16
4301.040900000073 4.935739e-16
4303.158800000073 4.7371535e-16
4305.276700000073 4.677282e-16
4307.394600000073 4.622334e-16
4309.5125000000735 4.811532e-16
4311.630400000074 5.0094577e-16
4313.748300000074 5.1228674e-16
4315.866200000074 5.233235e-16
4317.984100000074 5.21757e-16
4320.102000000074 5.1973613e-16
4322.219900000075 5.0021425e-16
4324.337800000075 4.8005693e-16
4326.455700000075 4.7861517e-16
4328.573600000075 4.7785766e-16
4330.691500000075 4.8539514e-16
4332.809400000076 4.9323803e-16
4334.927300000076 5.160681e-16
4337.045200000076 5.3945067e-16
4339.163100000076 5.40823e-16
4341.281000000076 5.4137836e-16
4343.3989000000765 5.3694885e-16
4345.516800000077 5.3233305e-16
4347.634700000077 5.0007226e-16
4349.752600000077 4.6677683e-16
4351.870500000077 4.649271e-16
4353.9884000000775 4.642622e-16
4356.106300000078 5.064763e-16
4358.224200000078 5.503169e-16
4360.342100000078 5.5372513e-16
4362.460000000078 5.555976e-16
4364.577900000078 5.867796e-16
4366.695800000079 6.190823e-16
4368.813700000079 5.9898946e-16
4370.931600000079 5.768798e-16
4373.049500000079 5.413255e-16
4375.167400000079 5.052531e-16
4377.28530000008 5.2504745e-16
4379.40320000008 5.470092e-16
4381.52110000008 5.4345666e-16
4383.63900000008 5.3890767e-16
4385.75690000008 5.528478e-16
4387.8748000000805 5.67511e-16
4389.992700000081 5.4747525e-16
4392.110600000081 5.260738e-16
4394.228500000081 5.097962e-16
4396.346400000081 4.9372153e-16
4398.4643000000815 4.88688e-16
4400.582200000082 4.8409463e-16
4402.700100000082 4.8140885e-16
4404.818000000082 4.787992e-16
4406.935900000082 4.7748237e-16
4409.053800000082 4.7621743e-16
4411.171700000083 4.5591824e-16
4413.289600000083 4.3484948e-16
4415.407500000083 4.1822614e-16
4417.525400000083 4.0178277e-16
4419.643300000083 3.8956197e-16
4421.761200000084 3.775132e-16
4423.879100000084 3.786529e-16
4425.997000000084 3.8033328e-16
4428.114900000084 3.8277628e-16
4430.232800000084 3.8525057e-16
4432.3507000000845 3.7579707e-16
4434.468600000085 3.6585095e-16
4436.586500000085 3.5606793e-16
4438.704400000085 3.4629169e-16
4440.822300000085 3.2927201e-16
4442.9402000000855 3.1194908e-16
4445.058100000086 3.1618843e-16
4447.176000000086 3.2133042e-16
4449.293900000086 3.1970245e-16
4451.411800000086 3.1778934e-16
4453.529700000086 2.822779e-16
4455.647600000087 2.4534098e-16
4457.765500000087 2.410258e-16
4459.883400000087 2.3809464e-16
4462.001300000087 2.594288e-16
4464.119200000087 2.817987e-16
4466.237100000088 2.763901e-16
4468.355000000088 2.6978722e-16
4470.472900000088 2.6525072e-16
4472.590800000088 2.6080306e-16
4474.708700000088 2.7344336e-16
4476.826600000089 2.868227e-16
4478.944500000089 2.984611e-16
4481.062400000089 3.1002367e-16
4483.180300000089 2.954265e-16
4485.298200000089 2.7968316e-16
4487.4161000000895 3.0084715e-16
4489.53400000009 3.236282e-16
4491.65190000009 3.2294801e-16
4493.76980000009 3.2123383e-16
4495.88770000009 3.232691e-16
4498.00560000009 3.2547077e-16
4500.123500000091 3.4189892e-16
4502.241400000091 3.5895845e-16
4504.359300000091 3.496097e-16
4506.477200000091 3.390821e-16
4508.595100000091 3.334341e-16
4510.713000000092 3.2800538e-16
4512.830900000092 3.513527e-16
4514.948800000092 3.7599345e-16
4517.066700000092 3.7301407e-16
4519.184600000092 3.687861e-16
4521.302500000093 3.781891e-16
4523.420400000093 3.8821248e-16
4525.538300000093 4.1224305e-16
4527.656200000093 4.3691476e-16
4529.774100000093 4.579854e-16
4531.8920000000935 4.788912e-16
4534.009900000094 4.6357547e-16
4536.127800000094 4.465905e-16
4538.245700000094 4.622877e-16
4540.363600000094 4.794994e-16
4542.4815000000945 4.7837006e-16
4544.599400000095 4.763908e-16
4546.717300000095 4.744119e-16
4548.835200000095 4.72433e-16
4550.953100000095 5.0596004e-16
4553.071000000095 5.4115273e-16
4555.188900000096 5.4508275e-16
4557.306800000096 5.475462e-16
4559.424700000096 5.359492e-16
4561.542600000096 5.2368823e-16
4563.660500000096 5.572138e-16
4565.778400000097 5.929133e-16
4567.896300000097 6.1999175e-16
4570.014200000097 6.4665857e-16
4572.132100000097 6.615069e-16
4574.250000000097 6.757904e-16
4576.3679000000975 6.8505187e-16
4578.485800000098 6.9407203e-16
4580.603700000098 7.0041927e-16
4582.721600000098 7.066374e-16
4584.839500000098 7.16508e-16
4586.9574000000985 7.2655506e-16
4589.075300000099 7.5707773e-16
4591.193200000099 7.88596e-16
4593.311100000099 7.958858e-16
4595.429000000099 8.0199134e-16
4597.546900000099 8.3125214e-16
4599.6648000001 8.616507e-16
4601.7827000001 8.8047286e-16
4603.9006000001 8.987255e-16
4606.0185000001 9.049298e-16
4608.1364000001 9.105382e-16
4610.254300000101 9.298707e-16
4612.372200000101 9.498853e-16
4614.490100000101 9.818883e-16
4616.608000000101 1.014488e-15
4618.725900000101 1.0151427e-15
4620.8438000001015 1.0141993e-15
4622.961700000102 1.0320238e-15
4625.079600000102 1.050792e-15
4627.197500000102 1.0567875e-15
4629.315400000102 1.06214e-15
4631.4333000001025 1.0526285e-15
4633.551200000103 1.0423648e-15
4635.669100000103 1.0811087e-15
4637.787000000103 1.122345e-15
4639.904900000103 1.1187376e-15
4642.022800000103 1.1128472e-15
4644.140700000104 1.1214759e-15
4646.258600000104 1.1308474e-15
4648.376500000104 1.1387664e-15
4650.494400000104 1.1466107e-15
4652.612300000104 1.1844504e-15
4654.730200000105 1.2238345e-15
4656.848100000105 1.2211163e-15
4658.966000000105 1.2162195e-15
4661.083900000105 1.2323256e-15
4663.201800000105 1.2495239e-15
4665.3197000001055 1.2544411e-15
4667.437600000106 1.2587163e-15
4669.555500000106 1.2607717e-15
4671.673400000106 1.262711e-15
4673.791300000106 1.2566298e-15
4675.9092000001065 1.2501269e-15
4678.027100000107 1.2544777e-15
4680.145000000107 1.259402e-15
4682.262900000107 1.2624309e-15
4684.380800000107 1.2653595e-15
4686.498700000107 1.2520044e-15
4688.616600000108 1.2377835e-15
4690.734500000108 1.2395172e-15
4692.852400000108 1.2421031e-15
4694.970300000108 1.2338686e-15
4697.088200000108 1.2250555e-15
4699.206100000109 1.22778e-15
4701.324000000109 1.2311245e-15
4703.441900000109 1.2155066e-15
4705.559800000109 1.1988648e-15
4707.677700000109 1.1918724e-15
4709.7956000001095 1.1854043e-15
4711.91350000011 1.1753511e-15
4714.03140000011 1.1651031e-15
4716.14930000011 1.1316997e-15
4718.26720000011 1.0970324e-15
4720.3851000001105 1.1075477e-15
4722.503000000111 1.1205429e-15
4724.620900000111 1.1116723e-15
4726.738800000111 1.1016015e-15
4728.856700000111 1.0803444e-15
4730.974600000111 1.0584702e-15
4733.092500000112 1.0611797e-15
4735.210400000112 1.0652516e-15
4737.328300000112 1.0536772e-15
4739.446200000112 1.0412349e-15
4741.564100000112 1.0268985e-15
4743.682000000113 1.0124566e-15
4745.799900000113 9.911139e-16
4747.917800000113 9.693848e-16
4750.035700000113 9.675933e-16
4752.153600000113 9.669244e-16
4754.2715000001135 9.445795e-16
4756.389400000114 9.21014e-16
4758.507300000114 9.092208e-16
4760.625200000114 8.980938e-16
4762.743100000114 8.7850737e-16
4764.8610000001145 8.5843973e-16
4766.978900000115 8.5575114e-16
4769.096800000115 8.5405114e-16
4771.214700000115 8.4954234e-16
4773.332600000115 8.44873e-16
4775.450500000115 8.213773e-16
4777.568400000116 7.967997e-16
4779.686300000116 7.5607e-16
4781.804200000116 7.144121e-16
4783.922100000116 6.953112e-16
4786.040000000116 6.7751254e-16
4788.157900000117 6.535874e-16
4790.275800000117 6.2930657e-16
4792.393700000117 5.8908e-16
4794.511600000117 5.479236e-16
4796.629500000117 5.2220666e-16
4798.7474000001175 4.973901e-16
4800.865300000118 4.7580165e-16
4802.983200000118 4.544025e-16
4805.101100000118 4.444801e-16
4807.219000000118 4.352337e-16
4809.3369000001185 4.2295365e-16
4811.454800000119 4.104949e-16
4813.572700000119 4.1262037e-16
4815.690600000119 4.1560945e-16
4817.808500000119 4.0944329e-16
4819.926400000119 4.027326e-16
4822.04430000012 3.9812812e-16
4824.16220000012 3.936495e-16
4826.28010000012 3.933847e-16
4828.39800000012 3.9337168e-16
4830.51590000012 3.9479144e-16
4832.633800000121 3.9629728e-16
4834.751700000121 3.9770918e-16
4836.869600000121 3.9911539e-16
4838.987500000121 4.0065902e-16
4841.105400000121 4.0221097e-16
4843.2233000001215 3.905791e-16
4845.341200000122 3.7814764e-16
4847.459100000122 3.7597323e-16
4849.577000000122 3.7442358e-16
4851.694900000122 3.8453025e-16
4853.8128000001225 3.953469e-16
4855.930700000123 3.922582e-16
4858.048600000123 3.8831802e-16
4860.166500000123 3.8531786e-16
4862.284400000123 3.8237545e-16
4864.402300000123 3.9097633e-16
4866.520200000124 4.0029017e-16
4868.638100000124 4.169467e-16
4870.756000000124 4.3405716e-16
4872.873900000124 4.2616594e-16
4874.991800000124 4.1672253e-16
4877.109700000125 4.150559e-16
4879.227600000125 4.138742e-16
4881.345500000125 4.2294166e-16
4883.463400000125 4.3264865e-16
4885.581300000125 4.133072e-16
4887.6992000001255 3.9214528e-16
4889.817100000126 3.7137585e-16
4891.935000000126 3.5063111e-16
4894.052900000126 3.573801e-16
4896.170800000126 3.6586085e-16
4898.2887000001265 3.6861286e-16
4900.406600000127 3.7100247e-16
4902.524500000127 3.779254e-16
4904.642400000127 3.8513633e-16
4906.760300000127 3.8810277e-16
4908.878200000127 3.9079845e-16
4910.996100000128 3.8508336e-16
4913.114000000128 3.7883128e-16
4915.231900000128 3.824254e-16
4917.349800000128 3.8665074e-16
4919.467700000128 3.8023764e-16
4921.585600000129 3.7313967e-16
4923.703500000129 3.800443e-16
4925.821400000129 3.878512e-16
4927.939300000129 3.9331366e-16
4930.057200000129 3.9862445e-16
4932.1751000001295 4.0899102e-16
4934.29300000013 4.1968608e-16
4936.41090000013 4.376541e-16
4938.52880000013 4.56095e-16
4940.64670000013 4.6780936e-16
4942.7646000001305 4.790845e-16
4944.882500000131 4.786788e-16
4947.000400000131 4.7750736e-16
4949.118300000131 4.718295e-16
4951.236200000131 4.65856e-16
4953.354100000131 4.7130316e-16
4955.472000000132 4.775027e-16
4957.589900000132 4.974371e-16
4959.707800000132 5.1828003e-16
4961.825700000132 5.207151e-16
4963.943600000132 5.2193154e-16
4966.061500000133 5.3632993e-16
4968.179400000133 5.516045e-16
4970.297300000133 5.567407e-16
4972.415200000133 5.6120025e-16
4974.533100000133 5.719479e-16
4976.6510000001335 5.8311723e-16
4978.768900000134 6.0521605e-16
4980.886800000134 6.280478e-16
4983.004700000134 6.3671535e-16
4985.122600000134 6.4442923e-16
4987.2405000001345 6.3814446e-16
4989.358400000135 6.3091344e-16
4991.476300000135 6.242479e-16
4993.594200000135 6.176206e-16
4995.712100000135 6.2976714e-16
4997.830000000135 6.4318886e-16
4999.947900000136 6.527167e-16
5002.065800000136 6.61979e-16
5004.183700000136 6.708278e-16
5006.301600000136 6.7964833e-16
5008.419500000136 6.6856596e-16
5010.537400000137 6.5612003e-16
5012.655300000137 6.4910565e-16
5014.773200000137 6.424648e-16
5016.891100000137 6.3503754e-16
5019.009000000137 6.2755596e-16
5021.1269000001375 6.1177045e-16
5023.244800000138 5.9541106e-16
5025.362700000138 5.8491765e-16
5027.480600000138 5.7483123e-16
5029.598500000138 5.50103e-16
5031.7164000001385 5.2435426e-16
5033.834300000139 5.029574e-16
5035.952200000139 4.8186386e-16
5038.070100000139 4.650519e-16
5040.188000000139 4.485395e-16
5042.305900000139 4.3870123e-16
5044.42380000014 4.293321e-16
5046.54170000014 4.2327136e-16
5048.65960000014 4.1744322e-16
5050.77750000014 3.9993788e-16
5052.89540000014 3.816085e-16
5055.013300000141 3.821969e-16
5057.131200000141 3.841264e-16
5059.249100000141 3.7485612e-16
5061.367000000141 3.6478887e-16
5063.484900000141 3.6758615e-16
5065.6028000001415 3.7129885e-16
5067.720700000142 3.7034435e-16
5069.838600000142 3.6905623e-16
5071.956500000142 3.6961267e-16
5074.074400000142 3.703015e-16
5076.1923000001425 3.7688162e-16
5078.310200000143 3.838845e-16
5080.428100000143 3.7817856e-16
5082.546000000143 3.715572e-16
5084.663900000143 3.7043366e-16
5086.781800000143 3.6970789e-16
5088.899700000144 3.5930505e-16
5091.017600000144 3.4819942e-16
5093.135500000144 3.582955e-16
5095.253400000144 3.6993134e-16
5097.371300000144 3.7955525e-16
5099.489200000145 3.8903239e-16
5101.607100000145 3.8490149e-16
5103.725000000145 3.7977416e-16
5105.842900000145 3.8842303e-16
5107.960800000145 3.9808066e-16
5110.078700000146 3.95707e-16
5112.196600000146 3.9244844e-16
5114.314500000146 3.9221072e-16
5116.432400000146 3.9219603e-16
5118.550300000146 4.0266665e-16
5120.6682000001465 4.1391133e-16
5122.786100000147 4.163862e-16
5124.904000000147 4.182108e-16
5127.021900000147 4.2223314e-16
5129.139800000147 4.2641904e-16
5131.257700000147 4.2800903e-16
5133.375600000148 4.294051e-16
5135.493500000148 4.3156636e-16
5137.611400000148 4.3378482e-16
5139.729300000148 4.406606e-16
5141.847200000148 4.478858e-16
5143.965100000149 4.545488e-16
5146.083000000149 4.611694e-16
5148.200900000149 4.5765444e-16
5150.318800000149 4.533757e-16
5152.436700000149 4.5373337e-16
5154.55460000015 4.5444165e-16
5156.67250000015 4.695385e-16
5158.79040000015 4.8572734e-16
5160.90830000015 4.9064124e-16
5163.02620000015 4.9469885e-16
5165.1441000001505 4.949409e-16
5167.262000000151 4.94892e-16
5169.379900000151 4.958212e-16
5171.497800000151 4.968252e-16
5173.615700000151 4.975974e-16
5175.7336000001515 4.9835173e-16
5177.851500000152 5.07257e-16
5179.969400000152 5.1678857e-16
5182.087300000152 5.110762e-16
5184.205200000152 5.0418853e-16
5186.323100000152 4.965186e-16
5188.441000000153 4.8878804e-16
5190.558900000153 5.099913e-16
5192.676800000153 5.3343483e-16
5194.794700000153 5.4645605e-16
5196.912600000153 5.5866746e-16
5199.030500000154 5.467137e-16
5201.148400000154 5.328757e-16
5203.266300000154 5.2930745e-16
5205.384200000154 5.2654056e-16
5207.502100000154 5.366969e-16
5209.6200000001545 5.4786525e-16
5211.737900000155 5.5382085e-16
5213.855800000155 5.5936674e-16
5215.973700000155 5.6291284e-16
5218.091600000155 5.6630166e-16
5220.2095000001555 5.659233e-16
5222.327400000156 5.652477e-16
5224.445300000156 5.5312766e-16
5226.563200000156 5.401014e-16
5228.681100000156 5.416464e-16
5230.799000000156 5.4434604e-16
5232.916900000157 5.4714167e-16
5235.034800000157 5.4994493e-16
5237.152700000157 5.4967054e-16
5239.270600000157 5.4915057e-16
5241.388500000157 5.487145e-16
5243.506400000158 5.4828517e-16
5245.624300000158 5.508083e-16
5247.742200000158 5.5356806e-16
5249.860100000158 5.597405e-16
5251.978000000158 5.661873e-16
5254.0959000001585 5.738994e-16
5256.213800000159 5.8171353e-16
5258.331700000159 5.873923e-16
5260.449600000159 5.928987e-16
5262.567500000159 5.973461e-16
5264.6854000001595 6.0170775e-16
5266.80330000016 6.12502e-16
5268.92120000016 6.2381917e-16
5271.03910000016 6.187211e-16
5273.15700000016 6.122879e-16
5275.27490000016 6.109741e-16
5277.392800000161 6.100781e-16
5279.510700000161 6.0912723e-16
5281.628600000161 6.081719e-16
5283.746500000161 6.118938e-16
5285.864400000161 6.160002e-16
5287.982300000162 6.163251e-16
5290.100200000162 6.163391e-16
5292.218100000162 6.1111537e-16
5294.336000000162 6.054595e-16
5296.453900000162 6.1812346e-16
5298.5718000001625 6.3230475e-16
5300.689700000163 6.490168e-16
5302.807600000163 6.6593847e-16
5304.925500000163 6.685327e-16
5307.043400000163 6.6993625e-16
5309.1613000001635 6.715729e-16
5311.279200000164 6.7322893e-16
5313.397100000164 6.6273663e-16
5315.515000000164 6.5123075e-16
5317.632900000164 6.493295e-16
5319.750800000164 6.482322e-16
5321.868700000165 6.7047184e-16
5323.986600000165 6.946729e-16
5326.104500000165 6.9608384e-16
5328.222400000165 6.9557303e-16
5330.340300000165 6.9001564e-16
5332.458200000166 6.8403273e-16
5334.576100000166 6.922231e-16
5336.694000000166 7.0161253e-16
5338.811900000166 6.940662e-16
5340.929800000166 6.8508147e-16
5343.0477000001665 6.8637584e-16
5345.165600000167 6.8854324e-16
5347.283500000167 6.8943484e-16
5349.401400000167 6.902177e-16
5351.519300000167 6.901278e-16
5353.6372000001675 6.899633e-16
5355.755100000168 6.9514385e-16
5357.873000000168 7.007831e-16
5359.990900000168 7.007955e-16
5362.108800000168 7.003251e-16
5364.226700000168 6.902546e-16
5366.344600000169 6.79357e-16
5368.462500000169 6.7300177e-16
5370.580400000169 6.6703913e-16
5372.698300000169 6.6480996e-16
5374.816200000169 6.629035e-16
5376.93410000017 6.6667655e-16
5379.05200000017 6.709425e-16
5381.16990000017 6.722536e-16
5383.28780000017 6.7330744e-16
5385.40570000017 6.763879e-16
5387.5236000001705 6.796447e-16
5389.641500000171 6.7603854e-16
5391.759400000171 6.718327e-16
5393.877300000171 6.544586e-16
5395.995200000171 6.3593005e-16
5398.1131000001715 6.30463e-16
5400.231000000172 6.2614454e-16
5402.348900000172 6.326258e-16
5404.466800000172 6.400574e-16
5406.584700000172 6.37364e-16
5408.702600000172 6.337768e-16
5410.820500000173 6.2085286e-16
5412.938400000173 6.0710213e-16
5415.056300000173 5.9945803e-16
5417.174200000173 5.92355e-16
5419.292100000173 5.899642e-16
5421.410000000174 5.879922e-16
5423.527900000174 5.801601e-16
5425.645800000174 5.718053e-16
5427.763700000174 5.7659285e-16
5429.881600000174 5.8255236e-16
5431.9995000001745 5.795328e-16
5434.117400000175 5.757095e-16
5436.235300000175 5.553254e-16
5438.353200000175 5.334543e-16
5440.471100000175 5.2963255e-16
5442.5890000001755 5.2743656e-16
5444.706900000176 5.105848e-16
5446.824800000176 4.924122e-16
5448.942700000176 4.8193274e-16
5451.060600000176 4.721488e-16
5453.178500000176 4.6049126e-16
5455.296400000177 4.486638e-16
5457.414300000177 4.3946242e-16
5459.532200000177 4.3049936e-16
5461.650100000177 4.5902494e-16
5463.768000000177 4.9096295e-16
5465.885900000178 4.700032e-16
5468.003800000178 4.442135e-16
5470.121700000178 4.382244e-16
5472.239600000178 4.3404435e-16
5474.357500000178 4.3671084e-16
5476.4754000001785 4.400048e-16
5478.593300000179 4.3323737e-16
5480.711200000179 4.2554506e-16
5482.829100000179 4.2415874e-16
5484.947000000179 4.2335244e-16
5487.0649000001795 4.1884472e-16
5489.18280000018 4.1399548e-16
5491.30070000018 4.002477e-16
5493.41860000018 3.8567641e-16
5495.53650000018 3.8729443e-16
5497.65440000018 3.9041162e-16
5499.772300000181 3.9485058e-16
5501.890200000181 3.9941227e-16
5504.008100000181 4.1662996e-16
5506.126000000181 4.3502675e-16
5508.243900000181 4.374151e-16
5510.361800000182 4.3830747e-16
5512.479700000182 4.248611e-16
5514.597600000182 4.1007403e-16
5516.715500000182 4.132229e-16
5518.833400000182 4.180539e-16
5520.9513000001825 4.2405164e-16
5523.069200000183 4.3015914e-16
5525.187100000183 4.2701713e-16
5527.305000000183 4.230045e-16
5529.422900000183 4.242408e-16
5531.5408000001835 4.2597263e-16
5533.658700000184 4.2469883e-16
5535.776600000184 4.231404e-16
5537.894500000184 4.2069906e-16
5540.012400000184 4.1817408e-16
5542.130300000184 4.2036482e-16
5544.248200000185 4.230037e-16
5546.366100000185 4.2818603e-16
5548.484000000185 4.3361083e-16
5550.601900000185 4.2841177e-16
5552.719800000185 4.221965e-16
5554.837700000186 4.3059354e-16
5556.955600000186 4.4038828e-16
5559.073500000186 4.3760978e-16
5561.191400000186 4.3362502e-16
5563.309300000186 4.134611e-16
5565.4272000001865 3.917395e-16
5567.545100000187 3.9314214e-16
5569.663000000187 3.9677114e-16
5571.780900000187 3.985986e-16
5573.898800000187 4.0025208e-16
5576.0167000001875 3.8794173e-16
5578.134600000188 3.7427903e-16
5580.252500000188 3.655082e-16
5582.370400000188 3.572114e-16
5584.488300000188 3.6155887e-16
5586.606200000188 3.6713518e-16
5588.724100000189 3.6886848e-16
5590.842000000189 3.7022717e-16
5592.959900000189 3.5944338e-16
5595.077800000189 3.474719e-16
5597.195700000189 3.4809094e-16
5599.31360000019 3.4994152e-16
5601.43150000019 3.4610587e-16
5603.54940000019 3.4171244e-16
5605.66730000019 3.300615e-16
5607.78520000019 3.176962e-16
5609.9031000001905 3.0942738e-16
5612.021000000191 3.0156183e-16
5614.138900000191 2.998327e-16
5616.256800000191 2.9870937e-16
5618.374700000191 2.8714454e-16
5620.4926000001915 2.7454532e-16
5622.610500000192 2.6594243e-16
5624.728400000192 2.577366e-16
5626.846300000192 2.483262e-16
5628.964200000192 2.3879616e-16
5631.082100000192 2.424461e-16
5633.200000000193 2.4741e-16
5635.317900000193 2.4056869e-16
5637.435800000193 2.3254707e-16
5639.553700000193 2.2967912e-16
5641.671600000193 2.2732646e-16
5643.789500000194 2.24022e-16
5645.907400000194 2.2062205e-16
5648.025300000194 2.1794103e-16
5650.143200000194 2.1533233e-16
5652.261100000194 2.0334903e-16
5654.3790000001945 1.9042256e-16
5656.496900000195 1.8238654e-16
5658.614800000195 1.748442e-16
5660.732700000195 1.7014496e-16
5662.850600000195 1.6573356e-16
5664.9685000001955 1.6946678e-16
5667.086400000196 1.7402686e-16
5669.204300000196 1.7629536e-16
5671.322200000196 1.783312e-16
5673.440100000196 1.6195609e-16
5675.558000000196 1.4370549e-16
5677.675900000197 1.2000147e-16
5679.793800000197 9.574035e-17
5681.911700000197 1.10269145e-16
5684.029600000197 1.287605e-16
5686.147500000197 1.4779825e-16
5688.265400000198 1.6689203e-16
5690.383300000198 1.6346594e-16
5692.501200000198 1.5772513e-16
5694.619100000198 1.5054786e-16
5696.737000000198 1.4322293e-16
5698.8549000001985 1.3183639e-16
5700.972800000199 1.2003097e-16
5703.090700000199 1.077589e-16
5705.208600000199 9.543858e-17
5707.326500000199 9.7293334e-17
5709.4444000001995 1.00618124e-16
5711.5623000002 1.118927e-16
5713.6802000002 1.2399216e-16
5715.7981000002 1.3082911e-16
5717.9160000002 1.3711849e-16
5720.0339000002 1.3672e-16
5722.151800000201 1.3562371e-16
5724.269700000201 1.3314228e-16
5726.387600000201 1.3051624e-16
5728.505500000201 1.2276039e-16
5730.623400000201 1.1446754e-16
5732.741300000202 1.063979e-16
5734.859200000202 9.835168e-17
5736.977100000202 1.0143383e-16
5739.095000000202 1.05684784e-16
5741.212900000202 1.0728722e-16
5743.3308000002025 1.08610714e-16
5745.448700000203 1.1536347e-16
5747.566600000203 1.2268959e-16
5749.684500000203 1.1732329e-16
5751.802400000203 1.1061292e-16
5753.9203000002035 1.1337413e-16
5756.038200000204 1.1713887e-16
5758.156100000204 1.2747684e-16
5760.274000000204 1.3851317e-16
5762.391900000204 1.4352239e-16
5764.509800000204 1.4788952e-16
5766.627700000205 1.4043767e-16
5768.745600000205 1.3172605e-16
5770.863500000205 1.5095677e-16
5772.981400000205 1.7317391e-16
5775.099300000205 1.8224693e-16
5777.217200000206 1.8991135e-16
5779.335100000206 1.98287e-16
5781.453000000206 2.0673892e-16
5783.570900000206 2.1067063e-16
5785.688800000206 2.1411636e-16
5787.806700000207 2.298036e-16
5789.924600000207 2.4681055e-16
5792.042500000207 2.529875e-16
5794.160400000207 2.579963e-16
5796.278300000207 2.6819755e-16
5798.3962000002075 2.7896035e-16
5800.514100000208 2.9095285e-16
5802.632000000208 3.030787e-16
5804.749900000208 3.133067e-16
5806.867800000208 3.2332873e-16
5808.985700000208 3.1725714e-16
5811.103600000209 3.0943471e-16
5813.221500000209 3.1965681e-16
5815.339400000209 3.3184723e-16
5817.457300000209 3.5979675e-16
5819.575200000209 3.8947075e-16
5821.69310000021 3.986588e-16
5823.81100000021 4.056051e-16
5825.92890000021 4.0806977e-16
5828.04680000021 4.1004272e-16
5830.16470000021 4.263422e-16
5832.282600000211 4.4421775e-16
5834.400500000211 4.535158e-16
5836.518400000211 4.6186975e-16
5838.636300000211 4.5583555e-16
5840.754200000211 4.482135e-16
5842.8721000002115 4.6237835e-16
5844.990000000212 4.7895393e-16
5847.107900000212 5.025979e-16
5849.225800000212 5.2702655e-16
5851.343700000212 5.253266e-16
5853.4616000002125 5.207264e-16
5855.579500000213 5.246105e-16
5857.697400000213 5.2943884e-16
5859.815300000213 5.428209e-16
5861.933200000213 5.5715794e-16
5864.051100000213 5.718992e-16
5866.169000000214 5.8668557e-16
5868.286900000214 5.9315356e-16
5870.404800000214 5.986905e-16
5872.522700000214 5.966571e-16
5874.640600000214 5.9377364e-16
5876.758500000215 6.054163e-16
5878.876400000215 6.1869e-16
5880.994300000215 5.9893837e-16
5883.112200000215 5.7546884e-16
5885.230100000215 5.895515e-16
5887.3480000002155 6.078748e-16
5889.465900000216 6.22306e-16
5891.583800000216 6.362966e-16
5893.701700000216 6.3363364e-16
5895.819600000216 6.290852e-16
5897.9375000002165 6.293878e-16
5900.055400000217 6.302413e-16
5902.173300000217 6.4960254e-16
5904.291200000217 6.7107106e-16
5906.409100000217 6.6678317e-16
5908.527000000217 6.5956253e-16
5910.644900000218 6.5406296e-16
5912.762800000218 6.487599e-16
5914.880700000218 6.3916937e-16
5916.998600000218 6.290878e-16
5919.116500000218 6.3931935e-16
5921.234400000219 6.5187693e-16
5923.352300000219 6.5961097e-16
5925.470200000219 6.667912e-16
5927.588100000219 6.5953426e-16
5929.706000000219 6.506148e-16
5931.8239000002195 6.393665e-16
5933.94180000022 6.2784946e-16
5936.05970000022 6.186814e-16
5938.17760000022 6.097845e-16
5940.29550000022 6.1580333e-16
5942.4134000002205 6.2354934e-16
5944.531300000221 6.230637e-16
5946.649200000221 6.216225e-16
5948.767100000221 6.125234e-16
5950.885000000221 6.0253535e-16
5953.002900000221 5.958192e-16
5955.120800000222 5.8948406e-16
5957.238700000222 5.855142e-16
5959.356600000222 5.818205e-16
5961.474500000222 5.8866185e-16
5963.592400000222 5.96733e-16
5965.710300000223 5.76345e-16
5967.828200000223 5.526245e-16
5969.946100000223 5.5279567e-16
5972.064000000223 5.557714e-16
5974.181900000223 5.4313844e-16
5976.2998000002235 5.2866857e-16
5978.417700000224 5.175607e-16
5980.535600000224 5.0684863e-16
5982.653500000224 4.900272e-16
5984.771400000224 4.7248467e-16
5986.8893000002245 4.642798e-16
5989.007200000225 4.5717984e-16
5991.125100000225 4.622283e-16
5993.243000000225 4.687151e-16
5995.360900000225 4.6682156e-16
5997.478800000225 4.6393334e-16
5999.596700000226 4.5128317e-16
6001.714600000226 4.374715e-16
6003.832500000226 4.2612846e-16
6005.950400000226 4.1507934e-16
6008.068300000226 4.1364372e-16
6010.186200000227 4.1335536e-16
6012.304100000227 4.1332325e-16
6014.422000000227 4.1332177e-16
6016.539900000227 3.9190325e-16
6018.657800000227 3.6791617e-16
6020.7757000002275 3.6797615e-16
6022.893600000228 3.7092152e-16
6025.011500000228 3.6146647e-16
6027.129400000228 3.505198e-16
6029.247300000228 3.3980196e-16
6031.3652000002285 3.2911171e-16
6033.483100000229 3.3706284e-16
6035.601000000229 3.4726291e-16
6037.718900000229 3.4617125e-16
6039.836800000229 3.4371403e-16
6041.954700000229 3.32265e-16
6044.07260000023 3.1972585e-16
6046.19050000023 3.0615037e-16
6048.30840000023 2.9244922e-16
6050.42630000023 2.8701846e-16
6052.54420000023 2.825933e-16
6054.662100000231 2.7932118e-16
6056.780000000231 2.761896e-16
6058.897900000231 2.6939994e-16
6061.015800000231 2.6216424e-16
6063.133700000231 2.6524522e-16
6065.2516000002315 2.6958737e-16
6067.369500000232 2.6563324e-16
6069.487400000232 2.6066245e-16
6071.605300000232 2.5986187e-16
6073.723200000232 2.5957258e-16
6075.8411000002325 2.6634371e-16
6077.959000000233 2.7398257e-16
6080.076900000233 2.8139687e-16
6082.194800000233 2.887835e-16
6084.312700000233 2.6959018e-16
6086.430600000233 2.4711437e-16
6088.548500000234 2.4844014e-16
6090.666400000234 2.527067e-16
6092.784300000234 2.5716362e-16
6094.902200000234 2.6164414e-16
6097.020100000234 2.618449e-16
6099.138000000235 2.6151438e-16
6101.255900000235 2.6957268e-16
6103.373800000235 2.7867297e-16
6105.491700000235 2.764936e-16
6107.609600000235 2.729098e-16
6109.7275000002355 2.8300816e-16
6111.845400000236 2.9481416e-16
6113.963300000236 3.02159e-16
6116.081200000236 3.0894547e-16
6118.199100000236 3.0855007e-16
6120.3170000002365 3.0725572e-16
6122.434900000237 3.047767e-16
6124.552800000237 3.0214904e-16
6126.670700000237 2.9898484e-16
6128.788600000237 2.9575312e-16
6130.906500000237 2.905092e-16
6133.024400000238 2.8501205e-16
6135.142300000238 2.8933534e-16
6137.260200000238 2.9489717e-16
6139.378100000238 3.0179998e-16
6141.496000000238 3.0887242e-16
6143.613900000239 3.083149e-16
6145.731800000239 3.0679234e-16
6147.849700000239 3.1570286e-16
6149.967600000239 3.259361e-16
6152.085500000239 3.2658427e-16
6154.2034000002395 3.2601377e-16
6156.32130000024 3.1939087e-16
6158.43920000024 3.1199667e-16
6160.55710000024 3.2039662e-16
6162.67500000024 3.308094e-16
6164.7929000002405 3.2837077e-16
6166.910800000241 3.2428966e-16
6169.028700000241 3.171273e-16
6171.146600000241 3.0957021e-16
6173.264500000241 3.11339e-16
6175.382400000241 3.1430243e-16
6177.500300000242 3.2091008e-16
6179.618200000242 3.2798564e-16
6181.736100000242 3.2829713e-16
6183.854000000242 3.2773764e-16
6185.971900000242 3.0180583e-16
6188.089800000243 2.72607e-16
6190.207700000243 2.8075301e-16
6192.325600000243 2.93719e-16
6194.443500000243 3.0115542e-16
6196.561400000243 3.078762e-16
6198.6793000002435 3.0070038e-16
6200.797200000244 2.917218e-16
6202.915100000244 3.0117167e-16
6205.033000000244 3.1301224e-16
6207.150900000244 3.2259268e-16
6209.2688000002445 3.318791e-16
6211.386700000245 3.2647003e-16
6213.504600000245 3.1914478e-16
6215.622500000245 3.107882e-16
6217.740400000245 3.0229717e-16
6219.858300000245 3.0449357e-16
6221.976200000246 3.080874e-16
6224.094100000246 3.1158893e-16
6226.212000000246 3.1507836e-16
6228.329900000246 3.1959397e-16
6230.447800000246 3.242441e-16
6232.565700000247 3.3236046e-16
6234.683600000247 3.4093232e-16
6236.801500000247 3.3514627e-16
6238.919400000247 3.27469e-16
6241.037300000247 3.1197918e-16
6243.1552000002475 2.954579e-16
6245.273100000248 2.9579605e-16
6247.391000000248 2.9836108e-16
6249.508900000248 3.06213e-16
6251.626800000248 3.147648e-16
6253.7447000002485 3.0486045e-16
6255.862600000249 2.9250716e-16
6257.980500000249 2.9837471e-16
6260.098400000249 3.0666105e-16
6262.216300000249 3.103828e-16
6264.334200000249 3.1349724e-16
6266.45210000025 3.104502e-16
6268.57000000025 3.0658148e-16
6270.68790000025 3.000506e-16
6272.80580000025 2.9316393e-16
6274.92370000025 2.942227e-16
6277.041600000251 2.9634393e-16
6279.159500000251 3.014483e-16
6281.277400000251 3.069525e-16
6283.395300000251 3.047877e-16
6285.513200000251 3.0159278e-16
6287.6311000002515 2.9842707e-16
6289.749000000252 2.9526528e-16
6291.866900000252 3.1598014e-16
6293.984800000252 3.399109e-16
6296.102700000252 3.1276856e-16
6298.2206000002525 2.7873162e-16
6300.338500000253 2.6311496e-16
6302.456400000253 2.4998605e-16
6304.574300000253 2.4266165e-16
6306.692200000253 2.3612293e-16
6308.810100000253 2.317647e-16
6310.928000000254 2.2770228e-16
6313.045900000254 2.3381164e-16
6315.163800000254 2.4130155e-16
6317.281700000254 2.365568e-16
6319.399600000254 2.3014777e-16
6321.517500000255 2.2599683e-16
6323.635400000255 2.221538e-16
6325.753300000255 2.2166754e-16
6327.871200000255 2.2163914e-16
6329.989100000255 2.2377523e-16
6332.1070000002555 2.262072e-16
6334.224900000256 2.224016e-16
6336.342800000256 2.1774148e-16
6338.460700000256 2.05267e-16
6340.578600000256 1.9172142e-16
6342.6965000002565 1.907867e-16
6344.814400000257 1.9158433e-16
6346.932300000257 1.8763473e-16
6349.050200000257 1.8303154e-16
6351.168100000257 1.8456272e-16
6353.286000000257 1.8694034e-16
6355.403900000258 1.7574049e-16
6357.521800000258 1.6266634e-16
6359.639700000258 1.536835e-16
6361.757600000258 1.4526669e-16
6363.875500000258 1.401677e-16
6365.993400000259 1.3552874e-16
6368.111300000259 1.4296995e-16
6370.229200000259 1.5208687e-16
6372.347100000259 1.5336836e-16
6374.465000000259 1.5356055e-16
6376.5829000002595 1.5505297e-16
6378.70080000026 1.5672656e-16
6380.81870000026 1.6237037e-16
6382.93660000026 1.6856881e-16
6385.05450000026 1.7477307e-16
6387.1724000002605 1.8097816e-16
6389.290300000261 1.8006672e-16
6391.408200000261 1.7815895e-16
6393.526100000261 1.7439601e-16
6395.644000000261 1.7037266e-16
6397.761900000261 1.7254088e-16
6399.879800000262 1.7557823e-16
6401.997700000262 1.8371963e-16
6404.115600000262 1.9257908e-16
6406.233500000262 2.0231097e-16
6408.351400000262 2.1216592e-16
6410.469300000263 2.1234192e-16
6412.587200000263 2.1115273e-16
6414.705100000263 2.1069293e-16
6416.823000000263 2.1033625e-16
6418.940900000263 2.1642036e-16
6421.058800000264 2.234169e-16
6423.176700000264 2.2001856e-16
6425.294600000264 2.1514379e-16
6427.412500000264 2.236518e-16
6429.530400000264 2.3406061e-16
6431.6483000002645 2.392901e-16
6433.766200000265 2.437823e-16
6435.884100000265 2.4491336e-16
6438.002000000265 2.4556475e-16
6440.119900000265 2.5732964e-16
6442.237800000265 2.7068052e-16
6444.355700000266 2.7108953e-16
6446.473600000266 2.696476e-16
6448.591500000266 2.732164e-16
6450.709400000266 2.7750372e-16
6452.827300000266 2.743068e-16
6454.945200000267 2.700367e-16
6457.063100000267 2.8352342e-16
6459.181000000267 2.9956175e-16
6461.298900000267 2.9653814e-16
6463.416800000267 2.9076828e-16
6465.534700000268 2.8958696e-16
6467.652600000268 2.8906813e-16
6469.770500000268 2.9711848e-16
6471.888400000268 3.0640604e-16
6474.006300000268 3.0380425e-16
6476.1242000002685 2.9948144e-16
6478.242100000269 3.024391e-16
6480.360000000269 3.0645284e-16
6482.477900000269 3.1576862e-16
6484.595800000269 3.258535e-16
6486.7137000002695 3.2680723e-16
6488.83160000027 3.26433e-16
6490.94950000027 3.2936776e-16
6493.06740000027 3.3278477e-16
6495.18530000027 3.4080654e-16
6497.30320000027 3.4949943e-16
6499.421100000271 3.498199e-16
6501.539000000271 3.4891704e-16
6503.656900000271 3.487435e-16
6505.774800000271 3.4867675e-16
6507.892700000271 3.5570715e-16
6510.010600000272 3.6377895e-16
6512.128500000272 3.6169914e-16
6514.246400000272 3.5812974e-16
6516.364300000272 3.5280857e-16
6518.482200000272 3.472297e-16
6520.6001000002725 3.43904e-16
6522.718000000273 3.4091049e-16
6524.835900000273 3.4621829e-16
6526.953800000273 3.5274986e-16
6529.071700000273 3.5441333e-16
6531.1896000002735 3.5535735e-16
6533.307500000274 3.574616e-16
6535.425400000274 3.597377e-16
6537.543300000274 3.580767e-16
6539.661200000274 3.558314e-16
6541.779100000274 3.3917142e-16
6543.897000000275 3.2037126e-16
6546.014900000275 3.2502147e-16
6548.132800000275 3.3316074e-16
6550.250700000275 3.271683e-16
6552.368600000275 3.1906887e-16
6554.486500000276 3.1746837e-16
6556.604400000276 3.1683723e-16
6558.722300000276 3.1416926e-16
6560.840200000276 3.111968e-16
6562.958100000276 3.0600375e-16
6565.0760000002765 3.0047808e-16
6567.193900000277 2.9633104e-16
6569.311800000277 2.923906e-16
6571.429700000277 2.9491763e-16
6573.547600000277 2.9841582e-16
6575.6655000002775 3.0379408e-16
6577.783400000278 3.0945523e-16
6579.901300000278 3.0207953e-16
6582.019200000278 2.9274136e-16
6584.137100000278 2.8845816e-16
6586.255000000278 2.8493746e-16
6588.372900000279 2.7963975e-16
6590.490800000279 2.7407342e-16
6592.608700000279 2.6810552e-16
6594.726600000279 2.620768e-16
6596.844500000279 2.6432976e-16
6598.96240000028 2.6783767e-16
6601.08030000028 2.6719421e-16
6603.19820000028 2.6592038e-16
6605.31610000028 2.63493e-16
6607.43400000028 2.6089012e-16
6609.5519000002805 2.5808565e-16
6611.669800000281 2.5525047e-16
6613.787700000281 2.5728917e-16
6615.905600000281 2.600713e-16
6618.023500000281 2.544173e-16
6620.1414000002815 2.4747383e-16
6622.259300000282 2.348819e-16
6624.377200000282 2.2142624e-16
6626.495100000282 2.1231844e-16
6628.613000000282 2.0387683e-16
6630.730900000282 2.0412475e-16
6632.848800000283 2.0570685e-16
6634.966700000283 1.9833341e-16
6637.084600000283 1.8958437e-16
6639.202500000283 1.800876e-16
6641.320400000283 1.7047573e-16
6643.438300000284 1.7174134e-16
6645.556200000284 1.7468458e-16
6647.674100000284 1.7008166e-16
6649.792000000284 1.6431203e-16
6651.909900000284 1.6221906e-16
6654.0278000002845 1.6069454e-16
6656.145700000285 1.6544478e-16
6658.263600000285 1.7116711e-16
6660.381500000285 1.6692652e-16
6662.499400000285 1.6113865e-16
6664.6173000002855 1.5960017e-16
6666.735200000286 1.5872164e-16
6668.853100000286 1.5840059e-16
6670.971000000286 1.5816629e-16
6673.088900000286 1.5314485e-16
6675.206800000286 1.4737694e-16
6677.324700000287 1.4217635e-16
6679.442600000287 1.3706425e-16
6681.560500000287 1.3862057e-16
6683.678400000287 1.4121924e-16
6685.796300000287 1.4168769e-16
6687.914200000288 1.4182249e-16
6690.032100000288 1.3734012e-16
6692.150000000288 1.3213283e-16
6694.267900000288 1.2071955e-16
6696.385800000288 1.08331894e-16
6698.5037000002885 1.0919221e-16
6700.621600000289 1.1213673e-16
6702.739500000289 1.1374682e-16
6704.857400000289 1.1514647e-16
6706.975300000289 1.10938195e-16
6709.0932000002895 1.0584554e-16
6711.21110000029 1.0411235e-16
6713.32900000029 1.0291002e-16
6715.44690000029 1.0097099e-16
6717.56480000029 9.891527e-17
6719.68270000029 9.6934967e-17
6721.800600000291 9.49666e-17
6723.918500000291 1.001112e-16
6726.036400000291 1.0638473e-16
6728.154300000291 1.0529096e-16
6730.272200000291 1.03025074e-16
6732.390100000292 9.8761825e-17
6734.508000000292 9.4180164e-17
6736.625900000292 9.909143e-17
6738.743800000292 1.05516e-16
6740.861700000292 1.0631035e-16
6742.9796000002925 1.06205034e-16
6745.097500000293 1.02444135e-16
6747.215400000293 9.809793e-17
6749.333300000293 9.660216e-17
6751.451200000293 9.556278e-17
6753.5691000002935 9.1964213e-17
6755.687000000294 8.7954915e-17
6757.804900000294 8.701942e-17
6759.922800000294 8.657822e-17
6762.040700000294 8.752366e-17
6764.158600000294 8.8692085e-17
6766.276500000295 9.055879e-17
6768.394400000295 9.253799e-17
6770.512300000295 9.07505e-17
6772.630200000295 8.835464e-17
6774.748100000295 8.6937106e-17
6776.866000000296 8.567789e-17
6778.983900000296 8.305234e-17
6781.101800000296 8.0205676e-17
6783.219700000296 8.3269136e-17
6785.337600000296 8.729129e-17
6787.4555000002965 8.1192866e-17
6789.573400000297 7.3449536e-17
6791.691300000297 7.6867486e-17
6793.809200000297 8.20995e-17
6795.927100000297 8.392758e-17
6798.0450000002975 8.5201105e-17
6800.162900000298 7.7416886e-17
6802.280800000298 6.815413e-17
6804.398700000298 6.5543006e-17
6806.516600000298 6.401978e-17
6808.634500000298 6.527402e-17
6810.752400000299 6.698269e-17
6812.870300000299 6.858649e-17
6814.988200000299 7.01731e-17
6817.106100000299 8.005287e-17
6819.224000000299 9.129485e-17
6821.3419000003 9.46915e-17
6823.4598000003 9.6798985e-17
6825.5777000003 8.6798537e-17
6827.6956000003 7.480462e-17
6829.8135000003 7.96248e-17
6831.9314000003005 8.7218665e-17
6834.049300000301 9.191413e-17
6836.167200000301 9.6131285e-17
6838.285100000301 9.2894666e-17
6840.403000000301 8.842559e-17
6842.5209000003015 8.724827e-17
6844.638800000302 8.661629e-17
6846.756700000302 8.859571e-17
6848.874600000302 9.1008595e-17
6850.992500000302 8.927103e-17
6853.110400000302 8.684429e-17
6855.228300000303 8.559849e-17
6857.346200000303 8.454917e-17
6859.464100000303 8.388518e-17
6861.582000000303 8.328542e-17
6863.699900000303 8.294311e-17
6865.817800000304 8.2643734e-17
6867.935700000304 9.196515e-17
6870.053600000304 1.02894015e-16
6872.171500000304 1.04593064e-16
6874.289400000304 1.04747026e-16
6876.4073000003045 9.8008164e-17
6878.525200000305 9.011499e-17
6880.643100000305 8.586746e-17
6882.761000000305 8.2231626e-17
6884.878900000305 8.763493e-17
6886.9968000003055 9.4557795e-17
6889.114700000306 9.704089e-17
6891.232600000306 9.8777336e-17
6893.350500000306 9.500543e-17
6895.468400000306 9.0305385e-17
6897.586300000306 9.210477e-17
6899.704200000307 9.5001376e-17
6901.822100000307 9.64931e-17
6903.940000000307 9.774756e-17
6906.057900000307 1.0170191e-16
6908.175800000307 1.06113085e-16
6910.293700000308 1.04534275e-16
6912.411600000308 1.0193998e-16
6914.529500000308 1.010616e-16
6916.647400000308 1.0047478e-16
6918.765300000308 1.1110372e-16
6920.8832000003085 1.2363841e-16
6923.001100000309 1.2556619e-16
6925.119000000309 1.2568825e-16
6927.236900000309 1.1664736e-16
6929.354800000309 1.0604359e-16
6931.4727000003095 1.0959101e-16
6933.59060000031 1.1555302e-16
6935.70850000031 1.2445178e-16
6937.82640000031 1.3385259e-16
6939.94430000031 1.2630054e-16
6942.06220000031 1.1584488e-16
6944.180100000311 1.2704107e-16
6946.298000000311 1.419471e-16
6948.415900000311 1.4092335e-16
6950.533800000311 1.3716501e-16
6952.651700000311 1.3225935e-16
6954.769600000312 1.2715637e-16
6956.887500000312 1.3805615e-16
6959.005400000312 1.5171444e-16
6961.123300000312 1.5254719e-16
6963.241200000312 1.511691e-16
6965.3591000003125 1.4886273e-16
6967.477000000313 1.4639607e-16
6969.594900000313 1.5858688e-16
6971.712800000313 1.7331479e-16
6973.830700000313 1.7714172e-16
6975.9486000003135 1.790818e-16
6978.066500000314 1.6968643e-16
6980.184400000314 1.5832531e-16
6982.302300000314 1.5034398e-16
6984.420200000314 1.429501e-16
6986.538100000314 1.3543009e-16
6988.656000000315 1.2788817e-16
6990.773900000315 1.3226179e-16
6992.891800000315 1.3871029e-16
6995.009700000315 1.340101e-16
6997.127600000315 1.273642e-16
6999.245500000316 1.2855498e-16
7001.363400000316 1.3111599e-16
7003.481300000316 1.4356531e-16
7005.599200000316 1.5774358e-16
7007.717100000316 1.5181135e-16
7009.8350000003165 1.4235494e-16
7011.952900000317 1.3934887e-16
7014.070800000317 1.3747527e-16
7016.188700000317 1.4191554e-16
7018.306600000317 1.4746431e-16
7020.4245000003175 1.4806057e-16
7022.542400000318 1.4778572e-16
7024.660300000318 1.4536183e-16
7026.778200000318 1.4255911e-16
7028.896100000318 1.4232549e-16
7031.014000000318 1.4254475e-16
7033.131900000319 1.4412709e-16
7035.249800000319 1.4595016e-16
7037.367700000319 1.5537288e-16
7039.485600000319 1.6614076e-16
7041.603500000319 1.684125e-16
7043.72140000032 1.6917761e-16
7045.83930000032 1.6312487e-16
7047.95720000032 1.5586311e-16
7050.07510000032 1.5769498e-16
7052.19300000032 1.6114302e-16
7054.3109000003205 1.6471104e-16
7056.428800000321 1.683004e-16
7058.546700000321 1.7195214e-16
7060.664600000321 1.7561496e-16
7062.782500000321 1.683525e-16
7064.9004000003215 1.5914048e-16
7067.018300000322 1.5222844e-16
7069.136200000322 1.457276e-16
7071.254100000322 1.5537598e-16
7073.372000000322 1.6791671e-16
7075.489900000322 1.7495777e-16
7077.607800000323 1.8101347e-16
7079.725700000323 1.8331226e-16
7081.843600000323 1.849367e-16
7083.961500000323 1.8198842e-16
7086.079400000323 1.7821785e-16
7088.197300000324 1.8154024e-16
7090.315200000324 1.8613859e-16
7092.433100000324 1.7691842e-16
7094.551000000324 1.6520793e-16
7096.668900000324 1.7360642e-16
7098.786800000325 1.856355e-16
7100.904700000325 1.8717284e-16
7103.022600000325 1.8681522e-16
7105.140500000325 1.8489633e-16
7107.258400000325 1.8269495e-16
7109.3763000003255 1.8822949e-16
7111.494200000326 1.9516634e-16
7113.612100000326 1.9484401e-16
7115.730000000326 1.932034e-16
7117.847900000326 1.8844511e-16
7119.965800000326 1.8312044e-16
7122.083700000327 1.8678197e-16
7124.201600000327 1.9207896e-16
7126.319500000327 1.9844984e-16
7128.437400000327 2.050165e-16
7130.555300000327 2.0242456e-16
7132.673200000328 1.9816215e-16
7134.791100000328 1.9543262e-16
7136.909000000328 1.9298317e-16
7139.026900000328 1.9126715e-16
7141.144800000328 1.8968537e-16
7143.262700000329 1.9455363e-16
7145.380600000329 2.0060302e-16
7147.498500000329 2.1107616e-16
7149.616400000329 2.2236084e-16
7151.734300000329 2.2221385e-16
7153.8522000003295 2.1996599e-16
7155.97010000033 2.175177e-16
7158.08800000033 2.1503258e-16
7160.20590000033 2.134867e-16
7162.32380000033 2.1211382e-16
7164.4417000003305 2.0736993e-16
7166.559600000331 2.0200406e-16
7168.677500000331 1.9977123e-16
7170.795400000331 1.9811667e-16
7172.913300000331 2.0271187e-16
7175.031200000331 2.0846268e-16
7177.149100000332 2.0751889e-16
7179.267000000332 2.0533501e-16
7181.384900000332 2.0089012e-16
7183.502800000332 1.9602563e-16
7185.620700000332 1.989694e-16
7187.738600000333 2.0336264e-16
7189.856500000333 2.0908774e-16
7191.974400000333 2.1506051e-16
7194.092300000333 2.1151288e-16
7196.210200000333 2.061916e-16
7198.3281000003335 2.0459942e-16
7200.446000000334 2.037022e-16
7202.563900000334 2.1063502e-16
7204.681800000334 2.1902968e-16
7206.799700000334 2.193258e-16
7208.9176000003345 2.1810725e-16
7211.035500000335 2.2149046e-16
7213.153400000335 2.2573468e-16
7215.271300000335 2.3046242e-16
7217.389200000335 2.352808e-16
7219.507100000335 2.2956194e-16
7221.625000000336 2.218646e-16
7223.742900000336 2.2101542e-16
7225.860800000336 2.2145482e-16
7227.978700000336 2.1810495e-16
7230.096600000336 2.1404208e-16
7232.214500000337 2.1265792e-16
7234.332400000337 2.117787e-16
7236.450300000337 2.3032636e-16
7238.568200000337 2.5254372e-16
7240.686100000337 2.5867817e-16
7242.8040000003375 2.6177463e-16
7244.921900000338 2.3810586e-16
7247.039800000338 2.0937228e-16
7249.157700000338 1.9966052e-16
7251.275600000338 1.9355587e-16
7253.3935000003385 1.9887481e-16
7255.511400000339 2.0636002e-16
7257.629300000339 2.1644278e-16
7259.747200000339 2.27019e-16
7261.865100000339 2.2952306e-16
7263.983000000339 2.3049103e-16
7266.10090000034 2.2424207e-16
7268.21880000034 2.1661687e-16
7270.33670000034 2.1549727e-16
7272.45460000034 2.1561829e-16
7274.57250000034 2.248656e-16
7276.690400000341 2.3585635e-16
7278.808300000341 2.3776352e-16
7280.926200000341 2.3793174e-16
7283.044100000341 2.2686158e-16
7285.162000000341 2.1363997e-16
7287.2799000003415 2.1361268e-16
7289.397800000342 2.1611572e-16
7291.515700000342 2.0808037e-16
7293.633600000342 1.980198e-16
7295.751500000342 2.0024567e-16
7297.8694000003425 2.0483683e-16
7299.987300000343 2.1822394e-16
7302.105200000343 2.333044e-16
7304.223100000343 2.259026e-16
7306.341000000343 2.1416365e-16
7308.458900000343 2.0189724e-16
7310.576800000344 1.895289e-16
7312.694700000344 1.9500017e-16
7314.812600000344 2.0391893e-16
7316.930500000344 2.0788968e-16
7319.048400000344 2.109022e-16
7321.166300000345 2.1411712e-16
7323.284200000345 2.1737127e-16
7325.402100000345 2.1340179e-16
7327.520000000345 2.0803097e-16
7329.637900000345 2.0988434e-16
7331.7558000003455 2.1314204e-16
7333.873700000346 1.997701e-16
7335.991600000346 1.8315986e-16
7338.109500000346 1.8081496e-16
7340.227400000346 1.8125276e-16
7342.3453000003465 1.9703924e-16
7344.463200000347 2.158208e-16
7346.581100000347 2.1928412e-16
7348.699000000347 2.1975313e-16
7350.816900000347 2.2134711e-16
7352.934800000347 2.2316136e-16
7355.052700000348 2.207484e-16
7357.170600000348 2.175077e-16
7359.288500000348 2.1052926e-16
7361.406400000348 2.0281742e-16
7363.524300000348 2.0486469e-16
7365.642200000349 2.0883014e-16
7367.760100000349 2.1803045e-16
7369.878000000349 2.2825968e-16
7371.995900000349 2.2154407e-16
7374.113800000349 2.1149101e-16
7376.2317000003495 2.0791083e-16
7378.34960000035 2.0560772e-16
7380.46750000035 2.069114e-16
7382.58540000035 2.089279e-16
7384.70330000035 2.0128264e-16
7386.8212000003505 1.917272e-16
7388.939100000351 1.9438006e-16
7391.057000000351 1.9945068e-16
7393.174900000351 2.0070818e-16
7395.292800000351 2.0120921e-16
7397.410700000351 1.9863689e-16
7399.528600000352 1.9545464e-16
7401.646500000352 1.953381e-16
7403.764400000352 1.95831e-16
7405.882300000352 1.8973362e-16
7408.000200000352 1.8232393e-16
7410.118100000353 1.8076901e-16
7412.236000000353 1.8038034e-16
7414.353900000353 1.8304317e-16
7416.471800000353 1.8631489e-16
7418.589700000353 1.8753095e-16
7420.7076000003535 1.8833612e-16
7422.825500000354 1.850827e-16
7424.943400000354 1.8101777e-16
7427.061300000354 1.7516882e-16
7429.179200000354 1.6896256e-16
7431.2971000003545 1.6939398e-16
7433.415000000355 1.7115708e-16
7435.532900000355 1.653728e-16
7437.650800000355 1.5807175e-16
7439.768700000355 1.6260072e-16
7441.886600000355 1.695079e-16
7444.004500000356 1.75586e-16
7446.122400000356 1.8149715e-16
7448.240300000356 1.8022137e-16
7450.358200000356 1.7749589e-16
7452.476100000356 1.768591e-16
7454.594000000357 1.766438e-16
7456.711900000357 1.826157e-16
7458.829800000357 1.8983819e-16
7460.947700000357 1.8757146e-16
7463.065600000357 1.833835e-16
7465.1835000003575 1.8127136e-16
7467.301400000358 1.7957964e-16
7469.419300000358 1.7777836e-16
7471.537200000358 1.7595486e-16
7473.655100000358 1.7549783e-16
7475.7730000003585 1.7531848e-16
7477.890900000359 1.7198039e-16
7480.008800000359 1.6800018e-16
7482.126700000359 1.6805365e-16
7484.244600000359 1.689285e-16
7486.362500000359 1.6970253e-16
7488.48040000036 1.70456e-16
7490.59830000036 1.718477e-16
7492.71620000036 1.7336984e-16
7494.83410000036 1.7645719e-16
7496.95200000036 1.7986444e-16
7499.069900000361 1.7176538e-16
7501.187800000361 1.6131073e-16
7503.305700000361 1.5936006e-16
7505.423600000361 1.5915386e-16
7507.541500000361 1.6878737e-16
7509.6594000003615 1.8043931e-16
7511.777300000362 1.7109637e-16
7513.895200000362 1.574395e-16
7516.013100000362 1.5918322e-16
7518.131000000362 1.6409669e-16
7520.2489000003625 1.6509568e-16
7522.366800000363 1.6528874e-16
7524.484700000363 1.6672938e-16
7526.602600000363 1.6842731e-16
7528.720500000363 1.672813e-16
7530.838400000363 1.6554781e-16
7532.956300000364 1.718686e-16
7535.074200000364 1.7985653e-16
7537.192100000364 1.7954985e-16
7539.310000000364 1.7752631e-16
7541.427900000364 1.7903574e-16
7543.545800000365 1.8127766e-16
7545.663700000365 1.7146136e-16
7547.781600000365 1.5914001e-16
7549.899500000365 1.4980212e-16
7552.017400000365 1.41084e-16
7554.1353000003655 1.4935261e-16
7556.253200000366 1.6115596e-16
7558.371100000366 1.675754e-16
7560.489000000366 1.7287228e-16
7562.606900000366 1.641686e-16
7564.7248000003665 1.5254096e-16
7566.842700000367 1.4394823e-16
7568.960600000367 1.3598935e-16
7571.078500000367 1.3757604e-16
7573.196400000367 1.4116024e-16
7575.314300000367 1.4369407e-16
7577.432200000368 1.4600774e-16
7579.550100000368 1.4027691e-16
7581.668000000368 1.3285991e-16
7583.785900000368 1.2633551e-16
7585.903800000368 1.1999856e-16
7588.021700000369 1.2115941e-16
7590.139600000369 1.2389755e-16
7592.257500000369 1.1912457e-16
7594.375400000369 1.127715e-16
7596.493300000369 1.1398236e-16
7598.6112000003695 1.1678755e-16
7600.72910000037 1.2317024e-16
7602.84700000037 1.3030824e-16
7604.96490000037 1.2984499e-16
7607.08280000037 1.2777427e-16
7609.2007000003705 1.2606356e-16
7611.318600000371 1.2442898e-16
7613.436500000371 1.205441e-16
7615.554400000371 1.1618241e-16
7617.672300000371 1.1769504e-16
7619.790200000371 1.2045441e-16
7621.908100000372 1.2060104e-16
7624.026000000372 1.2019315e-16
7626.143900000372 1.1723246e-16
7628.261800000372 1.137289e-16
7630.379700000372 1.2029653e-16
7632.497600000373 1.2900934e-16
7634.615500000373 1.2792339e-16
7636.733400000373 1.2475028e-16
7638.851300000373 1.2096523e-16
7640.969200000373 1.1704958e-16
7643.0871000003735 1.1359258e-16
7645.205000000374 1.10233655e-16
7647.322900000374 1.06900276e-16
7649.440800000374 1.0357237e-16
7651.558700000374 1.1699854e-16
7653.6766000003745 1.3401317e-16
7655.794500000375 1.3984371e-16
7657.912400000375 1.4327491e-16
7660.030300000375 1.427492e-16
7662.148200000375 1.4137324e-16
7664.266100000375 1.3500848e-16
7666.384000000376 1.2757135e-16
7668.501900000376 1.2129472e-16
7670.619800000376 1.1526795e-16
7672.737700000376 1.2301617e-16
7674.855600000376 1.3373494e-16
7676.973500000377 1.3596647e-16
7679.091400000377 1.3636717e-16
7681.209300000377 1.4302638e-16
7683.327200000377 1.5103786e-16
7685.445100000377 1.4487903e-16
7687.5630000003775 1.3565354e-16
7689.680900000378 1.3615577e-16
7691.798800000378 1.3876663e-16
7693.916700000378 1.4451412e-16
7696.034600000378 1.5094173e-16
7698.1525000003785 1.4879886e-16
7700.270400000379 1.447946e-16
7702.388300000379 1.4471649e-16
7704.506200000379 1.4549244e-16
7706.624100000379 1.3908282e-16
7708.742000000379 1.311096e-16
7710.85990000038 1.2567379e-16
7712.97780000038 1.2079101e-16
7715.09570000038 1.2936349e-16
7717.21360000038 1.408733e-16
7719.33150000038 1.4776388e-16
7721.449400000381 1.5364572e-16
7723.567300000381 1.5015074e-16
7725.685200000381 1.4460482e-16
7727.803100000381 1.3666842e-16
7729.921000000381 1.2820832e-16
7732.038900000382 1.3433884e-16
7734.156800000382 1.4366683e-16
7736.274700000382 1.5055158e-16
7738.392600000382 1.5690006e-16
7740.510500000382 1.5173225e-16
7742.6284000003825 1.4403265e-16
7744.746300000383 1.4836135e-16
7746.864200000383 1.5533531e-16
7748.982100000383 1.5009037e-16
7751.100000000383 1.4215398e-16
7753.217900000383 1.3840476e-16
7755.335800000384 1.3557932e-16
7757.453700000384 1.3987702e-16
7759.571600000384 1.4574925e-16
7761.689500000384 1.4907295e-16
7763.807400000384 1.5183333e-16
7765.925300000385 1.597195e-16
7768.043200000385 1.6874049e-16
7770.161100000385 1.610103e-16
7772.279000000385 1.4956556e-16
7774.396900000385 1.39898e-16
7776.514800000386 1.3062466e-16
7778.632700000386 1.3087896e-16
7780.750600000386 1.3325005e-16
7782.868500000386 1.3373622e-16
7784.986400000386 1.3380296e-16
7787.1043000003865 1.3386477e-16
7789.222200000387 1.3392546e-16
7791.340100000387 1.3968104e-16
7793.458000000387 1.4670627e-16
7795.575900000387 1.484494e-16
7797.6938000003875 1.4901305e-16
7799.811700000388 1.3245259e-16
7801.929600000388 1.1206107e-16
7804.047500000388 1.0605109e-16
7806.165400000388 1.03258623e-16
7808.283300000388 1.10641e-16
7810.401200000389 1.2030334e-16
7812.519100000389 1.2168973e-16
7814.637000000389 1.2121814e-16
7816.754900000389 1.2468976e-16
7818.872800000389 1.2904663e-16
