3804.486 0.35692844
3805.486 0.35685226
3806.486 0.35677612
3807.486 0.3613063
3808.486 0.36583653
3809.486 0.37411526
3810.486 0.3823944
3811.486 0.38908422
3812.486 0.3957739
3813.486 0.3983586
3814.486 0.40094292
3815.486 0.40076217
3816.486 0.40058112
3817.486 0.39973223
3818.486 0.39888328
3819.486 0.39828137
3820.486 0.39767948
3821.486 0.38429192
3822.486 0.37090307
3823.486 0.36733955
3824.486 0.36377698
3825.486 0.37055156
3826.486 0.37732717
3827.486 0.38859615
3828.486 0.39986554
3829.486 0.41126567
3830.486 0.4226658
3831.486 0.4320153
3832.486 0.4413644
3833.486 0.44738385
3834.486 0.45340264
3835.486 0.45779222
3836.486 0.46218148
3837.486 0.46998793
3838.486 0.47779503
3839.486 0.48915905
3840.486 0.50052375
3841.486 0.5082989
3842.486 0.5160733
3843.486 0.51740813
3844.486 0.5187417
3845.486 0.5189373
3846.486 0.5191326
3847.486 0.5223299
3848.486 0.5255278
3849.486 0.53093183
3850.486 0.5363363
3851.486 0.542147
3852.486 0.5479577
3853.486 0.5543493
3854.486 0.56074107
3855.486 0.5677111
3856.486 0.57468134
3857.486 0.58257633
3858.486 0.5904716
3859.486 0.6010262
3860.486 0.61158144
3861.486 0.62385654
3862.486 0.6361321
3863.486 0.64558727
3864.486 0.6550415
3865.486 0.6591916
3866.486 0.6633401
3867.486 0.66482663
3868.486 0.66631234
3869.486 0.668702
3870.486 0.671092
3871.486 0.6727174
3872.486 0.6743426
3873.486 0.6705544
3874.486 0.6667646
3875.486 0.65769607
3876.486 0.64862597
3877.486 0.6390292
3878.486 0.62943214
3879.486 0.6239299
3880.486 0.61842936
3881.486 0.62058914
3882.486 0.622752
3883.486 0.63334125
3884.486 0.6439339
3885.486 0.6588899
3886.486 0.6738477
3887.486 0.6861562
3888.486 0.69846374
3889.486 0.7040143
3890.486 0.7095622
3891.486 0.70958287
3892.486 0.70960134
3893.486 0.7078376
3894.486 0.7060731
3895.486 0.7053043
3896.486 0.70453596
3897.486 0.7055465
3898.486 0.7065578
3899.486 0.7090267
3900.486 0.71149623
3901.486 0.7148197
3902.486 0.7181436
3903.486 0.72180796
3904.486 0.7254725
3905.486 0.7291257
3906.486 0.7327789
3907.486 0.7361756
3908.486 0.7395722
3909.486 0.7425954
3910.486 0.74561834
3911.486 0.74813485
3912.486 0.7506511
3913.486 0.7528833
3914.486 0.75511533
3915.486 0.75781256
3916.486 0.76051
3917.486 0.7633506
3918.486 0.7661913
3919.486 0.7687472
3920.486 0.771303
3921.486 0.7769957
3922.486 0.7826903
3923.486 0.79869884
3924.486 0.81471354
3925.486 0.84274364
3926.486 0.870781
3927.486 0.9017101
3928.486 0.93264097
3929.486 0.9558684
3930.486 0.9790913
3931.486 0.9918062
3932.486 1.0045149
3933.486 1.0101787
3934.486 1.0158383
3935.486 1.0186603
3936.486 1.0214806
3937.486 1.0239174
3938.486 1.0263542
3939.486 1.0292937
3940.486 1.0322334
3941.486 1.0353298
3942.486 1.0384263
3943.486 1.0404952
3944.486 1.0425632
3945.486 1.0430839
3946.486 1.0436035
3947.486 1.0422035
3948.486 1.0408022
3949.486 1.0365336
3950.486 1.0322629
3951.486 1.0269349
3952.486 1.0216061
3953.486 1.0207226
3954.486 1.0198423
3955.486 1.0260912
3956.486 1.032345
3957.486 1.0390359
3958.486 1.0457273
3959.486 1.043735
3960.486 1.0417367
3961.486 1.0357572
3962.486 1.029775
3963.486 1.0337133
3964.486 1.0376586
3965.486 1.053875
3966.486 1.0701
3967.486 1.0893984
3968.486 1.1086993
3969.486 1.1232889
3970.486 1.1378746
3971.486 1.1463424
3972.486 1.1548052
3973.486 1.1602987
3974.486 1.1657898
3975.486 1.1730893
3976.486 1.1803902
3977.486 1.191363
3978.486 1.2023386
3979.486 1.2130622
3980.486 1.2237855
3981.486 1.2322468
3982.486 1.2407062
3983.486 1.2485852
3984.486 1.2564636
3985.486 1.2624815
3986.486 1.2684978
3987.486 1.2690201
3988.486 1.2695379
3989.486 1.2638575
3990.486 1.2581714
3991.486 1.2484587
3992.486 1.2387425
3993.486 1.223975
3994.486 1.2092029
3995.486 1.1853735
3996.486 1.1615361
3997.486 1.1311244
3998.486 1.1007068
3999.486 1.0736195
4000.486 1.0465351
4001.486 1.0293489
4002.486 1.0121715
4003.486 1.0043249
4004.486 0.9964866
4005.486 0.9925581
4006.486 0.9886331
4007.486 0.9801513
4008.486 0.9716654
4009.486 0.9521055
4010.486 0.9325357
4011.486 0.90748876
4012.486 0.8824364
4013.486 0.8671865
4014.486 0.8519464
4015.486 0.85106283
4016.486 0.8501936
4017.486 0.85298973
4018.486 0.8557895
4019.486 0.85293937
4020.486 0.8500836
4021.486 0.84229994
4022.486 0.8345113
4023.486 0.8265566
4024.486 0.8186018
4025.486 0.8120496
4026.486 0.8054989
4027.486 0.80007535
4028.486 0.79465294
4029.486 0.7916437
4030.486 0.78863686
4031.486 0.7875516
4032.486 0.7864682
4033.486 0.7830769
4034.486 0.7796833
4035.486 0.7715284
4036.486 0.7633683
4037.486 0.7535644
4038.486 0.7437587
4039.486 0.73709595
4040.486 0.73043674
4041.486 0.72878003
4042.486 0.72712886
4043.486 0.72931015
4044.486 0.7314956
4045.486 0.7360644
4046.486 0.7406357
4047.486 0.74521464
4048.486 0.74979365
4049.486 0.7509621
4050.486 0.75212675
4051.486 0.7509145
4052.486 0.74969965
4053.486 0.7510911
4054.486 0.7524855
4055.486 0.7582959
4056.486 0.7641112
4057.486 0.7718466
4058.486 0.77958435
4059.486 0.7857581
4060.486 0.7919299
4061.486 0.7932669
4062.486 0.7945981
4063.486 0.7878982
4064.486 0.7811886
4065.486 0.7706828
4066.486 0.7601724
4067.486 0.75658625
4068.486 0.7530085
4069.486 0.75827163
4070.486 0.76354545
4071.486 0.7688471
4072.486 0.77414876
4073.486 0.77296424
4074.486 0.7717719
4075.486 0.7659925
4076.486 0.76020765
4077.486 0.75435597
4078.486 0.7485042
4079.486 0.74350107
4080.486 0.73849905
4081.486 0.7338022
4082.486 0.7291058
4083.486 0.72350097
4084.486 0.7178949
4085.486 0.7093333
4086.486 0.70076776
4087.486 0.6909155
4088.486 0.6810616
4089.486 0.6754995
4090.486 0.6699429
4091.486 0.67186975
4092.486 0.6738063
4093.486 0.6810034
4094.486 0.68820727
4095.486 0.6964623
4096.486 0.7047186
4097.486 0.71119297
4098.486 0.71766496
4099.486 0.7201394
4100.486 0.7226086
4101.486 0.72216296
4102.486 0.72171324
4103.486 0.7225422
4104.486 0.723373
4105.486 0.72638196
4106.486 0.72939396
4107.486 0.7317373
4108.486 0.7340798
4109.486 0.7345143
4110.486 0.7349462
4111.486 0.73611945
4112.486 0.73729366
4113.486 0.7414107
4114.486 0.74553186
4115.486 0.7515221
4116.486 0.757515
4117.486 0.7642334
4118.486 0.7709528
4119.486 0.77705777
4120.486 0.7831618
4121.486 0.7858284
4122.486 0.7884902
4123.486 0.78725296
4124.486 0.7860103
4125.486 0.78409445
4126.486 0.7821775
4127.486 0.78279614
4128.486 0.7834186
4129.486 0.78604823
4130.486 0.78868085
4131.486 0.79057205
4132.486 0.79246205
4133.486 0.7911356
4134.486 0.7898044
4135.486 0.78412277
4136.486 0.77843463
4137.486 0.7709746
4138.486 0.7635119
4139.486 0.75969034
4140.486 0.75587434
4141.486 0.7580125
4142.486 0.76015955
4143.486 0.76400054
4144.486 0.767844
4145.486 0.76673627
4146.486 0.76562107
4147.486 0.75880426
4148.486 0.75197834
4149.486 0.7453962
4150.486 0.7388144
4151.486 0.73717827
4152.486 0.73555
4153.486 0.7390418
4154.486 0.7425419
4155.486 0.7488534
4156.486 0.75516945
4157.486 0.76064456
4158.486 0.7661183
4159.486 0.7678433
4160.486 0.7695623
4161.486 0.76742107
4162.486 0.76527363
4163.486 0.76208216
4164.486 0.758889
4165.486 0.75837326
4166.486 0.7578618
4167.486 0.76297736
4168.486 0.76810193
4169.486 0.7779696
4170.486 0.7878453
4171.486 0.79796034
4172.486 0.8080758
4173.486 0.81510264
4174.486 0.8221242
4175.486 0.824679
4176.486 0.8272262
4177.486 0.8258995
4178.486 0.8245662
4179.486 0.823101
4180.486 0.82163554
4181.486 0.8252108
4182.486 0.8287947
4183.486 0.83703065
4184.486 0.84527457
4185.486 0.8526648
4186.486 0.8600537
4187.486 0.8639746
4188.486 0.8678895
4189.486 0.86850816
4190.486 0.86912113
4191.486 0.86707526
4192.486 0.86502457
4193.486 0.86232615
4194.486 0.85962653
4195.486 0.8590382
4196.486 0.8584536
4197.486 0.86046845
4198.486 0.862488
4199.486 0.8649171
4200.486 0.86734694
4201.486 0.868613
4202.486 0.8698769
4203.486 0.8699867
4204.486 0.8700944
4205.486 0.86927015
4206.486 0.8684442
4207.486 0.8659066
4208.486 0.8633658
4209.486 0.8585478
4210.486 0.8537257
4211.486 0.84805787
4212.486 0.8423886
4213.486 0.8387131
4214.486 0.8350413
4215.486 0.834833
4216.486 0.8346314
4217.486 0.8366283
4218.486 0.8386294
4219.486 0.83978474
4220.486 0.8409384
4221.486 0.83881944
4222.486 0.8366943
4223.486 0.8328694
4224.486 0.8290413
4225.486 0.8272964
4226.486 0.8255554
4227.486 0.82673347
4228.486 0.82791716
4229.486 0.82938784
4230.486 0.83085907
4231.486 0.83104455
4232.486 0.8312276
4233.486 0.83178604
4234.486 0.8323452
4235.486 0.83400375
4236.486 0.83566445
4237.486 0.8361193
4238.486 0.83657175
4239.486 0.8334139
4240.486 0.8302489
4241.486 0.8237691
4242.486 0.8172827
4243.486 0.81074345
4244.486 0.80420417
4245.486 0.80113024
4246.486 0.7980632
4247.486 0.7988101
4248.486 0.79956466
4249.486 0.80093545
4250.486 0.80230755
4251.486 0.8024874
4252.486 0.8026648
4253.486 0.8042183
4254.486 0.80577457
4255.486 0.80976003
4256.486 0.8137503
4257.486 0.8157564
4258.486 0.8177585
4259.486 0.81458664
4260.486 0.8114039
4261.486 0.8063274
4262.486 0.80124694
4263.486 0.799451
4264.486 0.7976619
4265.486 0.79821074
4266.486 0.7987645
4267.486 0.79612815
4268.486 0.7934851
4269.486 0.78720516
4270.486 0.7809175
4271.486 0.7764246
4272.486 0.7719354
4273.486 0.77271676
4274.486 0.77350914
4275.486 0.7789967
4276.486 0.7844942
4277.486 0.7916433
4278.486 0.79879594
4279.486 0.8025849
4280.486 0.8063668
4281.486 0.80239475
4282.486 0.79840636
4283.486 0.7881222
4284.486 0.7778241
4285.486 0.7676134
4286.486 0.75740284
4287.486 0.74950576
4288.486 0.7416138
4289.486 0.7338341
4290.486 0.72605455
4291.486 0.71908695
4292.486 0.7121211
4293.486 0.7094875
4294.486 0.7068634
4295.486 0.7094324
4296.486 0.7120129
4297.486 0.71664923
4298.486 0.7212901
4299.486 0.72508824
4300.486 0.7288845
4301.486 0.73246694
4302.486 0.7360488
4303.486 0.74160546
4304.486 0.74716645
4305.486 0.75521415
4306.486 0.7632675
4307.486 0.77146447
4308.486 0.7796618
4309.486 0.7844241
4310.486 0.7891786
4311.486 0.7883819
4312.486 0.78757226
4313.486 0.7823195
4314.486 0.7770565
4315.486 0.7710017
4316.486 0.76494503
4317.486 0.76148576
4318.486 0.75803244
4319.486 0.7583097
4320.486 0.7585956
4321.486 0.76244503
4322.486 0.76630265
4323.486 0.7717419
4324.486 0.77718484
4325.486 0.77953887
4326.486 0.78188574
4327.486 0.7792051
4328.486 0.7765123
4329.486 0.77238196
4330.486 0.76824814
4331.486 0.7674348
4332.486 0.7666294
4333.486 0.7692683
4334.486 0.77191544
4335.486 0.7745765
4336.486 0.77723753
4337.486 0.776697
4338.486 0.77614874
4339.486 0.77081877
4340.486 0.7654773
4341.486 0.7583495
4342.486 0.7512173
4343.486 0.7480406
4344.486 0.74487346
4345.486 0.74747056
4346.486 0.7500815
4347.486 0.7548395
4348.486 0.75960267
4349.486 0.7625357
4350.486 0.7654641
4351.486 0.7663255
4352.486 0.76718163
4353.486 0.766895
4354.486 0.76660544
4355.486 0.7647533
4356.486 0.76289725
4357.486 0.75872505
4358.486 0.754547
4359.486 0.7482331
4360.486 0.7419138
4361.486 0.733949
4362.486 0.72598004
4363.486 0.7167072
4364.486 0.70743114
4365.486 0.69724786
4366.486 0.68706226
4367.486 0.6770733
4368.486 0.66708475
4369.486 0.65931624
4370.486 0.6515533
4371.486 0.6481251
4372.486 0.6447078
4373.486 0.644078
4374.486 0.64345556
4375.486 0.63985854
4376.486 0.63625383
4377.486 0.62706965
4378.486 0.617871
4379.486 0.60692006
4380.486 0.59596455
4381.486 0.58827966
4382.486 0.58060324
4383.486 0.5766417
4384.486 0.5726898
4385.486 0.5701665
4386.486 0.56764704
4387.486 0.5662982
4388.486 0.5649524
4389.486 0.5653567
4390.486 0.56576556
4391.486 0.5665465
4392.486 0.5673284
4393.486 0.56656605
4394.486 0.5657997
4395.486 0.56386155
4396.486 0.56192017
4397.486 0.5606416
4398.486 0.55936474
4399.486 0.559156
4400.486 0.5589501
4401.486 0.5581116
4402.486 0.5572714
4403.486 0.55460775
4404.486 0.5519392
4405.486 0.5478223
4406.486 0.5437015
4407.486 0.5389101
4408.486 0.5341168
4409.486 0.52938086
4410.486 0.52464503
4411.486 0.5204973
4412.486 0.5163512
4413.486 0.5129728
4414.486 0.5095964
4415.486 0.50683695
4416.486 0.5040791
4417.486 0.5014824
4418.486 0.49888623
4419.486 0.4953981
4420.486 0.49190748
4421.486 0.4865158
4422.486 0.4811188
4423.486 0.47510356
4424.486 0.4690866
4425.486 0.46607387
4426.486 0.4630696
4427.486 0.46415392
4428.486 0.46524975
4429.486 0.46682447
4430.486 0.46840054
4431.486 0.46675536
4432.486 0.46510115
4433.486 0.4614121
4434.486 0.45771736
4435.486 0.45639965
4436.486 0.45508862
4437.486 0.45773485
4438.486 0.4603922
4439.486 0.46529776
4440.486 0.47020987
4441.486 0.47526872
4442.486 0.480328
4443.486 0.48401457
4444.486 0.48769712
4445.486 0.48948675
4446.486 0.4912709
4447.486 0.49144942
4448.486 0.49162328
4449.486 0.49077013
4450.486 0.48991403
4451.486 0.4887995
4452.486 0.48768422
4453.486 0.4874577
4454.486 0.48723373
4455.486 0.48836914
4456.486 0.4895085
4457.486 0.49138042
4458.486 0.49325445
4459.486 0.49504045
4460.486 0.49682623
4461.486 0.4978247
4462.486 0.49882087
4463.486 0.49904433
4464.486 0.4992655
4465.486 0.4997474
4466.486 0.50023013
4467.486 0.50216496
4468.486 0.5041042
4469.486 0.50719225
4470.486 0.51028377
4471.486 0.5130885
4472.486 0.5158925
4473.486 0.5179863
4474.486 0.520078
4475.486 0.52227604
4476.486 0.5244744
4477.486 0.527192
4478.486 0.52991116
4479.486 0.532664
4480.486 0.535417
4481.486 0.53791004
4482.486 0.5404023
4483.486 0.54314435
4484.486 0.5458872
4485.486 0.5491536
4486.486 0.5524217
4487.486 0.5553198
4488.486 0.5582168
4489.486 0.56028485
4490.486 0.5623504
4491.486 0.56470925
4492.486 0.567069
4493.486 0.57061553
4494.486 0.5741658
4495.486 0.5784648
4496.486 0.5827661
4497.486 0.58706194
4498.486 0.59135777
4499.486 0.5957071
4500.486 0.6000566
4501.486 0.6049132
4502.486 0.6097714
4503.486 0.61505413
4504.486 0.6203382
4505.486 0.6255556
4506.486 0.63077277
4507.486 0.6358902
4508.486 0.64100724
4509.486 0.64647454
4510.486 0.6519429
4511.486 0.6579033
4512.486 0.6638653
4513.486 0.669802
4514.486 0.6757386
4515.486 0.68074584
4516.486 0.6857502
4517.486 0.6896942
4518.486 0.6936349
4519.486 0.69826853
4520.486 0.7029044
4521.486 0.710516
4522.486 0.7181371
4523.486 0.72777975
4524.486 0.7374289
4525.486 0.74538535
4526.486 0.7533363
4527.486 0.7581735
4528.486 0.76300067
4529.486 0.7667842
4530.486 0.77056426
4531.486 0.7754968
4532.486 0.7804331
4533.486 0.7863196
4534.486 0.79220927
4535.486 0.79764897
4536.486 0.8030872
4537.486 0.8079877
4538.486 0.8128865
4539.486 0.8182035
4540.486 0.8235219
4541.486 0.8290674
4542.486 0.8346136
4543.486 0.83948386
4544.486 0.8443518
4545.486 0.8492932
4546.486 0.85423476
4547.486 0.8607156
4548.486 0.86720157
4549.486 0.8748873
4550.486 0.8825769
4551.486 0.88933396
4552.486 0.8960879
4553.486 0.9013034
4554.486 0.90651363
4555.486 0.9122952
4556.486 0.9180787
4557.486 0.92634016
4558.486 0.93461007
4559.486 0.9451015
4560.486 0.95560044
4561.486 0.96659225
4562.486 0.9775857
4563.486 0.9873113
4564.486 0.9970325
4565.486 1.0046335
4566.486 1.0122273
4567.486 1.0182036
4568.486 1.0241745
4569.486 1.0300775
4570.486 1.0359802
4571.486 1.0431947
4572.486 1.0504136
4573.486 1.0598155
4574.486 1.0692248
4575.486 1.0811814
4576.486 1.0931469
4577.486 1.1054881
4578.486 1.1178305
4579.486 1.1259929
4580.486 1.1341406
4581.486 1.1361493
4582.486 1.1381364
4583.486 1.137904
4584.486 1.137664
4585.486 1.1413447
4586.486 1.1450391
4587.486 1.1534481
4588.486 1.1618736
4589.486 1.1700586
4590.486 1.1782428
4591.486 1.1825564
4592.486 1.1868565
4593.486 1.1877888
4594.486 1.1887094
4595.486 1.1890122
4596.486 1.1893127
4597.486 1.1916256
4598.486 1.1939459
4599.486 1.1987212
4600.486 1.2035055
4601.486 1.2086488
4602.486 1.2137935
4603.486 1.2171775
4604.486 1.2205552
4605.486 1.2224171
4606.486 1.2242737
4607.486 1.2251276
4608.486 1.2259779
4609.486 1.2264303
4610.486 1.2268813
4611.486 1.2292662
4612.486 1.231658
4613.486 1.2379799
4614.486 1.244316
4615.486 1.254356
4616.486 1.2644094
4617.486 1.2760526
4618.486 1.2877015
4619.486 1.2980236
4620.486 1.3083409
4621.486 1.3144665
4622.486 1.3205765
4623.486 1.3232033
4624.486 1.3258173
4625.486 1.3289998
4626.486 1.3321843
4627.486 1.3374704
4628.486 1.3427644
4629.486 1.34782
4630.486 1.3528748
4631.486 1.3558664
4632.486 1.3588505
4633.486 1.3610765
4634.486 1.3632997
4635.486 1.3665165
4636.486 1.3697369
4637.486 1.3721052
4638.486 1.3744705
4639.486 1.3722183
4640.486 1.3699489
4641.486 1.3628439
4642.486 1.355721
4643.486 1.3468597
4644.486 1.3379918
4645.486 1.3296964
4646.486 1.3214033
4647.486 1.3140419
4648.486 1.3066839
4649.486 1.2999405
4650.486 1.2931994
4651.486 1.2871295
4652.486 1.2810622
4653.486 1.275806
4654.486 1.2705528
4655.486 1.2656757
4656.486 1.2608
4657.486 1.2547657
4658.486 1.2487272
4659.486 1.2400181
4660.486 1.2312988
4661.486 1.2202846
4662.486 1.2092617
4663.486 1.1976804
4664.486 1.186097
4665.486 1.1747185
4666.486 1.1633408
4667.486 1.151264
4668.486 1.1391845
4669.486 1.1261353
4670.486 1.1130824
4671.486 1.1005887
4672.486 1.0880972
4673.486 1.0770948
4674.486 1.0660981
4675.486 1.0558518
4676.486 1.0456084
4677.486 1.0355763
4678.486 1.0255451
4679.486 1.0160456
4680.486 1.0065482
4681.486 0.99792385
4682.486 0.989303
4683.486 0.9814771
4684.486 0.97365427
4685.486 0.96624434
4686.486 0.9588361
4687.486 0.9511419
4688.486 0.9434465
4689.486 0.9348633
4690.486 0.92627656
4691.486 0.9180518
4692.486 0.9098284
4693.486 0.90484923
4694.486 0.89988303
4695.486 0.89846814
4696.486 0.8970674
4697.486 0.89560163
4698.486 0.89413553
4699.486 0.8893245
4700.486 0.8845001
4701.486 0.87738025
4702.486 0.8702512
4703.486 0.8640573
4704.486 0.8578672
4705.486 0.85326815
4706.486 0.8486755
4707.486 0.84463847
4708.486 0.84060365
4709.486 0.83668256
4710.486 0.83276194
4711.486 0.8289062
4712.486 0.8250507
4713.486 0.8210882
4714.486 0.81712526
4715.486 0.8129693
4716.486 0.8088126
4717.486 0.80470717
4718.486 0.80060196
4719.486 0.7970405
4720.486 0.7934813
4721.486 0.79042006
4722.486 0.78736085
4723.486 0.7836198
4724.486 0.779876
4725.486 0.7742617
4726.486 0.76863974
4727.486 0.7617071
4728.486 0.75476915
4729.486 0.74822897
4730.486 0.7416904
4731.486 0.73669755
4732.486 0.73171103
4733.486 0.72783786
4734.486 0.7239694
4735.486 0.71966213
4736.486 0.715353
4737.486 0.70955986
4738.486 0.7037605
4739.486 0.69798917
4740.486 0.69221795
4741.486 0.68903106
4742.486 0.68585503
4743.486 0.6852232
4744.486 0.6846021
4745.486 0.68407303
4746.486 0.6835444
4747.486 0.68124604
4748.486 0.6789402
4749.486 0.6749875
4750.486 0.6710279
4751.486 0.6660646
4752.486 0.6610971
4753.486 0.65511537
4754.486 0.6491294
4755.486 0.64309716
4756.486 0.63706475
4757.486 0.63309234
4758.486 0.6291289
4759.486 0.62722874
4760.486 0.6253376
4761.486 0.6233189
4762.486 0.6212997
4763.486 0.61771774
4764.486 0.61412907
4765.486 0.60891795
4766.486 0.60369986
4767.486 0.59736085
4768.486 0.591017
4769.486 0.5853751
4770.486 0.5797361
4771.486 0.5778599
4772.486 0.5759999
4773.486 0.576419
4774.486 0.5768479
4775.486 0.57341576
4776.486 0.569967
4777.486 0.56084716
4778.486 0.5517023
4779.486 0.5415771
4780.486 0.5314475
4781.486 0.5248175
4782.486 0.51820296
4783.486 0.51480466
4784.486 0.51142055
4785.486 0.5090451
4786.486 0.5066741
4787.486 0.5050865
4788.486 0.50350237
4789.486 0.5030946
4790.486 0.5026921
4791.486 0.50340515
4792.486 0.50412315
4793.486 0.5067413
4794.486 0.50936776
4795.486 0.51439047
4796.486 0.51942384
4797.486 0.5251955
4798.486 0.53097034
4799.486 0.5345989
4800.486 0.5382179
4801.486 0.5387044
4802.486 0.53917676
4803.486 0.5387345
4804.486 0.5382882
4805.486 0.54004693
4806.486 0.5418157
4807.486 0.5470489
4808.486 0.5522978
4809.486 0.55927384
4810.486 0.5662578
4811.486 0.5721807
4812.486 0.5780988
4813.486 0.5821154
4814.486 0.5861234
4815.486 0.58958
4816.486 0.59303415
4817.486 0.5969641
4818.486 0.60089624
4819.486 0.6042548
4820.486 0.6076107
4821.486 0.6088504
4822.486 0.61008054
4823.486 0.60964894
4824.486 0.6092097
4825.486 0.6092679
4826.486 0.6093284
4827.486 0.61073494
4828.486 0.6121477
4829.486 0.6132636
4830.486 0.61437815
4831.486 0.6137036
4832.486 0.6130208
4833.486 0.61208874
4834.486 0.61115557
4835.486 0.6131127
4836.486 0.61508316
4837.486 0.61936647
4838.486 0.6236605
4839.486 0.625516
4840.486 0.6273602
4841.486 0.6248182
4842.486 0.6222559
4843.486 0.6182466
4844.486 0.6142306
4845.486 0.6110566
4846.486 0.6078867
4847.486 0.6045587
4848.486 0.6012301
4849.486 0.5962535
4850.486 0.59126925
4851.486 0.58578914
4852.486 0.58030677
4853.486 0.5764544
4854.486 0.5726098
4855.486 0.570714
4856.486 0.56882745
4857.486 0.5678465
4858.486 0.56686985
4859.486 0.565792
4860.486 0.5647137
4861.486 0.5628768
4862.486 0.5610363
4863.486 0.5584466
4864.486 0.55585337
4865.486 0.5534677
4866.486 0.55108297
4867.486 0.5501564
4868.486 0.5492367
4869.486 0.549487
4870.486 0.54974294
4871.486 0.54893064
4872.486 0.5481133
4873.486 0.54508376
4874.486 0.54204357
4875.486 0.538199
4876.486 0.5343506
4877.486 0.5317027
4878.486 0.52906066
4879.486 0.528874
4880.486 0.52869916
4881.486 0.5309898
4882.486 0.53329235
4883.486 0.53677917
4884.486 0.54027164
4885.486 0.54300666
4886.486 0.545738
4887.486 0.5469412
4888.486 0.5481371
4889.486 0.5482155
4890.486 0.54828846
4891.486 0.5478543
4892.486 0.54741764
4893.486 0.5474958
4894.486 0.5475764
4895.486 0.54947686
4896.486 0.55138624
4897.486 0.55557674
4898.486 0.5597785
4899.486 0.5648067
4900.486 0.569839
4901.486 0.57285106
4902.486 0.57585317
4903.486 0.57530606
4904.486 0.5747415
4905.486 0.57269174
4906.486 0.5706347
4907.486 0.570369
4908.486 0.57011217
4909.486 0.572422
4910.486 0.5747445
4911.486 0.57829034
4912.486 0.58184224
4913.486 0.58541846
4914.486 0.58899474
4915.486 0.5922642
4916.486 0.59553206
4917.486 0.5985215
4918.486 0.6015095
4919.486 0.60448533
4920.486 0.6074611
4921.486 0.6109578
4922.486 0.6144571
4923.486 0.6191025
4924.486 0.6237536
4925.486 0.63004464
4926.486 0.6363439
4927.486 0.64351946
4928.486 0.6506994
4929.486 0.65652245
4930.486 0.66233873
4931.486 0.6657406
4932.486 0.6691303
4933.486 0.67251074
4934.486 0.67589116
4935.486 0.68262416
4936.486 0.6893743
4937.486 0.6982991
4938.486 0.70723504
4939.486 0.7140339
4940.486 0.7208218
4941.486 0.724421
4942.486 0.7280039
4943.486 0.7306371
4944.486 0.7332653
4945.486 0.7366206
4946.486 0.7399796
4947.486 0.7439311
4948.486 0.7478856
4949.486 0.7518969
4950.486 0.75590855
4951.486 0.7598298
4952.486 0.7637506
4953.486 0.76742536
4954.486 0.7710989
4955.486 0.7743184
4956.486 0.77753556
4957.486 0.7798212
4958.486 0.78210217
4959.486 0.7834331
4960.486 0.7847591
4961.486 0.7857098
4962.486 0.7866586
4963.486 0.7872266
4964.486 0.7877926
4965.486 0.7869446
4966.486 0.7860892
4967.486 0.7832947
4968.486 0.78049
4969.486 0.7773881
4970.486 0.7742846
4971.486 0.7728927
4972.486 0.77150977
4973.486 0.7713859
4974.486 0.7712687
4975.486 0.769841
4976.486 0.7684065
4977.486 0.76404506
4978.486 0.75966823
4979.486 0.7531838
4980.486 0.74668825
4981.486 0.74017453
4982.486 0.73366064
4983.486 0.72838265
4984.486 0.7231112
4985.486 0.7185963
4986.486 0.71408546
4987.486 0.708857
4988.486 0.7036247
4989.486 0.6968348
4990.486 0.69003654
4991.486 0.68228984
4992.486 0.67453814
4993.486 0.6666075
4994.486 0.6586759
4995.486 0.6511768
4996.486 0.64368
4997.486 0.63778996
4998.486 0.6319085
4999.486 0.62883514
5000.486 0.62577677
5001.486 0.6244304
5002.486 0.6230932
5003.486 0.6203777
5004.486 0.61765474
5005.486 0.6122096
5006.486 0.6067497
5007.486 0.59956855
5008.486 0.59237796
5009.486 0.58494955
5010.486 0.57751983
5011.486 0.5713746
5012.486 0.5652364
5013.486 0.56120205
5014.486 0.5571792
5015.486 0.5544311
5016.486 0.5516899
5017.486 0.5484553
5018.486 0.545218
5019.486 0.54180694
5020.486 0.538395
5021.486 0.53721887
5022.486 0.5360549
5023.486 0.5374669
5024.486 0.53889287
5025.486 0.5403313
5026.486 0.54176986
5027.486 0.5411827
5028.486 0.54058427
5029.486 0.5381005
5030.486 0.5356062
5031.486 0.5324416
5032.486 0.5292733
5033.486 0.5259883
5034.486 0.5227027
5035.486 0.51921326
5036.486 0.51572275
5037.486 0.5122504
5038.486 0.50877815
5039.486 0.50616366
5040.486 0.5035539
5041.486 0.50248057
5042.486 0.5014157
5043.486 0.5019625
5044.486 0.5025182
5045.486 0.5041428
5046.486 0.5057734
5047.486 0.5075122
5048.486 0.5092516
5049.486 0.5102901
5050.486 0.51132464
5051.486 0.51171535
5052.486 0.5121024
5053.486 0.5123876
5054.486 0.5126721
5055.486 0.51300824
5056.486 0.5133446
5057.486 0.5136512
5058.486 0.5139577
5059.486 0.5141972
5060.486 0.51443624
5061.486 0.5146821
5062.486 0.51492804
5063.486 0.51521987
5064.486 0.5155119
5065.486 0.5156388
5066.486 0.5157649
5067.486 0.51539236
5068.486 0.5150171
5069.486 0.5145038
5070.486 0.51398975
5071.486 0.5141021
5072.486 0.5142181
5073.486 0.5149064
5074.486 0.51559794
5075.486 0.5163764
5076.486 0.5171553
5077.486 0.51811486
5078.486 0.5190755
5079.486 0.5206109
5080.486 0.5221496
5081.486 0.52390015
5082.486 0.5256519
5083.486 0.52639335
5084.486 0.5271291
5085.486 0.5264101
5086.486 0.5256828
5087.486 0.5245709
5088.486 0.52345675
5089.486 0.52296376
5090.486 0.52247435
5091.486 0.5224688
5092.486 0.52246606
5093.486 0.52269185
5094.486 0.522919
5095.486 0.52386546
5096.486 0.52481616
5097.486 0.5269328
5098.486 0.5290562
5099.486 0.5315032
5100.486 0.5339521
5101.486 0.5351621
5102.486 0.5363649
5103.486 0.5359032
5104.486 0.53543186
5105.486 0.53474563
5106.486 0.53405815
5107.486 0.53483254
5108.486 0.5356155
5109.486 0.53750736
5110.486 0.5394057
5111.486 0.5403653
5112.486 0.5413194
5113.486 0.54041713
5114.486 0.53950405
5115.486 0.53856534
5116.486 0.5376265
5117.486 0.538926
5118.486 0.5402388
5119.486 0.5429683
5120.486 0.54570615
5121.486 0.54699385
5122.486 0.54827297
5123.486 0.5474687
5124.486 0.5466521
5125.486 0.5458836
5126.486 0.54511535
5127.486 0.5457885
5128.486 0.5464703
5129.486 0.54721534
5130.486 0.54796076
5131.486 0.5468647
5132.486 0.54575765
5133.486 0.54381615
5134.486 0.5418697
5135.486 0.5420541
5136.486 0.5422511
5137.486 0.5447954
5138.486 0.54735357
5139.486 0.5492885
5140.486 0.5512197
5141.486 0.5510799
5142.486 0.5509277
5143.486 0.5504777
5144.486 0.55002594
5145.486 0.5510944
5146.486 0.5521721
5147.486 0.55379397
5148.486 0.555419
5149.486 0.55544627
5150.486 0.55546385
5151.486 0.55399036
5152.486 0.5525079
5153.486 0.5515387
5154.486 0.55057263
5155.486 0.5513843
5156.486 0.5522068
5157.486 0.554374
5158.486 0.5565493
5159.486 0.55908144
5160.486 0.56161577
5161.486 0.56410134
5162.486 0.5665867
5163.486 0.56917506
5164.486 0.5717641
5165.486 0.57435375
5166.486 0.5769434
5167.486 0.57946783
5168.486 0.581992
5169.486 0.58492774
5170.486 0.587866
5171.486 0.59135824
5172.486 0.5948539
5173.486 0.59846973
5174.486 0.60208637
5175.486 0.6054291
5176.486 0.60877013
5177.486 0.61220556
5178.486 0.61564153
5179.486 0.6201246
5180.486 0.624614
5181.486 0.6305512
5182.486 0.6364973
5183.486 0.6430461
5184.486 0.64959854
5185.486 0.6558824
5186.486 0.6621646
5187.486 0.6678124
5188.486 0.6734562
5189.486 0.67746043
5190.486 0.6814544
5191.486 0.6831002
5192.486 0.6847314
5193.486 0.6850075
5194.486 0.6852752
5195.486 0.6863927
5196.486 0.6875156
5197.486 0.69126964
5198.486 0.69504005
5199.486 0.7019779
5200.486 0.70893556
5201.486 0.7180451
5202.486 0.72716814
5203.486 0.73620254
5204.486 0.74523646
5205.486 0.75297725
5206.486 0.76071006
5207.486 0.76770175
5208.486 0.7746887
5209.486 0.7815961
5210.486 0.78850305
5211.486 0.79476386
5212.486 0.80102056
5213.486 0.80556774
5214.486 0.81010413
5215.486 0.81336707
5216.486 0.816622
5217.486 0.82046694
5218.486 0.8243156
5219.486 0.82925874
5220.486 0.83420885
5221.486 0.83855575
5222.486 0.84289885
5223.486 0.8455569
5224.486 0.84820426
5225.486 0.8502008
5226.486 0.8521931
5227.486 0.85500556
5228.486 0.85782325
5229.486 0.8614195
5230.486 0.86502075
5231.486 0.8683076
5232.486 0.87159246
5233.486 0.874297
5234.486 0.8769979
5235.486 0.8791565
5236.486 0.88131154
5237.486 0.8824034
5238.486 0.88348836
5239.486 0.8834613
5240.486 0.8834271
5241.486 0.883242
5242.486 0.8830559
5243.486 0.88348365
5244.486 0.8839153
5245.486 0.88473994
5246.486 0.8855672
5247.486 0.8864661
5248.486 0.88736546
5249.486 0.88857305
5250.486 0.88978267
5251.486 0.89096594
5252.486 0.8921491
5253.486 0.8925836
5254.486 0.89301324
5255.486 0.89298517
5256.486 0.8929541
5257.486 0.8935541
5258.486 0.89415824
5259.486 0.8958501
5260.486 0.89754915
5261.486 0.899694
5262.486 0.9018419
5263.486 0.9036476
5264.486 0.9054511
5265.486 0.9065087
5266.486 0.9075613
5267.486 0.9075235
5268.486 0.90747863
5269.486 0.9070523
5270.486 0.9066234
5271.486 0.9080205
5272.486 0.90942943
5273.486 0.91339386
5274.486 0.91737515
5275.486 0.92166466
5276.486 0.92595625
5277.486 0.92791414
5278.486 0.92985654
5279.486 0.9295224
5280.486 0.9291732
5281.486 0.92813414
5282.486 0.9270905
5283.486 0.92627084
5284.486 0.92545265
5285.486 0.925728
5286.486 0.9260106
5287.486 0.92768025
5288.486 0.92935914
5289.486 0.93122244
5290.486 0.933087
5291.486 0.93375087
5292.486 0.9344068
5293.486 0.9336916
5294.486 0.93296736
5295.486 0.9316109
5296.486 0.9302502
5297.486 0.92836154
5298.486 0.92646927
5299.486 0.9240023
5300.486 0.9215314
5301.486 0.9193525
5302.486 0.91717553
5303.486 0.9160716
5304.486 0.91497487
5305.486 0.91492593
5306.486 0.914884
5307.486 0.91548294
5308.486 0.9160862
5309.486 0.9167507
5310.486 0.91741574
5311.486 0.91724294
5312.486 0.91706455
5313.486 0.9152723
5314.486 0.91346914
5315.486 0.91053003
5316.486 0.9075833
5317.486 0.9046993
5318.486 0.90181583
5319.486 0.89919174
5320.486 0.89656943
5321.486 0.8933649
5322.486 0.8901564
5323.486 0.8860442
5324.486 0.8819259
5325.486 0.8778049
5326.486 0.87368387
5327.486 0.8709128
5328.486 0.86815095
5329.486 0.867616
5330.486 0.86709625
5331.486 0.86899
5332.486 0.87090033
5333.486 0.873893
5334.486 0.8768931
5335.486 0.87848896
5336.486 0.8800752
5337.486 0.8793033
5338.486 0.87851524
5339.486 0.8762559
5340.486 0.8739866
5341.486 0.871252
5342.486 0.8685141
5343.486 0.8657024
5344.486 0.8628901
5345.486 0.860646
5346.486 0.8584059
5347.486 0.85719526
5348.486 0.85599184
5349.486 0.85493404
5350.486 0.8538772
5351.486 0.8518877
5352.486 0.8498917
5353.486 0.8470783
5354.486 0.84425914
5355.486 0.8415817
5356.486 0.83890516
5357.486 0.8369873
5358.486 0.8350748
5359.486 0.8336378
5360.486 0.8322041
5361.486 0.83061
5362.486 0.8290148
5363.486 0.8270131
5364.486 0.8250085
5365.486 0.8231588
5366.486 0.8213102
5367.486 0.8204703
5368.486 0.81963736
5369.486 0.81951565
5370.486 0.819399
5371.486 0.81854725
5372.486 0.8176904
5373.486 0.8153992
5374.486 0.813098
5375.486 0.8104442
5376.486 0.80778784
5377.486 0.8061685
5378.486 0.8045565
5379.486 0.8034123
5380.486 0.8022715
5381.486 0.79987943
5382.486 0.79747856
5383.486 0.7940174
5384.486 0.7905487
5385.486 0.78822196
5386.486 0.78590333
5387.486 0.78591055
5388.486 0.78593445
5389.486 0.7870882
5390.486 0.7882501
5391.486 0.7887227
5392.486 0.7891903
5393.486 0.7887136
5394.486 0.78823006
5395.486 0.7875145
5396.486 0.7867973
5397.486 0.7855897
5398.486 0.7843786
5399.486 0.7818939
5400.486 0.77940017
5401.486 0.7759794
5402.486 0.772552
5403.486 0.7695372
5404.486 0.7665254
5405.486 0.7646701
5406.486 0.7628231
5407.486 0.76149035
5408.486 0.7601613
5409.486 0.7583902
5410.486 0.7566159
5411.486 0.7545647
5412.486 0.75251144
5413.486 0.7511983
5414.486 0.74989045
5415.486 0.7498018
5416.486 0.749722
5417.486 0.7503302
5418.486 0.75094336
5419.486 0.7514937
5420.486 0.75204355
5421.486 0.7520285
5422.486 0.7520094
5423.486 0.7512124
5424.486 0.75040984
5425.486 0.7487247
5426.486 0.7470332
5427.486 0.74472016
5428.486 0.7424026
5429.486 0.7402363
5430.486 0.738071
5431.486 0.73717254
5432.486 0.73628336
5433.486 0.73691
5434.486 0.7375478
5435.486 0.73859227
5436.486 0.7396397
5437.486 0.7397948
5438.486 0.7399433
5439.486 0.7389691
5440.486 0.7379866
5441.486 0.7368068
5442.486 0.73562557
5443.486 0.7351768
5444.486 0.73473346
5445.486 0.7351852
5446.486 0.73564357
5447.486 0.73636997
5448.486 0.73709834
5449.486 0.7369979
5450.486 0.73689145
5451.486 0.73531663
5452.486 0.73373103
5453.486 0.73084867
5454.486 0.7279568
5455.486 0.7246238
5456.486 0.7212876
5457.486 0.7184583
5458.486 0.71563274
5459.486 0.71385676
5460.486 0.71208864
5461.486 0.71114796
5462.486 0.71021336
5463.486 0.70934105
5464.486 0.70846915
5465.486 0.70686245
5466.486 0.7052503
5467.486 0.7023968
5468.486 0.69953406
5469.486 0.6958187
5470.486 0.69209707
5471.486 0.68895453
5472.486 0.6858163
5473.486 0.6843411
5474.486 0.68287826
5475.486 0.68227166
5476.486 0.6816714
5477.486 0.6802557
5478.486 0.67883384
5479.486 0.67623985
5480.486 0.67363703
5481.486 0.6705504
5482.486 0.66746014
5483.486 0.66450554
5484.486 0.66155195
5485.486 0.65928173
5486.486 0.65701675
5487.486 0.65593606
5488.486 0.6548644
5489.486 0.6548266
5490.486 0.65479666
5491.486 0.6546153
5492.486 0.6544328
5493.486 0.65304995
5494.486 0.6516581
5495.486 0.64920944
5496.486 0.64675283
5497.486 0.64423066
5498.486 0.6417081
5499.486 0.64016575
5500.486 0.6386309
5501.486 0.6380663
5502.486 0.6375091
5503.486 0.63675725
5504.486 0.6360039
5505.486 0.6339747
5506.486 0.6319358
5507.486 0.6289388
5508.486 0.6259345
5509.486 0.62321466
5510.486 0.62049705
5511.486 0.61856115
5512.486 0.6166313
5513.486 0.6151143
5514.486 0.61360043
5515.486 0.6122527
5516.486 0.61090624
5517.486 0.6099935
5518.486 0.6090841
5519.486 0.60867417
5520.486 0.608268
5521.486 0.6074788
5522.486 0.60668653
5523.486 0.6042954
5524.486 0.60189176
5525.486 0.598276
5526.486 0.59465086
5527.486 0.5917914
5528.486 0.5889378
5529.486 0.5876402
5530.486 0.58635473
5531.486 0.58551794
5532.486 0.5846846
5533.486 0.58332026
5534.486 0.5819518
5535.486 0.58027864
5536.486 0.5786031
5537.486 0.57720673
5538.486 0.57581246
5539.486 0.57443523
5540.486 0.5730581
5541.486 0.5714393
5542.486 0.5698187
5543.486 0.56823045
5544.486 0.5666425
5545.486 0.56525224
5546.486 0.5638636
5547.486 0.5625736
5548.486 0.5612844
5549.486 0.55985284
5550.486 0.5584202
5551.486 0.5565034
5552.486 0.55458283
5553.486 0.551854
5554.486 0.5491188
5555.486 0.5459035
5556.486 0.5426844
5557.486 0.5398586
5558.486 0.5370359
5559.486 0.5352312
5560.486 0.5334345
5561.486 0.5325698
5562.486 0.53171253
5563.486 0.53111136
5564.486 0.53051215
5565.486 0.5293351
5566.486 0.5281535
5567.486 0.52571905
5568.486 0.52327466
5569.486 0.51955414
5570.486 0.5158235
5571.486 0.51173174
5572.486 0.50763714
5573.486 0.5045313
5574.486 0.5014334
5575.486 0.4994182
5576.486 0.4974117
5577.486 0.49536163
5578.486 0.49331123
5579.486 0.49050742
5580.486 0.4876976
5581.486 0.48425105
5582.486 0.4807994
5583.486 0.47730172
5584.486 0.47380367
5585.486 0.4712703
5586.486 0.46874458
5587.486 0.4683567
5588.486 0.46798584
5589.486 0.469505
5590.486 0.4710394
5591.486 0.47267714
5592.486 0.47431567
5593.486 0.4747876
5594.486 0.47525012
5595.486 0.47424653
5596.486 0.47323108
5597.486 0.47113204
5598.486 0.46902424
5599.486 0.4667026
5600.486 0.46437922
5601.486 0.46276426
5602.486 0.461155
5603.486 0.46045458
5604.486 0.4597615
5605.486 0.4595032
5606.486 0.45924836
5607.486 0.4589784
5608.486 0.45870835
5609.486 0.45828637
5610.486 0.4578632
5611.486 0.45725334
5612.486 0.45664194
5613.486 0.45563984
5614.486 0.45463458
5615.486 0.45287758
5616.486 0.45111445
5617.486 0.44858673
5618.486 0.4460528
5619.486 0.44351628
5620.486 0.44097978
5621.486 0.43933782
5622.486 0.43770316
5623.486 0.43694574
5624.486 0.4361955
5625.486 0.4355997
5626.486 0.4350052
5627.486 0.4341817
5628.486 0.4333563
5629.486 0.43259025
5630.486 0.43182468
5631.486 0.43149015
5632.486 0.43115914
5633.486 0.43108413
5634.486 0.43101123
5635.486 0.4307647
5636.486 0.43051675
5637.486 0.42969838
5638.486 0.4288753
5639.486 0.42735738
5640.486 0.4258337
5641.486 0.42390996
5642.486 0.42198288
5643.486 0.419924
5644.486 0.417864
5645.486 0.41551548
5646.486 0.4131646
5647.486 0.41035566
5648.486 0.4075429
5649.486 0.40483662
5650.486 0.40213123
5651.486 0.40056974
5652.486 0.3990177
5653.486 0.39846992
5654.486 0.39793047
5655.486 0.39674982
5656.486 0.39556387
5657.486 0.3931728
5658.486 0.39077163
5659.486 0.38862807
5660.486 0.38648665
5661.486 0.385777
5662.486 0.3850793
5663.486 0.38510516
5664.486 0.38513705
5665.486 0.3842461
5666.486 0.38334745
5667.486 0.38094273
5668.486 0.3785254
5669.486 0.37508127
5670.486 0.37162855
5671.486 0.36801103
5672.486 0.3643921
5673.486 0.36129048
5674.486 0.35819322
5675.486 0.3555562
5676.486 0.35292304
5677.486 0.35026935
5678.486 0.34761548
5679.486 0.3449809
5680.486 0.3423465
5681.486 0.3404227
5682.486 0.3385049
5683.486 0.33770984
5684.486 0.3369243
5685.486 0.33671802
5686.486 0.33651662
5687.486 0.33589032
5688.486 0.3352604
5689.486 0.33387226
5690.486 0.3324777
5691.486 0.33076042
5692.486 0.3290404
5693.486 0.3273987
5694.486 0.32575765
5695.486 0.3242118
5696.486 0.3226668
5697.486 0.32127413
5698.486 0.31988278
5699.486 0.31897637
5700.486 0.3180741
5701.486 0.31792927
5702.486 0.31779087
5703.486 0.31798464
5704.486 0.31818125
5705.486 0.3176158
5706.486 0.31704384
5707.486 0.31539923
5708.486 0.3137454
5709.486 0.31219956
5710.486 0.31065467
5711.486 0.3106309
5712.486 0.3106201
5713.486 0.3120074
5714.486 0.31340668
5715.486 0.31467995
5716.486 0.31595212
5717.486 0.31613278
5718.486 0.31630406
5719.486 0.31572405
5720.486 0.3151376
5721.486 0.31458172
5722.486 0.3140261
5723.486 0.31378233
5724.486 0.31354123
5725.486 0.31323802
5726.486 0.3129343
5727.486 0.31222987
5728.486 0.31152195
5729.486 0.3106805
5730.486 0.3098379
5731.486 0.30904117
5732.486 0.30824482
5733.486 0.30718398
5734.486 0.30612084
5735.486 0.30466154
5736.486 0.30319878
5737.486 0.3016941
5738.486 0.30018905
5739.486 0.29920346
5740.486 0.29822236
5741.486 0.29817125
5742.486 0.29812825
5743.486 0.2988116
5744.486 0.29950127
5745.486 0.30001062
5746.486 0.3005184
5747.486 0.30010164
5748.486 0.29967675
5749.486 0.29880163
5750.486 0.29792255
5751.486 0.29790443
5752.486 0.29789388
5753.486 0.2989343
5754.486 0.29998398
5755.486 0.30061096
5756.486 0.30123428
5757.486 0.300203
5758.486 0.2991572
5759.486 0.29708162
5760.486 0.29499698
5761.486 0.29370764
5762.486 0.29242525
5763.486 0.29272348
5764.486 0.29303557
5765.486 0.29449832
5766.486 0.29597118
5767.486 0.29815823
5768.486 0.30035156
5769.486 0.30315003
5770.486 0.30595392
5771.486 0.30913073
5772.486 0.31231084
5773.486 0.31520203
5774.486 0.31809065
5775.486 0.3201683
5776.486 0.3222387
5777.486 0.3240627
5778.486 0.32588455
5779.486 0.32856262
5780.486 0.3312483
5781.486 0.3346522
5782.486 0.3380624
5783.486 0.34119773
5784.486 0.3443306
5785.486 0.34690624
5786.486 0.34947693
5787.486 0.35185933
5788.486 0.35424006
5789.486 0.35656184
5790.486 0.3588831
5791.486 0.3610109
5792.486 0.36313695
5793.486 0.3655399
5794.486 0.36794537
5795.486 0.37124422
5796.486 0.3745511
5797.486 0.378494
5798.486 0.3824426
5799.486 0.38630006
5800.486 0.3901567
5801.486 0.39351705
5802.486 0.39687297
5803.486 0.3997658
5804.486 0.40265444
5805.486 0.4052063
5806.486 0.40775514
5807.486 0.4100076
5808.486 0.4122574
5809.486 0.41419193
5810.486 0.41612363
5811.486 0.41746464
5812.486 0.41880038
5813.486 0.41961062
5814.486 0.42041615
5815.486 0.42154604
5816.486 0.4226789
5817.486 0.4244806
5818.486 0.42628834
5819.486 0.42804417
5820.486 0.42979956
5821.486 0.43112245
5822.486 0.43244144
5823.486 0.434733
5824.486 0.4370334
5825.486 0.44177648
5826.486 0.44654176
5827.486 0.45268416
5828.486 0.4588391
5829.486 0.4640112
5830.486 0.4691744
5831.486 0.47271067
5832.486 0.47623217
5833.486 0.4795133
5834.486 0.48279223
5835.486 0.4872371
5836.486 0.49169254
5837.486 0.49751663
5838.486 0.5033533
5839.486 0.5096688
5840.486 0.5159888
5841.486 0.52150553
5842.486 0.52701485
5843.486 0.5308995
5844.486 0.53476924
5845.486 0.5375326
5846.486 0.5402859
5847.486 0.5432115
5848.486 0.5461387
5849.486 0.5500026
5850.486 0.553875
5851.486 0.5589184
5852.486 0.56397253
5853.486 0.5701063
5854.486 0.57625
5855.486 0.5823667
5856.486 0.58848315
5857.486 0.5924455
5858.486 0.596388
5859.486 0.59786904
5860.486 0.59932727
5861.486 0.60047096
5862.486 0.60161173
5863.486 0.60397315
5864.486 0.6063459
5865.486 0.60964704
5866.486 0.6129568
5867.486 0.61606836
5868.486 0.619178
5869.486 0.6212614
5870.486 0.6233353
5871.486 0.62399215
5872.486 0.6246358
5873.486 0.6245324
5874.486 0.624422
5875.486 0.62527287
5876.486 0.62613267
5877.486 0.62853956
5878.486 0.6309608
5879.486 0.6336713
5880.486 0.63638437
5881.486 0.6380659
5882.486 0.63973784
5883.486 0.64035577
5884.486 0.6409638
5885.486 0.64141256
5886.486 0.6418598
5887.486 0.64249825
5888.486 0.64313847
5889.486 0.64344954
5890.486 0.64375746
5891.486 0.643377
5892.486 0.6429901
5893.486 0.64229995
5894.486 0.641607
5895.486 0.6411168
5896.486 0.6406286
5897.486 0.6404451
5898.486 0.6402645
5899.486 0.6403495
5900.486 0.640437
5901.486 0.6410291
5902.486 0.641626
5903.486 0.6426834
5904.486 0.6437451
5905.486 0.64463633
5906.486 0.64552593
5907.486 0.64581394
5908.486 0.6460962
5909.486 0.64585316
5910.486 0.645605
5911.486 0.64508814
5912.486 0.64456874
5913.486 0.6440509
5914.486 0.6435331
5915.486 0.6434706
5916.486 0.64341235
5917.486 0.64416784
5918.486 0.644931
5919.486 0.6459013
5920.486 0.64687365
5921.486 0.6468562
5922.486 0.64682937
5923.486 0.64557
5924.486 0.64429885
5925.486 0.64273083
5926.486 0.64116
5927.486 0.6401211
5928.486 0.63908726
5929.486 0.6385933
5930.486 0.63810456
5931.486 0.63758504
5932.486 0.63706523
5933.486 0.6355955
5934.486 0.63411665
5935.486 0.63096017
5936.486 0.6277876
5937.486 0.62372386
5938.486 0.6196516
5939.486 0.6165879
5940.486 0.61353385
5941.486 0.61214405
5942.486 0.6107702
5943.486 0.6101837
5944.486 0.6096047
5945.486 0.6088681
5946.486 0.60813004
5947.486 0.6070247
5948.486 0.60591584
5949.486 0.6043355
5950.486 0.60275054
5951.486 0.6008897
5952.486 0.59902614
5953.486 0.5972591
5954.486 0.595493
5955.486 0.5935818
5956.486 0.5916692
5957.486 0.5890499
5958.486 0.5864237
5959.486 0.5832692
5960.486 0.58010954
5961.486 0.5772353
5962.486 0.5743638
5963.486 0.5721164
5964.486 0.56987506
5965.486 0.5681815
5966.486 0.5664933
5967.486 0.56549984
5968.486 0.5645131
5969.486 0.5638242
5970.486 0.5631382
5971.486 0.56139976
5972.486 0.5596511
5973.486 0.5560855
5974.486 0.5525022
5975.486 0.5480867
5976.486 0.5436631
5977.486 0.54025143
5978.486 0.53684974
5979.486 0.5350101
5980.486 0.5331858
5981.486 0.5320444
5982.486 0.5309097
5983.486 0.52950597
5984.486 0.5280996
5985.486 0.5257752
5986.486 0.52344185
5987.486 0.5204856
5988.486 0.5175232
5989.486 0.515481
5990.486 0.5134478
5991.486 0.51363534
5992.486 0.51384467
5993.486 0.515517
5994.486 0.5172036
5995.486 0.51812375
5996.486 0.5190363
5997.486 0.5183208
5998.486 0.5175892
5999.486 0.515881
6000.486 0.51416314
6001.486 0.5120512
6002.486 0.50993544
6003.486 0.50754756
6004.486 0.50515693
6005.486 0.50269926
6006.486 0.5002409
6007.486 0.4982656
6008.486 0.49629503
6009.486 0.4951642
6010.486 0.49404165
6011.486 0.4932101
6012.486 0.49238148
6013.486 0.49076584
6014.486 0.48914242
6015.486 0.48638022
6016.486 0.4836068
6017.486 0.48032537
6018.486 0.47703886
6019.486 0.4740668
6020.486 0.4710979
6021.486 0.4688803
6022.486 0.46667024
6023.486 0.46503723
6024.486 0.46341
6025.486 0.4618377
6026.486 0.460266
6027.486 0.45834926
6028.486 0.45642906
6029.486 0.45428783
6030.486 0.45214438
6031.486 0.45013335
6032.486 0.44812363
6033.486 0.44635597
6034.486 0.44459075
6035.486 0.44304222
6036.486 0.44149587
6037.486 0.44031823
6038.486 0.43914425
6039.486 0.43839893
6040.486 0.43765786
6041.486 0.43692875
6042.486 0.43619978
6043.486 0.43525094
6044.486 0.4342999
6045.486 0.43351254
6046.486 0.43272686
6047.486 0.43262142
6048.486 0.43252286
6049.486 0.43334666
6050.486 0.43417978
6051.486 0.43564862
6052.486 0.43712386
6053.486 0.4384186
6054.486 0.43971154
6055.486 0.43991315
6056.486 0.4401037
6057.486 0.43917966
6058.486 0.43824437
6059.486 0.4371033
6060.486 0.43596014
6061.486 0.43526003
6062.486 0.43456435
6063.486 0.43409666
6064.486 0.43363127
6065.486 0.43298334
6066.486 0.43233356
6067.486 0.43160954
6068.486 0.43088478
6069.486 0.43054217
6070.486 0.4302035
6071.486 0.4299808
6072.486 0.42975932
6073.486 0.42886862
6074.486 0.4279711
6075.486 0.4265396
6076.486 0.42510265
6077.486 0.42398578
6078.486 0.4228722
6079.486 0.42223856
6080.486 0.42160985
6081.486 0.4206835
6082.486 0.41975415
6083.486 0.4181478
6084.486 0.4165345
6085.486 0.41484815
6086.486 0.41316104
6087.486 0.41208363
6088.486 0.41101253
6089.486 0.41075024
6090.486 0.4104963
6091.486 0.4110211
6092.486 0.41155395
6093.486 0.41243982
6094.486 0.41332936
6095.486 0.41369864
6096.486 0.41406256
6097.486 0.4134789
6098.486 0.4128855
6099.486 0.4119679
6100.486 0.41104698
6101.486 0.41051418
6102.486 0.40998536
6103.486 0.4096888
6104.486 0.40939465
6105.486 0.40894532
6106.486 0.40849435
6107.486 0.40750647
6108.486 0.40651298
6109.486 0.40427127
6110.486 0.4020166
6111.486 0.3982981
6112.486 0.3945644
6113.486 0.39046016
6114.486 0.3863521
6115.486 0.3834539
6116.486 0.38056833
6117.486 0.37973803
6118.486 0.3789291
6119.486 0.37788153
6120.486 0.37683147
6121.486 0.37475395
6122.486 0.37266573
6123.486 0.3697429
6124.486 0.36681136
6125.486 0.36364102
6126.486 0.36046818
6127.486 0.35787448
6128.486 0.35528687
6129.486 0.35393143
6130.486 0.35258883
6131.486 0.35193837
6132.486 0.3512952
