3303.364 4.838884e-15
3304.8506 1.0736701e-14
3306.3372000000004 1.6634518e-14
3307.8238000000006 1.6888961e-14
3309.3104000000008 1.7141506e-14
3310.797000000001 1.1767802e-14
3312.283600000001 6.3906904e-15
3313.7702000000013 4.884534e-15
3315.2568000000015 3.3817653e-15
3316.7434000000017 6.2503586e-15
3318.230000000002 9.124251e-15
3319.716600000002 5.748969e-15
3321.203200000002 2.3644247e-15
3322.6898000000024 4.0517978e-15
3324.1764000000026 5.748057e-15
3325.6630000000027 5.3671925e-15
3327.149600000003 4.9819878e-15
3328.636200000003 6.584662e-15
3330.1228000000033 8.192028e-15
3331.6094000000035 7.080575e-15
3333.0960000000036 5.9619706e-15
3334.582600000004 5.7188357e-15
3336.069200000004 5.4783e-15
3337.555800000004 6.7560356e-15
3339.0424000000044 8.038689e-15
3340.5290000000045 9.881444e-15
3342.0156000000047 1.1726165e-14
3343.502200000005 7.346605e-15
3344.988800000005 2.9430878e-15
3346.4754000000053 3.9452855e-15
3347.9620000000054 4.969756e-15
3349.4486000000056 5.2960943e-15
3350.935200000006 5.6193665e-15
3352.421800000006 5.5322754e-15
3353.908400000006 5.4432425e-15
3355.3950000000063 5.745948e-15
3356.8816000000065 6.050613e-15
3358.3682000000067 6.6917504e-15
3359.854800000007 7.3346624e-15
3361.341400000007 6.4214915e-15
3362.8280000000073 5.499689e-15
3364.3146000000074 4.597119e-15
3365.8012000000076 3.694662e-15
3367.287800000008 4.9038286e-15
3368.774400000008 6.1260006e-15
3370.261000000008 5.4422117e-15
3371.7476000000083 4.7461645e-15
3373.2342000000085 7.239858e-15
3374.7208000000087 9.755154e-15
3376.207400000009 8.714101e-15
3377.694000000009 7.6479935e-15
3379.1806000000092 8.437504e-15
3380.6672000000094 9.240595e-15
3382.1538000000096 7.976405e-15
3383.64040000001 6.696381e-15
3385.12700000001 7.535335e-15
3386.61360000001 8.391098e-15
3388.1002000000103 8.29981e-15
3389.5868000000105 8.20075e-15
3391.0734000000107 6.811934e-15
3392.560000000011 5.412093e-15
3394.046600000011 6.007331e-15
3395.533200000011 6.6201694e-15
3397.0198000000114 6.6038072e-15
3398.5064000000116 6.581722e-15
3399.9930000000118 6.5447923e-15
3401.479600000012 6.507722e-15
3402.966200000012 7.1900205e-15
3404.4528000000123 7.879307e-15
3405.9394000000125 6.9064445e-15
3407.4260000000127 5.9169817e-15
3408.912600000013 6.1891173e-15
3410.399200000013 6.4742857e-15
3411.885800000013 7.512447e-15
3413.3724000000134 8.558594e-15
3414.8590000000136 8.230549e-15
3416.3456000000137 7.887552e-15
3417.832200000014 8.219271e-15
3419.318800000014 8.558561e-15
3420.8054000000143 7.866552e-15
3422.2920000000145 7.162683e-15
3423.7786000000146 6.8165396e-15
3425.265200000015 6.474608e-15
3426.751800000015 7.12444e-15
3428.238400000015 7.786291e-15
3429.7250000000154 8.191809e-15
3431.2116000000156 8.5941504e-15
3432.6982000000157 7.6417136e-15
3434.184800000016 6.6721116e-15
3435.671400000016 6.8052037e-15
3437.1580000000163 6.952648e-15
3438.6446000000165 6.382005e-15
3440.1312000000166 5.8018174e-15
3441.617800000017 6.5552164e-15
3443.104400000017 7.326709e-15
3444.591000000017 8.595215e-15
3446.0776000000174 9.870637e-15
3447.5642000000175 8.704681e-15
3449.0508000000177 7.50408e-15
3450.537400000018 8.292545e-15
3452.024000000018 9.109785e-15
3453.5106000000183 8.4204e-15
3454.9972000000184 7.708488e-15
3456.4838000000186 7.6650646e-15
3457.970400000019 7.63173e-15
3459.457000000019 7.788182e-15
3460.943600000019 7.94755e-15
3462.4302000000193 8.325412e-15
3463.9168000000195 8.706739e-15
3465.4034000000197 8.2036445e-15
3466.89000000002 7.686407e-15
3468.37660000002 8.014448e-15
3469.8632000000202 8.356242e-15
3471.3498000000204 7.331436e-15
3472.8364000000206 6.2837313e-15
3474.323000000021 6.742378e-15
3475.809600000021 7.226476e-15
3477.296200000021 7.525211e-15
3478.7828000000213 7.820761e-15
3480.2694000000215 7.219246e-15
3481.7560000000217 6.601887e-15
3483.242600000022 7.32872e-15
3484.729200000022 8.07948e-15
3486.215800000022 8.2136785e-15
3487.7024000000224 8.3367295e-15
3489.1890000000226 8.377014e-15
3490.6756000000228 8.415762e-15
3492.162200000023 7.551862e-15
3493.648800000023 6.6710756e-15
3495.1354000000233 7.474329e-15
3496.6220000000235 8.3095575e-15
3498.1086000000237 8.341218e-15
3499.595200000024 8.3572286e-15
3501.081800000024 8.492358e-15
3502.568400000024 8.629824e-15
3504.0550000000244 8.926999e-15
3505.5416000000246 9.227352e-15
3507.0282000000248 9.854747e-15
3508.514800000025 1.048881e-14
3510.001400000025 1.0375221e-14
3511.4880000000253 1.0246286e-14
3512.9746000000255 1.0020847e-14
3514.4612000000257 9.7934e-15
3515.947800000026 1.0049575e-14
3517.434400000026 1.0316049e-14
3518.921000000026 1.0628957e-14
3520.4076000000264 1.094286e-14
3521.8942000000266 1.0933154e-14
3523.3808000000267 1.0916418e-14
3524.867400000027 1.12590415e-14
3526.354000000027 1.1609646e-14
3527.8406000000273 1.18030255e-14
3529.3272000000275 1.1992891e-14
3530.8138000000276 1.2186442e-14
3532.300400000028 1.2380075e-14
3533.787000000028 1.23242235e-14
3535.273600000028 1.2262603e-14
3536.7602000000284 1.22419215e-14
3538.2468000000285 1.22221925e-14
3539.7334000000287 1.2736233e-14
3541.220000000029 1.32629545e-14
3542.706600000029 1.3464887e-14
3544.1932000000293 1.3659013e-14
3545.6798000000294 1.3932399e-14
3547.1664000000296 1.4207702e-14
3548.65300000003 1.4213008e-14
3550.13960000003 1.421165e-14
3551.62620000003 1.4156502e-14
3553.1128000000303 1.4100012e-14
3554.5994000000305 1.3989686e-14
3556.0860000000307 1.3878009e-14
3557.572600000031 1.4541394e-14
3559.059200000031 1.5224616e-14
3560.5458000000312 1.4855833e-14
3562.0324000000314 1.4459826e-14
3563.5190000000316 1.5079587e-14
3565.005600000032 1.5725778e-14
3566.492200000032 1.5775912e-14
3567.978800000032 1.5810243e-14
3569.4654000000323 1.5956705e-14
3570.9520000000325 1.6106172e-14
3572.4386000000327 1.5698045e-14
3573.925200000033 1.5274896e-14
3575.411800000033 1.5697433e-14
3576.8984000000332 1.6143176e-14
3578.3850000000334 1.616004e-14
3579.8716000000336 1.6165016e-14
3581.358200000034 1.5903252e-14
3582.844800000034 1.5634019e-14
3584.331400000034 1.6813248e-14
3585.8180000000343 1.803356e-14
3587.3046000000345 1.7908511e-14
3588.7912000000347 1.774492e-14
3590.277800000035 1.7680137e-14
3591.764400000035 1.7618214e-14
3593.251000000035 1.7862232e-14
3594.7376000000354 1.8115212e-14
3596.2242000000356 1.8418621e-14
3597.7108000000358 1.8723521e-14
3599.197400000036 1.8531075e-14
3600.684000000036 1.8323779e-14
3602.1706000000363 1.8054775e-14
3603.6572000000365 1.7783906e-14
3605.1438000000367 1.8194813e-14
3606.630400000037 1.8626517e-14
3608.117000000037 1.8134284e-14
3609.603600000037 1.7613608e-14
3611.0902000000374 1.7368361e-14
3612.5768000000376 1.7131675e-14
3614.0634000000377 1.7546531e-14
3615.550000000038 1.7981866e-14
3617.036600000038 1.7669322e-14
3618.5232000000383 1.7333059e-14
3620.0098000000385 1.7328383e-14
3621.4964000000386 1.7334321e-14
3622.983000000039 1.7094853e-14
3624.469600000039 1.6847441e-14
3625.956200000039 1.6916146e-14
3627.4428000000394 1.6995169e-14
3628.9294000000395 1.7042152e-14
3630.4160000000397 1.708808e-14
3631.90260000004 1.686966e-14
3633.38920000004 1.664244e-14
3634.8758000000403 1.6923881e-14
3636.3624000000405 1.72224e-14
3637.8490000000406 1.6998313e-14
3639.335600000041 1.6756526e-14
3640.822200000041 1.6554356e-14
3642.308800000041 1.6353541e-14
3643.7954000000414 1.6444423e-14
3645.2820000000415 1.6545372e-14
3646.7686000000417 1.6349045e-14
3648.255200000042 1.6142371e-14
3649.741800000042 1.634582e-14
3651.2284000000423 1.656369e-14
3652.7150000000424 1.682383e-14
3654.2016000000426 1.7085466e-14
3655.688200000043 1.722688e-14
3657.174800000043 1.7363996e-14
3658.661400000043 1.771553e-14
3660.1480000000433 1.8074807e-14
3661.6346000000435 1.7730451e-14
3663.1212000000437 1.7360487e-14
3664.607800000044 1.7674513e-14
3666.094400000044 1.8013628e-14
3667.5810000000442 1.8494717e-14
3669.0676000000444 1.8981066e-14
3670.5542000000446 1.8852194e-14
3672.040800000045 1.8700355e-14
3673.527400000045 1.8705022e-14
3675.014000000045 1.871558e-14
3676.5006000000453 1.8633054e-14
3677.9872000000455 1.8546996e-14
3679.4738000000457 1.8989047e-14
3680.960400000046 1.9451312e-14
3682.447000000046 1.9424935e-14
3683.933600000046 1.9379716e-14
3685.4202000000464 1.9120639e-14
3686.9068000000466 1.8853237e-14
3688.3934000000468 1.924424e-14
3689.880000000047 1.9661061e-14
3691.366600000047 1.994274e-14
3692.8532000000473 2.0219081e-14
3694.3398000000475 2.0264735e-14
3695.8264000000477 2.0301191e-14
3697.313000000048 1.9991343e-14
3698.799600000048 1.9667587e-14
3700.286200000048 1.9876426e-14
3701.7728000000484 2.010681e-14
3703.2594000000486 1.9870034e-14
3704.7460000000488 1.961419e-14
3706.232600000049 1.9585706e-14
3707.719200000049 1.9566568e-14
3709.2058000000493 1.8765945e-14
3710.6924000000495 1.7932967e-14
3712.1790000000497 1.8133197e-14
3713.66560000005 1.8376578e-14
3715.15220000005 1.7934755e-14
3716.63880000005 1.7464115e-14
3718.1254000000504 1.6816863e-14
3719.6120000000506 1.6162134e-14
3721.0986000000507 1.5706618e-14
3722.585200000051 1.5259612e-14
3724.071800000051 1.514289e-14
3725.5584000000513 1.5040373e-14
3727.0450000000515 1.457306e-14
3728.5316000000516 1.4089952e-14
3730.018200000052 1.3857619e-14
3731.504800000052 1.36362386e-14
3732.991400000052 1.3376227e-14
3734.4780000000524 1.3114519e-14
3735.9646000000525 1.3280212e-14
3737.4512000000527 1.34648194e-14
3738.937800000053 1.3108586e-14
3740.424400000053 1.2728219e-14
3741.9110000000533 1.2841122e-14
3743.3976000000534 1.2976178e-14
3744.8842000000536 1.2538451e-14
3746.370800000054 1.2074829e-14
3747.857400000054 1.2064594e-14
3749.344000000054 1.2075023e-14
3750.8306000000543 1.2160158e-14
3752.3172000000545 1.224872e-14
3753.8038000000547 1.2177729e-14
3755.290400000055 1.2099373e-14
3756.777000000055 1.1934347e-14
3758.2636000000552 1.1765288e-14
3759.7502000000554 1.1679491e-14
3761.2368000000556 1.1597594e-14
3762.723400000056 1.15662595e-14
3764.210000000056 1.1537309e-14
3765.696600000056 1.1572247e-14
3767.1832000000563 1.1610219e-14
3768.6698000000565 1.15836795e-14
3770.1564000000567 1.1554057e-14
3771.643000000057 1.1608456e-14
3773.129600000057 1.1666895e-14
3774.6162000000572 1.1635484e-14
3776.1028000000574 1.1599721e-14
3777.5894000000576 1.14056984e-14
3779.076000000058 1.1203962e-14
3780.562600000058 1.14591445e-14
3782.049200000058 1.1736735e-14
3783.5358000000583 1.1540115e-14
3785.0224000000585 1.13200626e-14
3786.5090000000587 1.0887404e-14
3787.995600000059 1.0444176e-14
3789.482200000059 1.0268285e-14
3790.968800000059 1.0105762e-14
3792.4554000000594 1.04050425e-14
3793.9420000000596 1.07275876e-14
3795.4286000000598 1.051098e-14
3796.91520000006 1.02670515e-14
3798.40180000006 1.0070799e-14
3799.8884000000603 9.876976e-15
3801.3750000000605 9.851994e-15
3802.8616000000607 9.835669e-15
3804.348200000061 9.85016e-15
3805.834800000061 9.8662415e-15
3807.321400000061 9.8425025e-15
3808.8080000000614 9.816695e-15
3810.2946000000616 9.712655e-15
3811.7812000000617 9.604527e-15
3813.267800000062 9.5047846e-15
3814.754400000062 9.4054835e-15
3816.2410000000623 9.306627e-15
3817.7276000000625 9.2077945e-15
3819.2142000000626 9.4323006e-15
3820.700800000063 9.67401e-15
3822.187400000063 9.662694e-15
3823.674000000063 9.637823e-15
3825.1606000000634 9.564425e-15
3826.6472000000635 9.488413e-15
3828.1338000000637 9.430007e-15
3829.620400000064 9.372555e-15
3831.107000000064 9.611442e-15
3832.5936000000643 9.866495e-15
3834.0802000000645 1.0056182e-14
3835.5668000000646 1.02422834e-14
3837.053400000065 1.04101095e-14
3838.540000000065 1.0576928e-14
3840.026600000065 1.050377e-14
3841.5132000000654 1.0417287e-14
3842.9998000000655 1.084164e-14
3844.4864000000657 1.1294509e-14
3845.973000000066 1.1353908e-14
3847.459600000066 1.1391224e-14
3848.9462000000663 1.1374857e-14
3850.4328000000664 1.1355457e-14
3851.9194000000666 1.1631747e-14
3853.406000000067 1.1924831e-14
3854.892600000067 1.2029322e-14
3856.379200000067 1.2123044e-14
3857.8658000000673 1.2419765e-14
3859.3524000000675 1.2728152e-14
3860.8390000000677 1.306111e-14
3862.325600000068 1.3395488e-14
3863.812200000068 1.3771459e-14
3865.2988000000682 1.4149845e-14
3866.7854000000684 1.443038e-14
3868.2720000000686 1.4705193e-14
3869.758600000069 1.5124695e-14
3871.245200000069 1.5552697e-14
3872.731800000069 1.5820837e-14
3874.2184000000693 1.6079536e-14
3875.7050000000695 1.6333738e-14
3877.1916000000697 1.6587673e-14
3878.67820000007 1.688853e-14
3880.16480000007 1.719219e-14
3881.65140000007 1.7572534e-14
3883.1380000000704 1.795748e-14
3884.6246000000706 1.8289205e-14
3886.1112000000708 1.8617715e-14
3887.597800000071 1.9125665e-14
3889.084400000071 1.9644513e-14
3890.5710000000713 2.003909e-14
3892.0576000000715 2.0426086e-14
3893.5442000000717 2.060275e-14
3895.030800000072 2.0766466e-14
3896.517400000072 2.1261418e-14
3898.004000000072 2.1776809e-14
3899.4906000000724 2.2522786e-14
3900.9772000000726 2.328306e-14
3902.4638000000728 2.3482347e-14
3903.950400000073 2.3646551e-14
3905.437000000073 2.388486e-14
3906.9236000000733 2.4127813e-14
3908.4102000000735 2.4114049e-14
3909.8968000000737 2.4084113e-14
3911.383400000074 2.454174e-14
3912.870000000074 2.5030339e-14
3914.356600000074 2.546427e-14
3915.8432000000744 2.5894719e-14
3917.3298000000746 2.5957164e-14
3918.8164000000747 2.5996061e-14
3920.303000000075 2.611968e-14
3921.789600000075 2.6248767e-14
3923.2762000000753 2.6417143e-14
3924.7628000000755 2.658806e-14
3926.2494000000756 2.632199e-14
3927.736000000076 2.6027527e-14
3929.222600000076 2.638181e-14
3930.709200000076 2.6778594e-14
3932.1958000000764 2.6902405e-14
3933.6824000000765 2.7008293e-14
3935.1690000000767 2.693859e-14
3936.655600000077 2.6857307e-14
3938.142200000077 2.7047592e-14
3939.6288000000773 2.7255936e-14
3941.1154000000774 2.709742e-14
3942.6020000000776 2.6914448e-14
3944.088600000078 2.7132007e-14
3945.575200000078 2.7376388e-14
3947.061800000078 2.7658484e-14
3948.5484000000783 2.7943126e-14
3950.0350000000785 2.79527e-14
3951.5216000000787 2.7943664e-14
3953.008200000079 2.7938394e-14
3954.494800000079 2.7933378e-14
3955.9814000000792 2.7861295e-14
3957.4680000000794 2.7784617e-14
3958.9546000000796 2.7858043e-14
3960.44120000008 2.7941772e-14
3961.92780000008 2.8069227e-14
3963.41440000008 2.8199697e-14
3964.9010000000803 2.832189e-14
3966.3876000000805 2.8443505e-14
3967.8742000000807 2.859112e-14
3969.360800000081 2.8740546e-14
3970.847400000081 2.8914154e-14
3972.3340000000812 2.9089456e-14
3973.8206000000814 2.9072546e-14
3975.3072000000816 2.9042087e-14
3976.793800000082 2.899181e-14
3978.280400000082 2.8940134e-14
3979.767000000082 2.8852643e-14
3981.2536000000823 2.8762606e-14
3982.7402000000825 2.8208306e-14
3984.2268000000827 2.762081e-14
3985.713400000083 2.7438672e-14
3987.200000000083 2.728558e-14
3988.686600000083 2.7178043e-14
3990.1732000000834 2.7073795e-14
3991.6598000000836 2.655483e-14
3993.1464000000838 2.6005797e-14
3994.633000000084 2.5479635e-14
3996.119600000084 2.4955137e-14
3997.6062000000843 2.455277e-14
3999.0928000000845 2.4159343e-14
4000.5794000000847 2.3952686e-14
4002.066000000085 2.3759757e-14
4003.552600000085 2.3554296e-14
4005.039200000085 2.3347911e-14
4006.5258000000854 2.2790135e-14
4008.0124000000856 2.2206282e-14
4009.4990000000857 2.1981076e-14
4010.985600000086 2.1782597e-14
4012.472200000086 2.1701994e-14
4013.9588000000863 2.1630194e-14
4015.4454000000865 2.1340385e-14
4016.9320000000866 2.1034176e-14
4018.418600000087 2.07677e-14
4019.905200000087 2.0504223e-14
4021.391800000087 2.0380197e-14
4022.8784000000874 2.0266746e-14
4024.3650000000875 2.015845e-14
4025.8516000000877 2.0050549e-14
4027.338200000088 1.992848e-14
4028.824800000088 1.9805326e-14
4030.3114000000883 1.9787028e-14
4031.7980000000885 1.977679e-14
4033.2846000000886 1.9893956e-14
4034.771200000089 2.0020962e-14
4036.257800000089 1.9892543e-14
4037.744400000089 1.9744314e-14
4039.2310000000894 1.9860395e-14
4040.7176000000895 1.9997055e-14
4042.2042000000897 2.0127754e-14
4043.69080000009 2.0257987e-14
4045.17740000009 2.0149543e-14
4046.6640000000903 2.0022344e-14
4048.1506000000904 2.0284294e-14
4049.6372000000906 2.0576943e-14
4051.123800000091 2.0683332e-14
4052.610400000091 2.0774969e-14
4054.097000000091 2.1075721e-14
4055.5836000000913 2.139312e-14
4057.0702000000915 2.1461131e-14
4058.5568000000917 2.1509212e-14
4060.043400000092 2.1689088e-14
4061.530000000092 2.1879535e-14
4063.0166000000922 2.21673e-14
4064.5032000000924 2.2462909e-14
4065.9898000000926 2.2530004e-14
4067.476400000093 2.2578607e-14
4068.963000000093 2.2831067e-14
4070.449600000093 2.3100086e-14
4071.9362000000933 2.3218925e-14
4073.4228000000935 2.3325502e-14
4074.9094000000937 2.328393e-14
4076.396000000094 2.3230214e-14
4077.882600000094 2.3309315e-14
4079.369200000094 2.3399341e-14
4080.8558000000944 2.3387444e-14
4082.3424000000946 2.336712e-14
4083.8290000000948 2.3517677e-14
4085.315600000095 2.3682413e-14
4086.802200000095 2.3556972e-14
4088.2888000000953 2.3407362e-14
4089.7754000000955 2.3463998e-14
4091.2620000000957 2.3537895e-14
4092.748600000096 2.369245e-14
4094.235200000096 2.385378e-14
4095.721800000096 2.3845468e-14
4097.208400000096 2.3822852e-14
4098.695000000096 2.3627206e-14
4100.181600000096 2.3416942e-14
4101.6682000000965 2.3397032e-14
4103.154800000097 2.3393276e-14
4104.641400000097 2.3555834e-14
4106.128000000097 2.373256e-14
4107.614600000097 2.3799332e-14
4109.101200000097 2.3856703e-14
4110.587800000098 2.3685437e-14
4112.074400000098 2.349453e-14
4113.561000000098 2.3577143e-14
4115.047600000098 2.368334e-14
4116.534200000098 2.3605036e-14
4118.0208000000985 2.3510768e-14
4119.507400000099 2.343701e-14
4120.994000000099 2.3365035e-14
4122.480600000099 2.335059e-14
4123.967200000099 2.3341165e-14
4125.453800000099 2.3235676e-14
4126.9404000000995 2.3121772e-14
4128.4270000001 2.3058998e-14
4129.9136000001 2.300072e-14
4131.4002000001 2.2917796e-14
4132.8868000001 2.2832696e-14
4134.3734000001 2.2759735e-14
4135.860000000101 2.2687849e-14
4137.346600000101 2.2809564e-14
4138.833200000101 2.294851e-14
4140.319800000101 2.2900893e-14
4141.806400000101 2.2836611e-14
4143.2930000001015 2.2830692e-14
4144.779600000102 2.2830004e-14
4146.266200000102 2.2930264e-14
4147.752800000102 2.3039647e-14
4149.239400000102 2.2933458e-14
4150.726000000102 2.2807792e-14
4152.212600000103 2.2834877e-14
4153.699200000103 2.2875814e-14
4155.185800000103 2.2973458e-14
4156.672400000103 2.3076284e-14
4158.159000000103 2.3141076e-14
4159.6456000001035 2.320239e-14
4161.132200000104 2.312587e-14
4162.618800000104 2.3036652e-14
4164.105400000104 2.3132387e-14
4165.592000000104 2.324522e-14
4167.078600000104 2.3220966e-14
4168.565200000105 2.3184039e-14
4170.051800000105 2.3430564e-14
4171.538400000105 2.37035e-14
4173.025000000105 2.3728385e-14
4174.511600000105 2.3730079e-14
4175.9982000001055 2.3718783e-14
4177.484800000106 2.370627e-14
4178.971400000106 2.3804084e-14
4180.458000000106 2.3912292e-14
4181.944600000106 2.3895979e-14
4183.431200000106 2.3867891e-14
4184.917800000107 2.3683073e-14
4186.404400000107 2.348344e-14
4187.891000000107 2.3372522e-14
4189.377600000107 2.3270058e-14
4190.864200000107 2.3452508e-14
4192.3508000001075 2.366219e-14
4193.837400000108 2.3717224e-14
4195.324000000108 2.3757477e-14
4196.810600000108 2.3758996e-14
4198.297200000108 2.3756784e-14
4199.783800000108 2.3747937e-14
4201.270400000109 2.3738449e-14
4202.757000000109 2.3681063e-14
4204.243600000109 2.3619048e-14
4205.730200000109 2.3541038e-14
4207.216800000109 2.3461473e-14
4208.7034000001095 2.3676333e-14
4210.19000000011 2.3919956e-14
4211.67660000011 2.3676917e-14
4213.16320000011 2.3386337e-14
4214.64980000011 2.3412128e-14
4216.13640000011 2.3469055e-14
4217.623000000111 2.3654186e-14
4219.109600000111 2.3851973e-14
4220.596200000111 2.3645308e-14
4222.082800000111 2.3398706e-14
4223.569400000111 2.3421542e-14
4225.056000000111 2.3471181e-14
4226.542600000112 2.339128e-14
4228.029200000112 2.3298453e-14
4229.515800000112 2.3186543e-14
4231.002400000112 2.3072727e-14
4232.489000000112 2.3029737e-14
4233.9756000001125 2.2993865e-14
4235.462200000113 2.2905655e-14
4236.948800000113 2.2812166e-14
4238.435400000113 2.2597982e-14
4239.922000000113 2.2371624e-14
4241.408600000113 2.2318483e-14
4242.895200000114 2.2282938e-14
4244.381800000114 2.2185526e-14
4245.868400000114 2.2081807e-14
4247.355000000114 2.1815173e-14
4248.841600000114 2.1531867e-14
4250.3282000001145 2.141528e-14
4251.814800000115 2.1315806e-14
4253.301400000115 2.13529e-14
4254.788000000115 2.1404055e-14
4256.274600000115 2.1189852e-14
4257.761200000115 2.0948212e-14
4259.247800000116 2.0869743e-14
4260.734400000116 2.0808198e-14
4262.221000000116 2.0718558e-14
4263.707600000116 2.0625996e-14
4265.194200000116 2.0441593e-14
4266.6808000001165 2.0247596e-14
4268.167400000117 2.0094444e-14
4269.654000000117 1.9945573e-14
4271.140600000117 1.9797813e-14
4272.627200000117 1.9650172e-14
4274.113800000117 1.9615082e-14
4275.600400000118 1.9591872e-14
4277.087000000118 1.947172e-14
4278.573600000118 1.9341308e-14
4280.060200000118 1.9148233e-14
4281.546800000118 1.8948505e-14
4283.0334000001185 1.8910036e-14
4284.520000000119 1.8888757e-14
4286.006600000119 1.895944e-14
4287.493200000119 1.9039956e-14
4288.979800000119 1.8969706e-14
4290.466400000119 1.8883287e-14
4291.95300000012 1.8823603e-14
4293.43960000012 1.8766798e-14
4294.92620000012 1.8741034e-14
4296.41280000012 1.8718622e-14
4297.89940000012 1.8580234e-14
4299.3860000001205 1.842928e-14
4300.872600000121 1.8399782e-14
4302.359200000121 1.8383481e-14
4303.845800000121 1.8297206e-14
4305.332400000121 1.8203297e-14
4306.819000000121 1.8114743e-14
4308.305600000122 1.8026774e-14
4309.792200000122 1.7907688e-14
4311.278800000122 1.7785188e-14
4312.765400000122 1.7641421e-14
4314.252000000122 1.7495311e-14
4315.7386000001225 1.7429482e-14
4317.225200000123 1.7372524e-14
4318.711800000123 1.7236353e-14
4320.198400000123 1.7091405e-14
4321.685000000123 1.693238e-14
4323.171600000123 1.677179e-14
4324.6582000001235 1.6640831e-14
4326.144800000124 1.6513178e-14
4327.631400000124 1.6457005e-14
4329.118000000124 1.640883e-14
4330.604600000124 1.6188663e-14
4332.091200000124 1.5949181e-14
4333.577800000125 1.5726144e-14
4335.064400000125 1.5504962e-14
4336.551000000125 1.5378645e-14
4338.037600000125 1.5263046e-14
4339.524200000125 1.5149116e-14
4341.0108000001255 1.5035377e-14
4342.497400000126 1.496951e-14
4343.984000000126 1.4909088e-14
4345.470600000126 1.4921463e-14
4346.957200000126 1.494214e-14
4348.443800000126 1.4922535e-14
4349.930400000127 1.4898319e-14
4351.417000000127 1.4811967e-14
4352.903600000127 1.471848e-14
4354.390200000127 1.473256e-14
4355.876800000127 1.4759026e-14
4357.3634000001275 1.4713537e-14
4358.850000000128 1.4659731e-14
4360.336600000128 1.464847e-14
4361.823200000128 1.4642137e-14
4363.309800000128 1.4586968e-14
4364.796400000128 1.452612e-14
4366.283000000129 1.4469977e-14
4367.769600000129 1.4414381e-14
4369.256200000129 1.4364359e-14
4370.742800000129 1.431499e-14
4372.229400000129 1.4264201e-14
4373.7160000001295 1.4213245e-14
4375.20260000013 1.4084808e-14
4376.68920000013 1.3947247e-14
4378.17580000013 1.39450515e-14
4379.66240000013 1.3958841e-14
4381.14900000013 1.3885508e-14
4382.635600000131 1.3801857e-14
4384.122200000131 1.3851325e-14
4385.608800000131 1.3916613e-14
4387.095400000131 1.3863465e-14
4388.582000000131 1.37962024e-14
4390.0686000001315 1.3749016e-14
4391.555200000132 1.3704228e-14
4393.041800000132 1.3456193e-14
4394.528400000132 1.31837815e-14
4396.015000000132 1.3124558e-14
4397.501600000132 1.3090974e-14
4398.988200000133 1.3062631e-14
4400.474800000133 1.3034921e-14
4401.961400000133 1.3071189e-14
4403.448000000133 1.31152e-14
4404.934600000133 1.2983273e-14
4406.4212000001335 1.2829992e-14
4407.907800000134 1.2754676e-14
4409.394400000134 1.2688848e-14
4410.881000000134 1.26667535e-14
4412.367600000134 1.265e-14
4413.854200000134 1.2668025e-14
4415.340800000135 1.26903094e-14
4416.827400000135 1.2694508e-14
4418.314000000135 1.2696486e-14
4419.800600000135 1.2709524e-14
4421.287200000135 1.27239265e-14
4422.773800000135 1.2694525e-14
4424.260400000136 1.2659712e-14
4425.747000000136 1.27765255e-14
4427.233600000136 1.2912128e-14
4428.720200000136 1.3008033e-14
4430.206800000136 1.3099004e-14
4431.6934000001365 1.3152186e-14
4433.180000000137 1.3200658e-14
4434.666600000137 1.32635974e-14
4436.153200000137 1.3328347e-14
4437.639800000137 1.3391984e-14
4439.126400000137 1.3455483e-14
4440.613000000138 1.3482447e-14
4442.099600000138 1.3504816e-14
4443.586200000138 1.3652598e-14
4445.072800000138 1.3816197e-14
4446.559400000138 1.3869509e-14
4448.0460000001385 1.3908865e-14
4449.532600000139 1.40494534e-14
4451.019200000139 1.4202888e-14
4452.505800000139 1.4436952e-14
4453.992400000139 1.4681275e-14
4455.479000000139 1.4808567e-14
4456.96560000014 1.4920919e-14
4458.45220000014 1.4910094e-14
4459.93880000014 1.4883502e-14
4461.42540000014 1.5045765e-14
4462.91200000014 1.5232265e-14
4464.3986000001405 1.5405896e-14
4465.885200000141 1.5577871e-14
4467.371800000141 1.5796971e-14
4468.858400000141 1.6022155e-14
4470.345000000141 1.6128229e-14
4471.831600000141 1.6218882e-14
4473.318200000142 1.6302145e-14
4474.804800000142 1.6384448e-14
4476.291400000142 1.6461889e-14
4477.778000000142 1.65387e-14
4479.264600000142 1.6517715e-14
4480.7512000001425 1.648396e-14
4482.237800000143 1.6614026e-14
4483.724400000143 1.6765554e-14
4485.211000000143 1.685997e-14
4486.697600000143 1.6946885e-14
4488.184200000143 1.6978477e-14
4489.670800000144 1.7002784e-14
4491.157400000144 1.7106791e-14
4492.644000000144 1.722133e-14
4494.130600000144 1.7368299e-14
4495.617200000144 1.7519565e-14
4497.1038000001445 1.7589527e-14
4498.590400000145 1.7648692e-14
4500.077000000145 1.7693913e-14
4501.563600000145 1.773728e-14
4503.050200000145 1.7775718e-14
4504.536800000145 1.78135e-14
4506.023400000146 1.7899978e-14
4507.510000000146 1.799298e-14
4508.996600000146 1.8141652e-14
4510.483200000146 1.82978e-14
4511.969800000146 1.8339202e-14
4513.4564000001465 1.8365143e-14
4514.943000000147 1.851594e-14
4516.429600000147 1.8683602e-14
4517.916200000147 1.883548e-14
4519.402800000147 1.8985222e-14
4520.889400000147 1.9118531e-14
4522.3760000001475 1.9249608e-14
4523.862600000148 1.94156e-14
4525.349200000148 1.9586346e-14
4526.835800000148 1.9624298e-14
4528.322400000148 1.9644119e-14
4529.809000000148 1.9856062e-14
4531.295600000149 2.0094322e-14
4532.782200000149 2.0188378e-14
4534.268800000149 2.026263e-14
4535.755400000149 2.0412091e-14
4537.242000000149 2.0571906e-14
4538.7286000001495 2.0663879e-14
4540.21520000015 2.0746483e-14
4541.70180000015 2.078284e-14
4543.18840000015 2.081279e-14
4544.67500000015 2.0977513e-14
4546.16160000015 2.1160943e-14
4547.648200000151 2.1267847e-14
4549.134800000151 2.1364097e-14
4550.621400000151 2.1403662e-14
4552.108000000151 2.1435314e-14
4553.594600000151 2.162612e-14
4555.0812000001515 2.1839198e-14
4556.567800000152 2.1934867e-14
4558.054400000152 2.2014054e-14
4559.541000000152 2.1938484e-14
4561.027600000152 2.1841136e-14
4562.514200000152 2.1892463e-14
4564.000800000153 2.1964765e-14
4565.487400000153 2.1939177e-14
4566.974000000153 2.1899734e-14
4568.460600000153 2.1970915e-14
4569.947200000153 2.205779e-14
4571.4338000001535 2.2036438e-14
4572.920400000154 2.1999694e-14
4574.407000000154 2.2036226e-14
4575.893600000154 2.2083211e-14
4577.380200000154 2.2109281e-14
4578.866800000154 2.2132358e-14
4580.353400000155 2.2048842e-14
4581.840000000155 2.1950042e-14
4583.326600000155 2.1919192e-14
4584.813200000155 2.1898114e-14
4586.299800000155 2.1837263e-14
4587.7864000001555 2.1770681e-14
4589.273000000156 2.1648314e-14
4590.759600000156 2.1517886e-14
4592.246200000156 2.1571973e-14
4593.732800000156 2.1652803e-14
4595.219400000156 2.166519e-14
4596.706000000157 2.1667635e-14
4598.192600000157 2.1658629e-14
4599.679200000157 2.1647955e-14
4601.165800000157 2.1634116e-14
4602.652400000157 2.1619816e-14
4604.1390000001575 2.1609218e-14
4605.625600000158 2.1599164e-14
4607.112200000158 2.1625878e-14
4608.598800000158 2.165799e-14
4610.085400000158 2.1660033e-14
4611.572000000158 2.1657648e-14
4613.058600000159 2.1730097e-14
4614.545200000159 2.181359e-14
4616.031800000159 2.1870497e-14
4617.518400000159 2.192347e-14
4619.005000000159 2.2001332e-14
4620.491600000159 2.2082888e-14
4621.97820000016 2.2115922e-14
4623.46480000016 2.2141738e-14
4624.95140000016 2.2100115e-14
4626.43800000016 2.2048439e-14
4627.92460000016 2.2040873e-14
4629.4112000001605 2.2039904e-14
4630.897800000161 2.200617e-14
4632.384400000161 2.1967523e-14
4633.871000000161 2.1900574e-14
4635.357600000161 2.1829372e-14
4636.844200000161 2.184587e-14
4638.330800000162 2.1875586e-14
4639.817400000162 2.1891795e-14
4641.304000000162 2.1905963e-14
4642.790600000162 2.1781013e-14
4644.277200000162 2.1634999e-14
4645.7638000001625 2.150418e-14
4647.250400000163 2.1375668e-14
4648.737000000163 2.1291291e-14
4650.223600000163 2.1213635e-14
4651.710200000163 2.1079135e-14
4653.196800000163 2.0935963e-14
4654.683400000164 2.0816399e-14
4656.170000000164 2.0700448e-14
4657.656600000164 2.0536991e-14
4659.143200000164 2.0366247e-14
4660.629800000164 2.0272995e-14
4662.1164000001645 2.0191658e-14
4663.603000000165 2.0051769e-14
4665.089600000165 1.990285e-14
4666.576200000165 1.963144e-14
4668.062800000165 1.93411e-14
4669.549400000165 1.9180156e-14
4671.036000000166 1.903926e-14
4672.522600000166 1.8917903e-14
4674.009200000166 1.8799583e-14
4675.495800000166 1.8745022e-14
4676.982400000166 1.8700392e-14
4678.4690000001665 1.8451373e-14
4679.955600000167 1.8170453e-14
4681.442200000167 1.7958057e-14
4682.928800000167 1.7756382e-14
4684.415400000167 1.7566377e-14
4685.902000000167 1.7378206e-14
4687.388600000168 1.7141374e-14
4688.875200000168 1.6896893e-14
4690.361800000168 1.684985e-14
4691.848400000168 1.6833926e-14
4693.335000000168 1.6672251e-14
4694.8216000001685 1.6487539e-14
4696.308200000169 1.6328068e-14
4697.794800000169 1.6172593e-14
4699.281400000169 1.616198e-14
4700.768000000169 1.6174365e-14
4702.254600000169 1.6159257e-14
4703.74120000017 1.613977e-14
4705.22780000017 1.6163325e-14
4706.71440000017 1.6193747e-14
4708.20100000017 1.6176645e-14
4709.68760000017 1.6151944e-14
4711.1742000001705 1.6144743e-14
4712.660800000171 1.614035e-14
4714.147400000171 1.6202275e-14
4715.634000000171 1.6274862e-14
4717.120600000171 1.6272077e-14
4718.607200000171 1.6257146e-14
4720.0938000001715 1.6197938e-14
4721.580400000172 1.6131578e-14
4723.067000000172 1.6041539e-14
4724.553600000172 1.5947662e-14
4726.040200000172 1.5822455e-14
4727.526800000172 1.5692161e-14
4729.013400000173 1.5576833e-14
4730.500000000173 1.5463938e-14
4731.986600000173 1.5339614e-14
4733.473200000173 1.5213425e-14
4734.959800000173 1.5104742e-14
4736.4464000001735 1.4998922e-14
4737.933000000174 1.4757592e-14
4739.419600000174 1.4494045e-14
4740.906200000174 1.4271077e-14
4742.392800000174 1.4054776e-14
4743.879400000174 1.3917018e-14
4745.366000000175 1.3792195e-14
4746.852600000175 1.3609546e-14
4748.339200000175 1.3417347e-14
4749.825800000175 1.322412e-14
4751.312400000175 1.3030723e-14
4752.7990000001755 1.2910451e-14
4754.285600000176 1.28023075e-14
4755.772200000176 1.2629474e-14
4757.258800000176 1.24458795e-14
4758.745400000176 1.2286863e-14
4760.232000000176 1.21319445e-14
4761.718600000177 1.2074875e-14
4763.205200000177 1.2034151e-14
4764.691800000177 1.1950568e-14
4766.178400000177 1.1859805e-14
4767.665000000177 1.1789574e-14
4769.1516000001775 1.1722791e-14
4770.638200000178 1.1678939e-14
4772.124800000178 1.1638946e-14
4773.611400000178 1.163241e-14
4775.098000000178 1.1631518e-14
4776.584600000178 1.1576008e-14
4778.071200000179 1.1511264e-14
4779.557800000179 1.14659835e-14
4781.044400000179 1.1424e-14
4782.531000000179 1.143496e-14
4784.017600000179 1.14549144e-14
4785.5042000001795 1.14578486e-14
4786.99080000018 1.1457884e-14
4788.47740000018 1.1438279e-14
4789.96400000018 1.14153216e-14
4791.45060000018 1.1456134e-14
4792.93720000018 1.1507859e-14
4794.423800000181 1.1466407e-14
4795.910400000181 1.1408978e-14
4797.397000000181 1.13763504e-14
4798.883600000181 1.1347983e-14
4800.370200000181 1.14245915e-14
4801.8568000001815 1.1519287e-14
4803.343400000182 1.1572495e-14
4804.830000000182 1.1618538e-14
4806.316600000182 1.1762717e-14
4807.803200000182 1.1923877e-14
4809.289800000182 1.2061923e-14
4810.776400000183 1.2195958e-14
4812.263000000183 1.2305492e-14
4813.749600000183 1.2410765e-14
4815.236200000183 1.2393571e-14
4816.722800000183 1.2355036e-14
4818.209400000183 1.2337107e-14
4819.696000000184 1.2322777e-14
4821.182600000184 1.2266248e-14
4822.669200000184 1.2202332e-14
4824.155800000184 1.2158146e-14
4825.642400000184 1.2117421e-14
4827.1290000001845 1.2084772e-14
4828.615600000185 1.2053543e-14
4830.102200000185 1.1925711e-14
4831.588800000185 1.1780847e-14
4833.075400000185 1.1808483e-14
4834.562000000185 1.18665945e-14
4836.048600000186 1.1788184e-14
4837.535200000186 1.168559e-14
4839.021800000186 1.1508832e-14
4840.508400000186 1.131891e-14
4841.995000000186 1.1225507e-14
4843.4816000001865 1.1149275e-14
4844.968200000187 1.1081149e-14
4846.454800000187 1.101447e-14
4847.941400000187 1.0950158e-14
4849.428000000187 1.088627e-14
4850.914600000187 1.0805952e-14
4852.401200000188 1.0722691e-14
4853.887800000188 1.0621968e-14
4855.374400000188 1.0518109e-14
4856.861000000188 1.04895095e-14
4858.347600000188 1.0474451e-14
4859.8342000001885 1.0447021e-14
4861.320800000189 1.0417359e-14
4862.807400000189 1.03696315e-14
4864.294000000189 1.03186375e-14
4865.780600000189 1.0324544e-14
4867.267200000189 1.0340758e-14
4868.75380000019 1.0302459e-14
4870.24040000019 1.0254265e-14
4871.72700000019 1.0148987e-14
4873.21360000019 1.003332e-14
4874.70020000019 1.0043412e-14
4876.1868000001905 1.00764395e-14
4877.673400000191 1.0018431e-14
4879.160000000191 9.9437865e-15
4880.646600000191 9.87199e-15
4882.133200000191 9.800715e-15
4883.619800000191 9.828178e-15
4885.106400000192 9.873769e-15
4886.593000000192 9.858451e-15
4888.079600000192 9.831927e-15
4889.566200000192 9.768486e-15
4891.052800000192 9.69824e-15
4892.5394000001925 9.7017316e-15
4894.026000000193 9.718851e-15
4895.512600000193 9.786552e-15
4896.999200000193 9.863621e-15
4898.485800000193 9.880718e-15
4899.972400000193 9.8866855e-15
4901.459000000194 1.00484145e-14
4902.945600000194 1.0239122e-14
4904.432200000194 1.0313751e-14
4905.918800000194 1.0366737e-14
4907.405400000194 1.0458939e-14
4908.8920000001945 1.0558467e-14
4910.378600000195 1.0722566e-14
4911.865200000195 1.0898759e-14
4913.351800000195 1.09564466e-14
4914.838400000195 1.0991893e-14
4916.325000000195 1.11451765e-14
4917.8116000001955 1.1320619e-14
4919.298200000196 1.1453942e-14
4920.784800000196 1.1579324e-14
4922.271400000196 1.1709817e-14
4923.758000000196 1.1841275e-14
4925.244600000196 1.2001815e-14
4926.731200000197 1.21678595e-14
4928.217800000197 1.23694364e-14
4929.704400000197 1.2577756e-14
4931.191000000197 1.2719451e-14
4932.677600000197 1.2848478e-14
4934.1642000001975 1.3084169e-14
4935.650800000198 1.3340181e-14
4937.137400000198 1.34443534e-14
4938.624000000198 1.3519524e-14
4940.110600000198 1.3639781e-14
4941.597200000198 1.3768666e-14
4943.083800000199 1.38305005e-14
4944.570400000199 1.3879478e-14
4946.057000000199 1.389796e-14
4947.543600000199 1.3910579e-14
4949.030200000199 1.40051214e-14
4950.5168000001995 1.4115444e-14
4952.0034000002 1.4077596e-14
4953.4900000002 1.4011151e-14
4954.9766000002 1.3993485e-14
4956.4632000002 1.3985256e-14
4957.9498000002 1.3887028e-14
4959.436400000201 1.3771352e-14
4960.923000000201 1.3735218e-14
4962.409600000201 1.3714534e-14
4963.896200000201 1.34930045e-14
4965.382800000201 1.3232365e-14
4966.8694000002015 1.3139063e-14
4968.356000000202 1.3078412e-14
4969.842600000202 1.2844873e-14
4971.329200000202 1.2577533e-14
4972.815800000202 1.2463649e-14
4974.302400000202 1.237984e-14
4975.789000000203 1.2229773e-14
4977.275600000203 1.2066697e-14
4978.762200000203 1.1844079e-14
4980.248800000203 1.16097444e-14
4981.735400000203 1.1530238e-14
4983.2220000002035 1.14812665e-14
4984.708600000204 1.1389018e-14
4986.195200000204 1.1288216e-14
4987.681800000204 1.1207493e-14
4989.168400000204 1.1130745e-14
4990.655000000204 1.1040401e-14
4992.141600000205 1.094736e-14
4993.628200000205 1.0888399e-14
4995.114800000205 1.0836217e-14
4996.601400000205 1.0732905e-14
4998.088000000205 1.0619405e-14
4999.5746000002055 1.0464607e-14
5001.061200000206 1.0301558e-14
5002.547800000206 1.02572564e-14
5004.034400000206 1.02367184e-14
5005.521000000206 1.0238467e-14
5007.007600000206 1.0244684e-14
5008.494200000207 1.0175217e-14
5009.980800000207 1.00905375e-14
5011.467400000207 1.00935944e-14
5012.954000000207 1.011432e-14
5014.440600000207 1.0091799e-14
5015.927200000207 1.0060552e-14
5017.413800000208 9.992881e-15
5018.900400000208 9.917843e-15
5020.387000000208 9.9751945e-15
5021.873600000208 1.0059375e-14
5023.360200000208 1.0037286e-14
5024.8468000002085 9.993619e-15
5026.333400000209 9.9180655e-15
5027.820000000209 9.836021e-15
5029.306600000209 9.834971e-15
5030.793200000209 9.850437e-15
5032.279800000209 9.856102e-15
5033.76640000021 9.859763e-15
5035.25300000021 9.891516e-15
5036.73960000021 9.929034e-15
5038.22620000021 9.97501e-15
5039.71280000021 1.00227215e-14
5041.1994000002105 1.0079065e-14
5042.686000000211 1.01371844e-14
5044.172600000211 1.015182e-14
5045.659200000211 1.0157479e-14
5047.145800000211 1.0216705e-14
5048.632400000211 1.0286989e-14
5050.119000000212 1.0340583e-14
5051.605600000212 1.0390717e-14
5053.092200000212 1.04344515e-14
5054.578800000212 1.04768565e-14
5056.065400000212 1.05775475e-14
5057.5520000002125 1.0690347e-14
5059.038600000213 1.0827576e-14
5060.525200000213 1.09699e-14
5062.011800000213 1.103245e-14
5063.498400000213 1.1078326e-14
5064.985000000213 1.11727415e-14
5066.471600000214 1.1277302e-14
5067.958200000214 1.1237441e-14
5069.444800000214 1.1167267e-14
5070.931400000214 1.1146238e-14
5072.418000000214 1.1135543e-14
5073.9046000002145 1.125398e-14
5075.391200000215 1.1399571e-14
5076.877800000215 1.14532636e-14
5078.364400000215 1.1487549e-14
5079.851000000215 1.15222e-14
5081.337600000215 1.1556929e-14
5082.824200000216 1.1515196e-14
5084.310800000216 1.1457285e-14
5085.797400000216 1.1487088e-14
5087.284000000216 1.1535527e-14
5088.770600000216 1.1710717e-14
5090.2572000002165 1.1912885e-14
5091.743800000217 1.2096029e-14
5093.230400000217 1.2275123e-14
5094.717000000217 1.23084196e-14
5096.203600000217 1.2310554e-14
5097.690200000217 1.2301109e-14
5099.176800000218 1.2289185e-14
5100.663400000218 1.2384297e-14
5102.150000000218 1.250233e-14
5103.636600000218 1.2583347e-14
5105.123200000218 1.26564036e-14
5106.6098000002185 1.2744198e-14
5108.096400000219 1.28351665e-14
5109.583000000219 1.28216995e-14
5111.069600000219 1.2785733e-14
5112.556200000219 1.28821726e-14
5114.042800000219 1.3007256e-14
5115.5294000002195 1.3048744e-14
5117.01600000022 1.3072116e-14
5118.50260000022 1.31338235e-14
5119.98920000022 1.3203839e-14
5121.47580000022 1.3216498e-14
5122.96240000022 1.3216674e-14
5124.449000000221 1.3328181e-14
5125.935600000221 1.3463961e-14
5127.422200000221 1.35970785e-14
5128.908800000221 1.3729615e-14
5130.395400000221 1.37289844e-14
5131.8820000002215 1.3699201e-14
5133.368600000222 1.36982075e-14
5134.855200000222 1.3703527e-14
5136.341800000222 1.3825425e-14
5137.828400000222 1.3972949e-14
5139.315000000222 1.4108631e-14
5140.801600000223 1.4241705e-14
5142.288200000223 1.426053e-14
5143.774800000223 1.4254148e-14
5145.261400000223 1.4295844e-14
5146.748000000223 1.4348172e-14
5148.2346000002235 1.4393631e-14
5149.721200000224 1.4437566e-14
5151.207800000224 1.451773e-14
5152.694400000224 1.4605935e-14
5154.181000000224 1.4730989e-14
5155.667600000224 1.486424e-14
5157.154200000225 1.4978904e-14
5158.640800000225 1.5089423e-14
5160.127400000225 1.5149838e-14
5161.614000000225 1.5199068e-14
5163.100600000225 1.5205583e-14
5164.5872000002255 1.520254e-14
5166.073800000226 1.5303981e-14
5167.560400000226 1.542884e-14
5169.047000000226 1.544011e-14
5170.533600000226 1.542587e-14
5172.020200000226 1.5408612e-14
5173.506800000227 1.5390677e-14
5174.993400000227 1.542242e-14
5176.480000000227 1.5465365e-14
5177.966600000227 1.5491026e-14
5179.453200000227 1.5512783e-14
5180.9398000002275 1.5500376e-14
5182.426400000228 1.5480234e-14
5183.913000000228 1.5487233e-14
5185.399600000228 1.5500386e-14
5186.886200000228 1.5507191e-14
5188.372800000228 1.5512555e-14
5189.859400000229 1.5538474e-14
5191.346000000229 1.5569074e-14
5192.832600000229 1.5683628e-14
5194.319200000229 1.5817332e-14
5195.805800000229 1.5926323e-14
5197.2924000002295 1.6029668e-14
5198.77900000023 1.5997266e-14
5200.26560000023 1.5933791e-14
5201.75220000023 1.5844256e-14
5203.23880000023 1.5748743e-14
5204.72540000023 1.579816e-14
5206.212000000231 1.5880884e-14
5207.698600000231 1.5941722e-14
5209.185200000231 1.5997522e-14
5210.671800000231 1.602602e-14
5212.158400000231 1.6048218e-14
5213.645000000231 1.6068674e-14
5215.131600000232 1.6088727e-14
5216.618200000232 1.6090002e-14
5218.104800000232 1.6086931e-14
5219.591400000232 1.6054232e-14
5221.078000000232 1.6014655e-14
5222.5646000002325 1.6012057e-14
5224.051200000233 1.6018052e-14
5225.537800000233 1.601086e-14
5227.024400000233 1.6000598e-14
5228.511000000233 1.6062162e-14
5229.997600000233 1.6140489e-14
5231.484200000234 1.6201333e-14
5232.970800000234 1.6258088e-14
5234.457400000234 1.6235897e-14
5235.944000000234 1.6195217e-14
5237.430600000234 1.6246707e-14
5238.9172000002345 1.6319828e-14
5240.403800000235 1.637482e-14
5241.890400000235 1.6425551e-14
5243.377000000235 1.6459397e-14
5244.863600000235 1.6489268e-14
5246.350200000235 1.644206e-14
5247.836800000236 1.6376657e-14
5249.323400000236 1.6284273e-14
5250.810000000236 1.6185507e-14
5252.296600000236 1.6136493e-14
5253.783200000236 1.6099262e-14
5255.2698000002365 1.6062433e-14
5256.756400000237 1.60257e-14
5258.243000000237 1.6008477e-14
5259.729600000237 1.5995895e-14
5261.216200000237 1.5913496e-14
5262.702800000237 1.5814464e-14
5264.189400000238 1.5740096e-14
5265.676000000238 1.5671617e-14
5267.162600000238 1.5585428e-14
5268.649200000238 1.5495004e-14
5270.135800000238 1.5395972e-14
5271.6224000002385 1.529488e-14
5273.109000000239 1.5204145e-14
5274.595600000239 1.5115898e-14
5276.082200000239 1.4977298e-14
5277.568800000239 1.482659e-14
5279.055400000239 1.4550815e-14
5280.54200000024 1.4244912e-14
5282.02860000024 1.40528475e-14
5283.51520000024 1.3888266e-14
5285.00180000024 1.3745025e-14
5286.48840000024 1.3606945e-14
5287.9750000002405 1.3502049e-14
5289.461600000241 1.34051926e-14
5290.948200000241 1.3169312e-14
5292.434800000241 1.2899681e-14
5293.921400000241 1.2753856e-14
5295.408000000241 1.263814e-14
5296.894600000242 1.2546319e-14
5298.381200000242 1.2460318e-14
5299.867800000242 1.2280154e-14
5301.354400000242 1.20770025e-14
5302.841000000242 1.2001018e-14
5304.3276000002425 1.195613e-14
5305.814200000243 1.1839526e-14
5307.300800000243 1.1705355e-14
5308.787400000243 1.1575812e-14
5310.274000000243 1.14474055e-14
5311.760600000243 1.135562e-14
5313.2472000002435 1.1272839e-14
5314.733800000244 1.1188815e-14
5316.220400000244 1.1104485e-14
5317.707000000244 1.1117429e-14
5319.193600000244 1.1154384e-14
5320.680200000244 1.1186812e-14
5322.166800000245 1.1218121e-14
5323.653400000245 1.1244436e-14
5325.140000000245 1.1269513e-14
5326.626600000245 1.12339566e-14
5328.113200000245 1.1183351e-14
5329.5998000002455 1.1163958e-14
5331.086400000246 1.1152326e-14
5332.573000000246 1.1195924e-14
5334.059600000246 1.1253275e-14
5335.546200000246 1.1317144e-14
5337.032800000246 1.138264e-14
5338.519400000247 1.1396689e-14
5340.006000000247 1.1397879e-14
5341.492600000247 1.14432965e-14
5342.979200000247 1.1499789e-14
5344.465800000247 1.1500708e-14
5345.9524000002475 1.148768e-14
5347.439000000248 1.1545673e-14
5348.925600000248 1.16215165e-14
5350.412200000248 1.165126e-14
5351.898800000248 1.1669397e-14
5353.385400000248 1.170645e-14
5354.872000000249 1.1748276e-14
5356.358600000249 1.1749403e-14
5357.845200000249 1.1740245e-14
5359.331800000249 1.17182765e-14
5360.818400000249 1.16930645e-14
5362.3050000002495 1.1677124e-14
5363.79160000025 1.1663535e-14
5365.27820000025 1.1594311e-14
5366.76480000025 1.1510949e-14
5368.25140000025 1.15267335e-14
5369.73800000025 1.1567751e-14
5371.224600000251 1.1571783e-14
5372.711200000251 1.1566381e-14
5374.197800000251 1.155194e-14
5375.684400000251 1.1535191e-14
5377.171000000251 1.1594922e-14
5378.6576000002515 1.1674226e-14
5380.144200000252 1.167108e-14
5381.630800000252 1.16468004e-14
5383.117400000252 1.1582295e-14
5384.604000000252 1.1507457e-14
5386.090600000252 1.1518063e-14
5387.577200000253 1.1550653e-14
5389.063800000253 1.1544879e-14
5390.550400000253 1.1529219e-14
5392.037000000253 1.15907565e-14
5393.523600000253 1.1672229e-14
5395.0102000002535 1.16908334e-14
5396.496800000254 1.1693177e-14
5397.983400000254 1.165039e-14
5399.470000000254 1.15959115e-14
5400.956600000254 1.1677949e-14
5402.443200000254 1.1795429e-14
5403.9298000002545 1.1824068e-14
5405.416400000255 1.18296045e-14
5406.903000000255 1.1796869e-14
5408.389600000255 1.1754164e-14
5409.876200000255 1.1750984e-14
5411.362800000255 1.175812e-14
5412.849400000256 1.1719496e-14
5414.336000000256 1.166891e-14
5415.822600000256 1.159553e-14
5417.309200000256 1.1516182e-14
5418.795800000256 1.148264e-14
5420.2824000002565 1.1461117e-14
5421.769000000257 1.1450258e-14
5423.255600000257 1.1442202e-14
5424.742200000257 1.1439375e-14
5426.228800000257 1.1437924e-14
5427.715400000257 1.1426921e-14
5429.202000000258 1.1413398e-14
5430.688600000258 1.1394551e-14
5432.175200000258 1.1374296e-14
5433.661800000258 1.1441578e-14
5435.148400000258 1.1532026e-14
5436.6350000002585 1.1560807e-14
5438.121600000259 1.1573235e-14
5439.608200000259 1.1558718e-14
5441.094800000259 1.1537045e-14
5442.581400000259 1.152973e-14
5444.068000000259 1.15262355e-14
5445.55460000026 1.14552355e-14
5447.04120000026 1.136624e-14
5448.52780000026 1.1389108e-14
5450.01440000026 1.1441846e-14
5451.50100000026 1.1376767e-14
5452.9876000002605 1.1280177e-14
5454.474200000261 1.1137357e-14
5455.960800000261 1.0982146e-14
5457.447400000261 1.094259e-14
5458.934000000261 1.0934078e-14
5460.420600000261 1.0826341e-14
5461.907200000262 1.0691925e-14
5463.393800000262 1.0629943e-14
5464.880400000262 1.0587476e-14
5466.367000000262 1.0573151e-14
5467.853600000262 1.056642e-14
5469.3402000002625 1.05078435e-14
5470.826800000263 1.0435254e-14
5472.313400000263 1.0307698e-14
5473.800000000263 1.0165257e-14
5475.286600000263 1.0090106e-14
5476.773200000263 1.0033209e-14
5478.259800000264 9.980169e-15
5479.746400000264 9.928177e-15
5481.233000000264 9.815788e-15
5482.719600000264 9.686956e-15
5484.206200000264 9.550066e-15
5485.6928000002645 9.410978e-15
5487.179400000265 9.364455e-15
5488.666000000265 9.343211e-15
5490.152600000265 9.3506135e-15
5491.639200000265 9.365856e-15
5493.125800000265 9.266454e-15
5494.612400000266 9.135631e-15
5496.099000000266 9.020473e-15
5497.585600000266 8.909618e-15
5499.072200000266 8.829518e-15
5500.558800000266 8.757879e-15
5502.045400000266 8.6926045e-15
5503.532000000267 8.629083e-15
5505.018600000267 8.676981e-15
5506.505200000267 8.7556246e-15
5507.991800000267 8.814213e-15
5509.478400000267 8.867257e-15
5510.9650000002675 8.879707e-15
5512.451600000268 8.880916e-15
5513.938200000268 8.8935215e-15
5515.424800000268 8.909288e-15
5516.911400000268 8.9153555e-15
5518.398000000268 8.918727e-15
5519.884600000269 9.000438e-15
5521.371200000269 9.103957e-15
5522.857800000269 9.1922345e-15
5524.344400000269 9.2762635e-15
5525.831000000269 9.349125e-15
5527.3176000002695 9.4188675e-15
5528.80420000027 9.5662935e-15
5530.29080000027 9.7354545e-15
5531.77740000027 9.8462845e-15
5533.26400000027 9.940769e-15
5534.75060000027 1.00506795e-14
5536.237200000271 1.01649205e-14
5537.723800000271 1.0279591e-14
5539.210400000271 1.0394382e-14
5540.697000000271 1.0452136e-14
5542.183600000271 1.0493823e-14
5543.6702000002715 1.0560522e-14
5545.156800000272 1.0634279e-14
5546.643400000272 1.0701716e-14
5548.130000000272 1.0767365e-14
5549.616600000272 1.0839274e-14
5551.103200000272 1.0912955e-14
5552.589800000273 1.1005981e-14
5554.076400000273 1.1104494e-14
5555.563000000273 1.1179301e-14
5557.049600000273 1.1247373e-14
5558.536200000273 1.12899726e-14
5560.0228000002735 1.1325326e-14
5561.509400000274 1.13756084e-14
5562.996000000274 1.1430148e-14
5564.482600000274 1.14232125e-14
5565.969200000274 1.1398723e-14
5567.455800000274 1.1479001e-14
5568.942400000275 1.15892395e-14
5570.429000000275 1.1623461e-14
5571.915600000275 1.16359084e-14
5573.402200000275 1.1658114e-14
5574.888800000275 1.168312e-14
5576.3754000002755 1.1687932e-14
5577.862000000276 1.16869405e-14
5579.348600000276 1.1715181e-14
5580.835200000276 1.1751838e-14
5582.321800000276 1.17451266e-14
5583.808400000276 1.17259065e-14
5585.295000000277 1.17459185e-14
5586.781600000277 1.1777264e-14
5588.268200000277 1.17331995e-14
5589.754800000277 1.16673156e-14
5591.241400000277 1.1631741e-14
5592.7280000002775 1.1604952e-14
5594.214600000278 1.1646913e-14
5595.701200000278 1.1708835e-14
5597.187800000278 1.1733635e-14
5598.674400000278 1.174764e-14
5600.161000000278 1.16851685e-14
5601.6476000002785 1.1600414e-14
5603.134200000279 1.1610039e-14
5604.620800000279 1.1647204e-14
5606.107400000279 1.16956226e-14
5607.594000000279 1.1747331e-14
5609.080600000279 1.1703441e-14
5610.56720000028 1.1631558e-14
5612.05380000028 1.1639752e-14
5613.54040000028 1.167143e-14
5615.02700000028 1.1672004e-14
5616.51360000028 1.1663445e-14
5618.0002000002805 1.1652594e-14
5619.486800000281 1.1641069e-14
5620.973400000281 1.1687182e-14
5622.460000000281 1.1750282e-14
5623.946600000281 1.1685269e-14
5625.433200000281 1.1582442e-14
5626.919800000282 1.1573026e-14
5628.406400000282 1.1591235e-14
5629.893000000282 1.1661706e-14
5631.379600000282 1.1747655e-14
5632.866200000282 1.1684887e-14
5634.3528000002825 1.1578004e-14
5635.839400000283 1.1546801e-14
5637.326000000283 1.1538091e-14
5638.812600000283 1.1532957e-14
5640.299200000283 1.15288875e-14
5641.785800000283 1.15157035e-14
5643.272400000284 1.1499801e-14
5644.759000000284 1.1445882e-14
5646.245600000284 1.1380606e-14
5647.732200000284 1.1404139e-14
5649.218800000284 1.1454237e-14
5650.7054000002845 1.14490996e-14
5652.192000000285 1.1427414e-14
5653.678600000285 1.145356e-14
5655.165200000285 1.1494064e-14
5656.651800000285 1.1478934e-14
5658.138400000285 1.1447079e-14
5659.625000000286 1.1354223e-14
5661.111600000286 1.1243002e-14
5662.598200000286 1.1246812e-14
5664.084800000286 1.128532e-14
5665.571400000286 1.12371185e-14
5667.0580000002865 1.1162722e-14
5668.544600000287 1.11350096e-14
5670.031200000287 1.11214215e-14
5671.517800000287 1.1050572e-14
5673.004400000287 1.0962366e-14
5674.491000000287 1.0873273e-14
5675.977600000288 1.0783911e-14
5677.464200000288 1.0822585e-14
5678.950800000288 1.0900187e-14
5680.437400000288 1.0938609e-14
5681.924000000288 1.0965096e-14
5683.4106000002885 1.0947081e-14
5684.897200000289 1.0915491e-14
5686.383800000289 1.09134435e-14
5687.870400000289 1.0920422e-14
5689.357000000289 1.0870342e-14
5690.843600000289 1.0802797e-14
5692.33020000029 1.0800794e-14
5693.81680000029 1.0818883e-14
5695.30340000029 1.0806733e-14
5696.79000000029 1.07852985e-14
5698.27660000029 1.0702291e-14
5699.76320000029 1.0600344e-14
5701.249800000291 1.05661575e-14
5702.736400000291 1.0552844e-14
5704.223000000291 1.0531411e-14
5705.709600000291 1.0507475e-14
5707.196200000291 1.04546126e-14
5708.6828000002915 1.03928105e-14
5710.169400000292 1.0366417e-14
5711.656000000292 1.0350983e-14
5713.142600000292 1.0354796e-14
5714.629200000292 1.0364574e-14
5716.115800000292 1.0376057e-14
5717.602400000293 1.0388069e-14
5719.089000000293 1.03645315e-14
5720.575600000293 1.0329937e-14
5722.062200000293 1.02792895e-14
5723.548800000293 1.022364e-14
5725.0354000002935 1.0196344e-14
5726.522000000294 1.0177896e-14
5728.008600000294 1.0132667e-14
5729.495200000294 1.0079069e-14
5730.981800000294 1.0008745e-14
5732.468400000294 9.933185e-15
5733.955000000295 9.866305e-15
5735.441600000295 9.802147e-15
5736.928200000295 9.8348276e-15
5738.414800000295 9.8979205e-15
5739.901400000295 9.892535e-15
5741.3880000002955 9.865611e-15
5742.874600000296 9.828192e-15
5744.361200000296 9.787465e-15
5745.847800000296 9.808449e-15
5747.334400000296 9.848909e-15
5748.821000000296 9.779668e-15
5750.307600000297 9.675757e-15
5751.794200000297 9.661887e-15
5753.280800000297 9.6765256e-15
5754.767400000297 9.686397e-15
5756.254000000297 9.694755e-15
5757.7406000002975 9.598815e-15
5759.227200000298 9.469753e-15
5760.713800000298 9.396316e-15
5762.200400000298 9.340569e-15
5763.687000000298 9.338156e-15
5765.173600000298 9.352737e-15
5766.660200000299 9.35745e-15
5768.146800000299 9.359014e-15
5769.633400000299 9.369219e-15
5771.120000000299 9.382184e-15
5772.606600000299 9.398769e-15
5774.0932000002995 9.416513e-15
5775.5798000003 9.406922e-15
5777.0664000003 9.3885666e-15
5778.5530000003 9.387623e-15
5780.0396000003 9.392268e-15
5781.5262000003 9.365467e-15
5783.012800000301 9.328552e-15
5784.499400000301 9.301734e-15
5785.986000000301 9.278169e-15
5787.472600000301 9.302097e-15
5788.959200000301 9.341347e-15
5790.4458000003015 9.401211e-15
5791.932400000302 9.467737e-15
5793.419000000302 9.527286e-15
5794.905600000302 9.584576e-15
5796.392200000302 9.611604e-15
5797.878800000302 9.628822e-15
5799.3654000003025 9.656191e-15
5800.852000000303 9.686855e-15
5802.338600000303 9.684747e-15
5803.825200000303 9.671982e-15
5805.311800000303 9.70345e-15
5806.798400000303 9.749324e-15
5808.285000000304 9.769632e-15
5809.771600000304 9.7816e-15
5811.258200000304 9.8258244e-15
5812.744800000304 9.880588e-15
5814.231400000304 1.000949e-14
5815.7180000003045 1.016265e-14
5817.204600000305 1.01834926e-14
5818.691200000305 1.0160962e-14
5820.177800000305 1.0123691e-14
5821.664400000305 1.0081583e-14
5823.151000000305 1.0153411e-14
5824.637600000306 1.0262696e-14
5826.124200000306 1.0301807e-14
5827.610800000306 1.03178074e-14
5829.097400000306 1.0372973e-14
5830.584000000306 1.0441055e-14
5832.0706000003065 1.0593313e-14
5833.557200000307 1.0773375e-14
5835.043800000307 1.0751637e-14
5836.530400000307 1.0663128e-14
5838.017000000307 1.0669039e-14
5839.503600000307 1.0706236e-14
5840.990200000308 1.0797419e-14
5842.476800000308 1.0906515e-14
5843.963400000308 1.0991597e-14
5845.450000000308 1.1068695e-14
5846.936600000308 1.1113467e-14
5848.4232000003085 1.1147476e-14
5849.909800000309 1.1176469e-14
5851.396400000309 1.12037895e-14
5852.883000000309 1.1254294e-14
5854.369600000309 1.1312542e-14
5855.856200000309 1.1355542e-14
5857.34280000031 1.13934436e-14
5858.82940000031 1.1404144e-14
5860.31600000031 1.1405734e-14
5861.80260000031 1.14600974e-14
5863.28920000031 1.1532169e-14
5864.7758000003105 1.16178455e-14
5866.262400000311 1.17080934e-14
5867.749000000311 1.1743381e-14
5869.235600000311 1.1760174e-14
5870.722200000311 1.1743847e-14
5872.208800000311 1.17163545e-14
5873.695400000312 1.1703731e-14
5875.182000000312 1.1696127e-14
5876.668600000312 1.1757533e-14
5878.155200000312 1.18422685e-14
5879.641800000312 1.1847089e-14
5881.1284000003125 1.1824844e-14
5882.615000000313 1.1788052e-14
5884.101600000313 1.1746326e-14
5885.588200000313 1.1780386e-14
5887.074800000313 1.1840186e-14
5888.561400000313 1.1874693e-14
5890.048000000314 1.1900594e-14
5891.534600000314 1.18897515e-14
5893.021200000314 1.18663895e-14
5894.507800000314 1.19304404e-14
5895.994400000314 1.2024319e-14
5897.481000000314 1.1941489e-14
5898.967600000315 1.17982575e-14
5900.454200000315 1.1818354e-14
5901.940800000315 1.18943585e-14
5903.427400000315 1.19033235e-14
5904.914000000315 1.18893085e-14
5906.4006000003155 1.1922684e-14
5907.887200000316 1.1972333e-14
5909.373800000316 1.2016388e-14
5910.860400000316 1.205852e-14
5912.347000000316 1.200227e-14
5913.833600000316 1.1912139e-14
5915.320200000317 1.1823643e-14
5916.806800000317 1.1735712e-14
5918.293400000317 1.17494845e-14
5919.780000000317 1.17983905e-14
5921.266600000317 1.1839587e-14
5922.7532000003175 1.1878116e-14
5924.239800000318 1.1765853e-14
5925.726400000318 1.1601258e-14
5927.213000000318 1.1529924e-14
5928.699600000318 1.1490956e-14
5930.186200000318 1.1557467e-14
5931.672800000319 1.1660636e-14
5933.159400000319 1.165407e-14
5934.646000000319 1.1609246e-14
5936.132600000319 1.1542021e-14
5937.619200000319 1.14669855e-14
5939.1058000003195 1.14134225e-14
5940.59240000032 1.1367369e-14
5942.07900000032 1.1303125e-14
5943.56560000032 1.123251e-14
5945.05220000032 1.1212151e-14
5946.53880000032 1.1209395e-14
5948.025400000321 1.1236037e-14
5949.512000000321 1.12730065e-14
5950.998600000321 1.1291442e-14
5952.485200000321 1.1303358e-14
5953.971800000321 1.1284631e-14
5955.4584000003215 1.1255123e-14
5956.945000000322 1.1193437e-14
5958.431600000322 1.1120393e-14
5959.918200000322 1.107539e-14
5961.404800000322 1.1040298e-14
5962.891400000322 1.1024971e-14
5964.378000000323 1.1016629e-14
5965.864600000323 1.0992041e-14
5967.351200000323 1.0961692e-14
5968.837800000323 1.0899443e-14
5970.324400000323 1.0825868e-14
5971.8110000003235 1.0791284e-14
5973.297600000324 1.07705415e-14
5974.784200000324 1.0754765e-14
5976.270800000324 1.07407555e-14
5977.757400000324 1.0748335e-14
5979.244000000324 1.0763613e-14
5980.730600000325 1.0719736e-14
5982.217200000325 1.0654761e-14
5983.703800000325 1.0619676e-14
5985.190400000325 1.05952836e-14
5986.677000000325 1.0606787e-14
5988.1636000003255 1.06311495e-14
5989.650200000326 1.0641786e-14
5991.136800000326 1.0647505e-14
5992.623400000326 1.0614004e-14
5994.110000000326 1.0566409e-14
5995.596600000326 1.0545898e-14
5997.0832000003265 1.0535132e-14
5998.569800000327 1.05093e-14
6000.056400000327 1.0478047e-14
6001.543000000327 1.0435281e-14
6003.029600000327 1.038836e-14
6004.516200000327 1.0348568e-14
6006.002800000328 1.0311354e-14
6007.489400000328 1.0308243e-14
6008.976000000328 1.0317459e-14
6010.462600000328 1.0349198e-14
6011.949200000328 1.0389102e-14
6013.4358000003285 1.0314304e-14
6014.922400000329 1.0197857e-14
6016.409000000329 1.0194973e-14
6017.895600000329 1.0233324e-14
6019.382200000329 1.0188935e-14
6020.868800000329 1.01144086e-14
6022.35540000033 1.0097748e-14
6023.84200000033 1.0102193e-14
6025.32860000033 1.01292494e-14
6026.81520000033 1.01645665e-14
6028.30180000033 1.0119362e-14
6029.7884000003305 1.0044698e-14
6031.275000000331 9.9893806e-15
6032.761600000331 9.941152e-15
6034.248200000331 9.89438e-15
6035.734800000331 9.848143e-15
6037.221400000331 9.81499e-15
6038.708000000332 9.786646e-15
6040.194600000332 9.775744e-15
6041.681200000332 9.77126e-15
6043.167800000332 9.798735e-15
6044.654400000332 9.83799e-15
6046.1410000003325 9.794554e-15
6047.627600000333 9.7205925e-15
6049.114200000333 9.676992e-15
6050.600800000333 9.6446144e-15
6052.087400000333 9.631402e-15
6053.574000000333 9.625285e-15
6055.060600000334 9.581773e-15
6056.547200000334 9.524397e-15
6058.033800000334 9.5057315e-15
6059.520400000334 9.5014405e-15
6061.007000000334 9.519246e-15
6062.4936000003345 9.545271e-15
6063.980200000335 9.54974e-15
6065.466800000335 9.546182e-15
6066.953400000335 9.515358e-15
6068.440000000335 9.474368e-15
6069.926600000335 9.450414e-15
6071.413200000336 9.4328266e-15
6072.899800000336 9.4541125e-15
6074.386400000336 9.489941e-15
6075.873000000336 9.48911e-15
6077.359600000336 9.474548e-15
6078.8462000003365 9.462792e-15
6080.332800000337 9.452088e-15
6081.819400000337 9.416539e-15
6083.306000000337 9.371655e-15
6084.792600000337 9.312264e-15
6086.279200000337 9.247416e-15
6087.765800000338 9.177295e-15
6089.252400000338 9.1051874e-15
6090.739000000338 9.025972e-15
6092.225600000338 8.944074e-15
6093.712200000338 8.834713e-15
6095.198800000338 8.714974e-15
6096.685400000339 8.601644e-15
6098.172000000339 8.490741e-15
6099.658600000339 8.357086e-15
6101.145200000339 8.2148084e-15
6102.631800000339 8.004871e-15
6104.1184000003395 7.769254e-15
6105.60500000034 7.528432e-15
6107.09160000034 7.285634e-15
6108.57820000034 7.128982e-15
6110.06480000034 7.005126e-15
6111.55140000034 6.839136e-15
6113.038000000341 6.6570835e-15
6114.524600000341 6.4674028e-15
6116.011200000341 6.2748095e-15
6117.497800000341 6.1200714e-15
6118.984400000341 5.979808e-15
6120.4710000003415 5.811718e-15
6121.957600000342 5.6329737e-15
6123.444200000342 5.4185735e-15
6124.930800000342 5.1905027e-15
6126.417400000342 5.044935e-15
6127.904000000342 4.9310514e-15
6129.390600000343 4.8679445e-15
6130.877200000343 4.8243634e-15
6132.363800000343 4.717169e-15
6133.850400000343 4.5854785e-15
6135.337000000343 4.4430474e-15
6136.8236000003435 4.296473e-15
6138.310200000344 4.178896e-15
6139.796800000344 4.0725187e-15
6141.283400000344 4.0235043e-15
6142.770000000344 3.996675e-15
6144.256600000344 3.9141752e-15
6145.743200000345 3.8101084e-15
6147.229800000345 3.721571e-15
6148.716400000345 3.6390573e-15
6150.203000000345 3.6110154e-15
6151.689600000345 3.6041324e-15
6153.1762000003455 3.5818143e-15
6154.662800000346 3.5534913e-15
6156.149400000346 3.53154e-15
6157.636000000346 3.5120716e-15
6159.122600000346 3.467355e-15
6160.609200000346 3.4127883e-15
6162.095800000347 3.3493582e-15
6163.582400000347 3.2824649e-15
6165.069000000347 3.2475995e-15
6166.555600000347 3.2252666e-15
6168.042200000347 3.25323e-15
6169.5288000003475 3.3009003e-15
6171.015400000348 3.27917e-15
6172.502000000348 3.2302019e-15
6173.988600000348 3.1920888e-15
6175.475200000348 3.1582418e-15
6176.961800000348 3.1772265e-15
6178.448400000349 3.2170015e-15
6179.935000000349 3.2339468e-15
6181.421600000349 3.2418937e-15
6182.908200000349 3.276251e-15
6184.394800000349 3.3210324e-15
6185.8814000003495 3.3574559e-15
6187.36800000035 3.3905763e-15
6188.85460000035 3.3722834e-15
6190.34120000035 3.3336377e-15
6191.82780000035 3.351477e-15
6193.31440000035 3.391707e-15
6194.8010000003505 3.4258764e-15
6196.287600000351 3.4576404e-15
6197.774200000351 3.4562402e-15
6199.260800000351 3.441655e-15
6200.747400000351 3.5044457e-15
6202.234000000351 3.5980397e-15
6203.720600000352 3.639793e-15
6205.207200000352 3.6608815e-15
6206.693800000352 3.7220737e-15
6208.180400000352 3.7992786e-15
6209.667000000352 3.879193e-15
6211.1536000003525 3.9601916e-15
6212.640200000353 4.021333e-15
6214.126800000353 4.074525e-15
6215.613400000353 4.165502e-15
6217.100000000353 4.2716316e-15
6218.586600000353 4.385236e-15
6220.073200000354 4.501842e-15
6221.559800000354 4.6170004e-15
6223.046400000354 4.7315773e-15
6224.533000000354 4.8094285e-15
6226.019600000354 4.87249e-15
6227.5062000003545 4.96149e-15
6228.992800000355 5.06095e-15
6230.479400000355 5.162352e-15
6231.966000000355 5.264539e-15
6233.452600000355 5.3556877e-15
6234.939200000355 5.4423718e-15
6236.425800000356 5.5247254e-15
6237.912400000356 5.6053252e-15
6239.399000000356 5.6933336e-15
6240.885600000356 5.784346e-15
6242.372200000356 5.8699387e-15
6243.8588000003565 5.95333e-15
6245.345400000357 6.0471956e-15
6246.832000000357 6.145321e-15
6248.318600000357 6.24855e-15
6249.805200000357 6.3538584e-15
6251.291800000357 6.4316296e-15
6252.778400000358 6.4981687e-15
6254.265000000358 6.5752872e-15
6255.751600000358 6.656727e-15
6257.238200000358 6.7227353e-15
6258.724800000358 6.7824334e-15
6260.2114000003585 6.858362e-15
6261.698000000359 6.9409374e-15
6263.184600000359 6.971004e-15
6264.671200000359 6.9795337e-15
6266.157800000359 7.012753e-15
6267.644400000359 7.0561127e-15
6269.13100000036 7.11163e-15
6270.61760000036 7.172147e-15
6272.10420000036 7.221768e-15
6273.59080000036 7.266901e-15
6275.07740000036 7.28607e-15
6276.5640000003605 7.294529e-15
6278.050600000361 7.323564e-15
6279.537200000361 7.361095e-15
6281.023800000361 7.412518e-15
6282.510400000361 7.469688e-15
6283.997000000361 7.49928e-15
6285.483600000362 7.517448e-15
6286.970200000362 7.576207e-15
6288.456800000362 7.651802e-15
6289.943400000362 7.692266e-15
6291.430000000362 7.718138e-15
6292.916600000362 7.722651e-15
6294.403200000363 7.718279e-15
6295.889800000363 7.747127e-15
6297.376400000363 7.78981e-15
6298.863000000363 7.810493e-15
6300.349600000363 7.822e-15
6301.8362000003635 7.872389e-15
6303.322800000364 7.939018e-15
6304.809400000364 8.01151e-15
6306.296000000364 8.086454e-15
6307.782600000364 8.0734225e-15
6309.269200000364 8.023538e-15
6310.755800000365 8.043436e-15
6312.242400000365 8.0926044e-15
6313.729000000365 8.153131e-15
6315.215600000365 8.218429e-15
6316.702200000365 8.215732e-15
6318.1888000003655 8.1844304e-15
6319.675400000366 8.170889e-15
6321.162000000366 8.164828e-15
6322.648600000366 8.240984e-15
6324.135200000366 8.351817e-15
6325.621800000366 8.409421e-15
6327.108400000367 8.444538e-15
6328.595000000367 8.429358e-15
6330.081600000367 8.392901e-15
6331.568200000367 8.309802e-15
6333.054800000367 8.206949e-15
6334.5414000003675 8.1726135e-15
6336.028000000368 8.167344e-15
6337.514600000368 8.224875e-15
6339.001200000368 8.3090815e-15
6340.487800000368 8.342465e-15
6341.974400000368 8.3542334e-15
6343.461000000369 8.376735e-15
6344.947600000369 8.4038094e-15
6346.434200000369 8.407303e-15
6347.920800000369 8.400737e-15
6349.407400000369 8.3451905e-15
6350.8940000003695 8.268724e-15
6352.38060000037 8.236534e-15
6353.86720000037 8.223286e-15
6355.35380000037 8.224984e-15
6356.84040000037 8.233084e-15
6358.32700000037 8.2337676e-15
6359.813600000371 8.23127e-15
6361.300200000371 8.253697e-15
6362.786800000371 8.2868325e-15
6364.273400000371 8.31059e-15
6365.760000000371 8.330314e-15
6367.2466000003715 8.35872e-15
6368.733200000372 8.390866e-15
6370.219800000372 8.370421e-15
6371.706400000372 8.327292e-15
6373.193000000372 8.317544e-15
6374.679600000372 8.322215e-15
6376.166200000373 8.30484e-15
6377.652800000373 8.277931e-15
6379.139400000373 8.2604584e-15
6380.626000000373 8.247072e-15
6382.112600000373 8.203318e-15
6383.5992000003735 8.146394e-15
6385.085800000374 8.197148e-15
6386.572400000374 8.2946625e-15
6388.059000000374 8.31843e-15
6389.545600000374 8.310123e-15
6391.032200000374 8.264947e-15
6392.5188000003745 8.203715e-15
6394.005400000375 8.167149e-15
6395.492000000375 8.14134e-15
6396.978600000375 8.151839e-15
6398.465200000375 8.178197e-15
6399.951800000375 8.190302e-15
6401.438400000376 8.1961746e-15
6402.925000000376 8.149658e-15
6404.411600000376 8.080203e-15
6405.898200000376 8.037644e-15
6407.384800000376 8.006879e-15
6408.8714000003765 7.98801e-15
6410.358000000377 7.974365e-15
6411.844600000377 7.969394e-15
6413.331200000377 7.968237e-15
6414.817800000377 7.990775e-15
6416.304400000377 8.0237474e-15
6417.791000000378 8.0014756e-15
6419.277600000378 7.954844e-15
6420.764200000378 7.966681e-15
6422.250800000378 8.00433e-15
6423.737400000378 7.974888e-15
6425.2240000003785 7.915781e-15
6426.710600000379 7.893539e-15
6428.197200000379 7.887618e-15
6429.683800000379 7.877551e-15
6431.170400000379 7.865645e-15
6432.657000000379 7.895038e-15
6434.14360000038 7.942767e-15
6435.63020000038 7.919002e-15
6437.11680000038 7.8634515e-15
6438.60340000038 7.825725e-15
6440.09000000038 7.795933e-15
6441.5766000003805 7.779195e-15
6443.063200000381 7.768276e-15
6444.549800000381 7.723853e-15
6446.036400000381 7.664473e-15
6447.523000000381 7.643257e-15
6449.009600000381 7.639097e-15
6450.496200000382 7.683892e-15
6451.982800000382 7.750604e-15
6453.469400000382 7.768022e-15
6454.956000000382 7.7633475e-15
6456.442600000382 7.7538616e-15
6457.9292000003825 7.742217e-15
6459.415800000383 7.7547366e-15
6460.902400000383 7.778114e-15
6462.389000000383 7.755626e-15
6463.875600000383 7.712495e-15
6465.362200000383 7.679459e-15
6466.848800000384 7.6509725e-15
6468.335400000384 7.639082e-15
6469.822000000384 7.634681e-15
6471.308600000384 7.582867e-15
6472.795200000384 7.509628e-15
6474.2818000003845 7.469285e-15
6475.768400000385 7.443826e-15
6477.255000000385 7.432365e-15
6478.741600000385 7.427245e-15
6480.228200000385 7.444056e-15
6481.714800000385 7.470819e-15
6483.201400000386 7.452672e-15
6484.688000000386 7.414122e-15
6486.174600000386 7.39142e-15
6487.661200000386 7.375928e-15
6489.147800000386 7.400483e-15
6490.634400000386 7.443283e-15
6492.121000000387 7.472285e-15
6493.607600000387 7.494991e-15
6495.094200000387 7.472034e-15
6496.580800000387 7.428221e-15
6498.067400000387 7.365591e-15
6499.5540000003875 7.294353e-15
6501.040600000388 7.287718e-15
6502.527200000388 7.310673e-15
6504.013800000388 7.337307e-15
6505.500400000388 7.365629e-15
6506.987000000388 7.366671e-15
6508.473600000389 7.3551835e-15
6509.960200000389 7.346968e-15
6511.446800000389 7.340259e-15
6512.933400000389 7.337881e-15
6514.420000000389 7.337499e-15
6515.9066000003895 7.334544e-15
6517.39320000039 7.3304035e-15
6518.87980000039 7.317927e-15
6520.36640000039 7.3016e-15
6521.85300000039 7.282977e-15
6523.33960000039 7.2632914e-15
6524.826200000391 7.19844e-15
6526.312800000391 7.1126746e-15
6527.799400000391 7.165434e-15
6529.286000000391 7.282415e-15
6530.772600000391 7.327688e-15
6532.2592000003915 7.3396735e-15
6533.745800000392 7.294993e-15
6535.232400000392 7.223968e-15
6536.719000000392 7.226712e-15
6538.205600000392 7.263798e-15
6539.692200000392 7.273225e-15
6541.178800000393 7.269759e-15
6542.665400000393 7.214545e-15
6544.152000000393 7.135174e-15
6545.638600000393 7.119973e-15
6547.125200000393 7.134762e-15
6548.6118000003935 7.15011e-15
6550.098400000394 7.16572e-15
6551.585000000394 7.149441e-15
6553.071600000394 7.118217e-15
6554.558200000394 7.108055e-15
6556.044800000394 7.107777e-15
6557.531400000395 7.1003147e-15
6559.018000000395 7.0894765e-15
6560.504600000395 7.1047023e-15
6561.991200000395 7.132193e-15
6563.477800000395 7.143385e-15
6564.9644000003955 7.146897e-15
6566.451000000396 7.1047883e-15
6567.937600000396 7.041158e-15
6569.424200000396 7.056341e-15
6570.910800000396 7.108761e-15
6572.397400000396 7.1024657e-15
6573.884000000397 7.0683955e-15
6575.370600000397 7.0491734e-15
6576.857200000397 7.036984e-15
6578.343800000397 7.024505e-15
6579.830400000397 7.011888e-15
6581.3170000003975 7.0048147e-15
6582.803600000398 7.000375e-15
6584.290200000398 6.9610536e-15
6585.776800000398 6.905145e-15
6587.263400000398 6.947967e-15
6588.750000000398 7.0378104e-15
6590.2366000003985 7.0512067e-15
6591.723200000399 7.0281487e-15
6593.209800000399 6.9446414e-15
6594.696400000399 6.832273e-15
6596.183000000399 6.7774037e-15
6597.669600000399 6.750029e-15
6599.1562000004 6.7296954e-15
6600.6428000004 6.712733e-15
6602.1294000004 6.7198707e-15
6603.6160000004 6.7385604e-15
6605.1026000004 6.757538e-15
6606.5892000004005 6.7766532e-15
6608.075800000401 6.7581015e-15
6609.562400000401 6.7214436e-15
6611.049000000401 6.697514e-15
6612.535600000401 6.6797103e-15
6614.022200000401 6.6686967e-15
6615.508800000402 6.660956e-15
6616.995400000402 6.6507392e-15
6618.482000000402 6.6393276e-15
6619.968600000402 6.6374285e-15
6621.455200000402 6.6401263e-15
6622.9418000004025 6.6276516e-15
6624.428400000403 6.6078353e-15
6625.915000000403 6.6189628e-15
6627.401600000403 6.6450827e-15
6628.888200000403 6.668415e-15
6630.374800000403 6.690395e-15
6631.861400000404 6.624457e-15
6633.348000000404 6.5158035e-15
6634.834600000404 6.4304183e-15
6636.321200000404 6.3563517e-15
6637.807800000404 6.3263015e-15
6639.2944000004045 6.3176893e-15
6640.781000000405 6.3943254e-15
6642.267600000405 6.512533e-15
6643.754200000405 6.5416316e-15
6645.240800000405 6.527211e-15
6646.727400000405 6.487335e-15
6648.214000000406 6.4350122e-15
6649.700600000406 6.3767e-15
6651.187200000406 6.3154556e-15
6652.673800000406 6.2724865e-15
6654.160400000406 6.2384777e-15
6655.6470000004065 6.2216683e-15
6657.133600000407 6.213302e-15
6658.620200000407 6.1921306e-15
6660.106800000407 6.1646647e-15
6661.593400000407 6.176966e-15
6663.080000000407 6.208844e-15
6664.566600000408 6.237697e-15
6666.053200000408 6.26506e-15
6667.539800000408 6.2510015e-15
6669.026400000408 6.216503e-15
6670.513000000408 6.1637474e-15
6671.9996000004085 6.101969e-15
6673.486200000409 6.0686747e-15
6674.972800000409 6.049475e-15
6676.459400000409 6.0341255e-15
6677.946000000409 6.020684e-15
6679.432600000409 6.0286143e-15
6680.91920000041 6.047149e-15
6682.40580000041 6.0666825e-15
6683.89240000041 6.086712e-15
6685.37900000041 6.034858e-15
6686.86560000041 5.947251e-15
6688.35220000041 5.892692e-15
6689.838800000411 5.8545964e-15
6691.325400000411 5.8682553e-15
6692.812000000411 5.9077257e-15
6694.298600000411 5.933235e-15
6695.785200000411 5.9517723e-15
6697.2718000004115 5.9189794e-15
6698.758400000412 5.8605164e-15
6700.245000000412 5.83858e-15
6701.731600000412 5.834933e-15
6703.218200000412 5.8078046e-15
6704.704800000412 5.768905e-15
6706.191400000413 5.7111595e-15
6707.678000000413 5.6439516e-15
6709.164600000413 5.6318446e-15
6710.651200000413 5.647435e-15
6712.137800000413 5.619932e-15
6713.6244000004135 5.5707405e-15
6715.111000000414 5.564766e-15
6716.597600000414 5.5805745e-15
6718.084200000414 5.5865194e-15
6719.570800000414 5.5874867e-15
6721.057400000414 5.5870492e-15
6722.544000000415 5.5859023e-15
6724.030600000415 5.580849e-15
6725.517200000415 5.573819e-15
6727.003800000415 5.5457127e-15
6728.490400000415 5.5069284e-15
6729.9770000004155 5.513136e-15
6731.463600000416 5.5421654e-15
6732.950200000416 5.510704e-15
6734.436800000416 5.4485123e-15
6735.923400000416 5.4115592e-15
6737.410000000416 5.387443e-15
6738.896600000417 5.3780028e-15
6740.383200000417 5.3760364e-15
6741.869800000417 5.2727864e-15
6743.356400000417 5.117881e-15
6744.843000000417 5.0441155e-15
6746.3296000004175 5.0117817e-15
6747.816200000418 5.0634503e-15
6749.302800000418 5.158064e-15
6750.789400000418 5.2220437e-15
6752.276000000418 5.2703385e-15
6753.762600000418 5.32177e-15
6755.249200000419 5.3748086e-15
6756.735800000419 5.3740933e-15
6758.222400000419 5.3457893e-15
6759.709000000419 5.3001105e-15
6761.195600000419 5.2455014e-15
6762.6822000004195 5.238837e-15
6764.16880000042 5.2568457e-15
6765.65540000042 5.2319396e-15
6767.14200000042 5.1849225e-15
6768.62860000042 5.189344e-15
6770.11520000042 5.220308e-15
6771.601800000421 5.2164634e-15
6773.088400000421 5.194636e-15
6774.575000000421 5.165451e-15
6776.061600000421 5.13246e-15
6777.548200000421 5.0896368e-15
6779.0348000004215 5.0417192e-15
6780.521400000422 5.0170384e-15
6782.008000000422 5.004409e-15
6783.494600000422 5.0094223e-15
6784.981200000422 5.023596e-15
6786.467800000422 5.0098526e-15
6787.9544000004225 4.98159e-15
6789.441000000423 4.9679427e-15
6790.927600000423 4.961904e-15
6792.414200000423 4.9627063e-15
6793.900800000423 4.967074e-15
6795.387400000423 4.981268e-15
6796.874000000424 5.0005924e-15
6798.360600000424 4.994099e-15
6799.847200000424 4.9741116e-15
6801.333800000424 4.9437552e-15
6802.820400000424 4.907973e-15
6804.3070000004245 4.9177835e-15
6805.793600000425 4.951517e-15
6807.280200000425 4.9362086e-15
6808.766800000425 4.895167e-15
6810.253400000425 4.9007895e-15
6811.740000000425 4.9309273e-15
6813.226600000426 4.8707588e-15
6814.713200000426 4.7630213e-15
6816.199800000426 4.7559642e-15
6817.686400000426 4.8019403e-15
6819.173000000426 4.8404414e-15
6820.6596000004265 4.8749935e-15
6822.146200000427 4.846182e-15
6823.632800000427 4.783864e-15
6825.119400000427 4.7494484e-15
6826.606000000427 4.7297875e-15
6828.092600000427 4.758539e-15
6829.579200000428 4.8129606e-15
6831.065800000428 4.835925e-15
6832.552400000428 4.8421905e-15
6834.039000000428 4.81476e-15
6835.525600000428 4.769442e-15
6837.0122000004285 4.751347e-15
6838.498800000429 4.747742e-15
6839.985400000429 4.73524e-15
6841.472000000429 4.717997e-15
6842.958600000429 4.7001003e-15
6844.445200000429 4.6818556e-15
6845.93180000043 4.7046747e-15
6847.41840000043 4.749435e-15
6848.90500000043 4.766392e-15
6850.39160000043 4.7684757e-15
6851.87820000043 4.7548372e-15
6853.3648000004305 4.7327885e-15
6854.851400000431 4.711198e-15
6856.338000000431 4.6898537e-15
6857.824600000431 4.6110902e-15
6859.311200000431 4.501492e-15
6860.797800000431 4.4928923e-15
6862.284400000432 4.538531e-15
6863.771000000432 4.5872556e-15
6865.257600000432 4.637642e-15
6866.744200000432 4.680337e-15
6868.230800000432 4.718885e-15
6869.7174000004325 4.7231264e-15
6871.204000000433 4.708873e-15
6872.690600000433 4.6953374e-15
6874.177200000433 4.6821898e-15
6875.663800000433 4.629538e-15
6877.150400000433 4.5555096e-15
6878.6370000004335 4.522617e-15
6880.123600000434 4.5119853e-15
6881.610200000434 4.5376347e-15
6883.096800000434 4.582969e-15
6884.583400000434 4.6191294e-15
6886.070000000434 4.6503057e-15
6887.556600000435 4.6382444e-15
6889.043200000435 4.602695e-15
6890.529800000435 4.5579457e-15
6892.016400000435 4.5081855e-15
6893.503000000435 4.516301e-15
6894.9896000004355 4.5559776e-15
6896.476200000436 4.5901037e-15
6897.962800000436 4.6212034e-15
6899.449400000436 4.6463116e-15
6900.936000000436 4.6681434e-15
6902.422600000436 4.667236e-15
6903.909200000437 4.65388e-15
6905.395800000437 4.6013087e-15
6906.882400000437 4.5272704e-15
6908.369000000437 4.537987e-15
6909.855600000437 4.5952228e-15
6911.3422000004375 4.614007e-15
6912.828800000438 4.6116616e-15
6914.315400000438 4.6133162e-15
6915.802000000438 4.6171728e-15
6917.288600000438 4.614458e-15
6918.775200000438 4.6081227e-15
6920.261800000439 4.581562e-15
6921.748400000439 4.5438443e-15
6923.235000000439 4.5130284e-15
6924.721600000439 4.4860254e-15
6926.208200000439 4.491496e-15
6927.6948000004395 4.514927e-15
6929.18140000044 4.5529435e-15
6930.66800000044 4.599036e-15
6932.15460000044 4.600453e-15
6933.64120000044 4.577096e-15
6935.12780000044 4.5423882e-15
6936.614400000441 4.501379e-15
6938.101000000441 4.5036073e-15
6939.587600000441 4.5298683e-15
6941.074200000441 4.507146e-15
6942.560800000441 4.4571572e-15
6944.0474000004415 4.445504e-15
6945.534000000442 4.455216e-15
6947.020600000442 4.415057e-15
6948.507200000442 4.347073e-15
6949.993800000442 4.3577224e-15
6951.480400000442 4.41231e-15
6952.967000000443 4.3894844e-15
6954.453600000443 4.3233523e-15
6955.940200000443 4.3176924e-15
6957.426800000443 4.345901e-15
6958.913400000443 4.403164e-15
6960.4000000004435 4.476718e-15
6961.886600000444 4.464819e-15
6963.373200000444 4.404933e-15
6964.859800000444 4.361738e-15
6966.346400000444 4.327927e-15
6967.833000000444 4.3218336e-15
6969.319600000445 4.3313407e-15
6970.806200000445 4.3183125e-15
6972.292800000445 4.2925817e-15
6973.779400000445 4.2482836e-15
6975.266000000445 4.1935072e-15
6976.752600000445 4.1698708e-15
6978.239200000446 4.1638285e-15
6979.725800000446 4.1876305e-15
6981.212400000446 4.2283194e-15
6982.699000000446 4.2240144e-15
6984.185600000446 4.19422e-15
6985.6722000004465 4.19556e-15
6987.158800000447 4.214558e-15
6988.645400000447 4.241486e-15
6990.132000000447 4.2729174e-15
6991.618600000447 4.2587025e-15
6993.105200000447 4.218531e-15
6994.591800000448 4.192185e-15
6996.078400000448 4.1737104e-15
6997.565000000448 4.150658e-15
6999.051600000448 4.1249954e-15
7000.538200000448 4.0896246e-15
7002.0248000004485 4.048712e-15
7003.511400000449 4.064947e-15
7004.998000000449 4.11384e-15
7006.484600000449 4.0938403e-15
7007.971200000449 4.0344145e-15
7009.457800000449 3.973121e-15
7010.94440000045 3.910758e-15
7012.43100000045 3.930594e-15
7013.91760000045 3.997582e-15
7015.40420000045 4.032353e-15
7016.89080000045 4.0486167e-15
7018.3774000004505 4.021923e-15
7019.864000000451 3.970523e-15
7021.350600000451 3.930201e-15
7022.837200000451 3.8962584e-15
7024.323800000451 3.844616e-15
7025.810400000451 3.782768e-15
7027.297000000452 3.785001e-15
7028.783600000452 3.824228e-15
7030.270200000452 3.84845e-15
7031.756800000452 3.8640004e-15
7033.243400000452 3.839481e-15
7034.7300000004525 3.7917697e-15
7036.216600000453 3.753308e-15
7037.703200000453 3.7202064e-15
7039.189800000453 3.7234607e-15
7040.676400000453 3.7478074e-15
7042.163000000453 3.7465495e-15
7043.649600000454 3.7304157e-15
7045.136200000454 3.7334853e-15
7046.622800000454 3.7477252e-15
7048.109400000454 3.752227e-15
7049.596000000454 3.7510583e-15
7051.0826000004545 3.736679e-15
7052.569200000455 3.7145957e-15
7054.055800000455 3.6768536e-15
7055.542400000455 3.6299694e-15
7057.029000000455 3.5864785e-15
7058.515600000455 3.5449712e-15
7060.002200000456 3.5458044e-15
7061.488800000456 3.5714225e-15
7062.975400000456 3.5897633e-15
7064.462000000456 3.6038393e-15
7065.948600000456 3.6167375e-15
7067.4352000004565 3.6289445e-15
7068.921800000457 3.6654216e-15
7070.408400000457 3.7161584e-15
7071.895000000457 3.700039e-15
7073.381600000457 3.644592e-15
7074.868200000457 3.6553355e-15
7076.3548000004575 3.7050598e-15
7077.841400000458 3.669594e-15
7079.328000000458 3.5838853e-15
7080.814600000458 3.568165e-15
7082.301200000458 3.593769e-15
7083.787800000458 3.5895037e-15
7085.274400000459 3.567582e-15
7086.761000000459 3.5471334e-15
7088.247600000459 3.527557e-15
7089.734200000459 3.5049796e-15
7091.220800000459 3.4806238e-15
7092.7074000004595 3.4509929e-15
7094.19400000046 3.418232e-15
7095.68060000046 3.439093e-15
7097.16720000046 3.4918169e-15
7098.65380000046 3.5450283e-15
7100.14040000046 3.5985297e-15
7101.627000000461 3.612992e-15
7103.113600000461 3.6042035e-15
7104.600200000461 3.5806463e-15
7106.086800000461 3.5482803e-15
7107.573400000461 3.5166618e-15
7109.0600000004615 3.4854895e-15
7110.546600000462 3.475109e-15
7112.033200000462 3.4771577e-15
7113.519800000462 3.466257e-15
7115.006400000462 3.4476043e-15
7116.493000000462 3.4558671e-15
7117.979600000463 3.480262e-15
7119.466200000463 3.4847016e-15
7120.952800000463 3.4771668e-15
7122.439400000463 3.4808124e-15
7123.926000000463 3.4911765e-15
7125.4126000004635 3.4993267e-15
7126.899200000464 3.5061449e-15
7128.385800000464 3.4953801e-15
7129.872400000464 3.4740254e-15
7131.359000000464 3.4559637e-15
7132.845600000464 3.4398883e-15
7134.332200000465 3.4338627e-15
7135.818800000465 3.4339054e-15
7137.305400000465 3.442245e-15
7138.792000000465 3.4555999e-15
7140.278600000465 3.4242728e-15
7141.7652000004655 3.3658953e-15
7143.251800000466 3.3334105e-15
7144.738400000466 3.3166193e-15
7146.225000000466 3.34658e-15
7147.711600000466 3.404909e-15
7149.198200000466 3.408853e-15
7150.684800000467 3.3797589e-15
7152.171400000467 3.3700318e-15
7153.658000000467 3.3720869e-15
7155.144600000467 3.395377e-15
7156.631200000467 3.4316007e-15
7158.1178000004675 3.4413477e-15
7159.604400000468 3.4349505e-15
7161.091000000468 3.3904717e-15
7162.577600000468 3.3227396e-15
7164.064200000468 3.2852192e-15
7165.550800000468 3.2661682e-15
7167.037400000469 3.2517046e-15
7168.524000000469 3.2400493e-15
7170.010600000469 3.2545765e-15
7171.497200000469 3.2851508e-15
7172.983800000469 3.2942284e-15
7174.470400000469 3.2901159e-15
7175.95700000047 3.3056138e-15
7177.44360000047 3.3331583e-15
7178.93020000047 3.323379e-15
7180.41680000047 3.2906394e-15
7181.90340000047 3.2662302e-15
7183.3900000004705 3.246951e-15
7184.876600000471 3.231213e-15
7186.363200000471 3.217658e-15
7187.849800000471 3.2078876e-15
7189.336400000471 3.2004543e-15
7190.823000000471 3.2245697e-15
7192.309600000472 3.2681873e-15
7193.796200000472 3.3011557e-15
7195.282800000472 3.3275338e-15
7196.769400000472 3.3111367e-15
7198.256000000472 3.2682305e-15
7199.7426000004725 3.2437646e-15
7201.229200000473 3.23074e-15
