3252.493 2.1900448e-15
3253.97275 3.856546e-15
3255.4525 5.523048e-15
3256.93225 3.729534e-15
3258.412 1.9348507e-15
3259.89175 3.48786e-15
3261.3714999999997 5.042907e-15
3262.8512499999997 4.8245404e-15
3264.3309999999997 4.604495e-15
3265.8107499999996 4.287819e-15
3267.2904999999996 3.9710184e-15
3268.7702499999996 5.1915094e-15
3270.2499999999995 6.4143933e-15
3271.7297499999995 5.7562428e-15
3273.2094999999995 5.0945262e-15
3274.6892499999994 5.7403563e-15
3276.1689999999994 6.388843e-15
3277.6487499999994 6.0983153e-15
3279.1284999999993 5.8055613e-15
3280.6082499999993 6.2702008e-15
3282.0879999999993 6.736842e-15
3283.5677499999993 6.742644e-15
3285.047499999999 6.747072e-15
3286.527249999999 6.064747e-15
3288.006999999999 5.380187e-15
3289.486749999999 5.681129e-15
3290.966499999999 5.985614e-15
3292.446249999999 4.98043e-15
3293.925999999999 3.97036e-15
3295.405749999999 3.3579903e-15
3296.885499999999 2.74724e-15
3298.365249999999 3.929305e-15
3299.844999999999 5.1191575e-15
3301.324749999999 5.5354675e-15
3302.804499999999 5.9481533e-15
3304.284249999999 5.543841e-15
3305.7639999999988 5.1354223e-15
3307.2437499999987 4.6506e-15
3308.7234999999987 4.165373e-15
3310.2032499999987 5.8298385e-15
3311.6829999999986 7.505989e-15
3313.1627499999986 6.7323873e-15
3314.6424999999986 5.9446327e-15
3316.1222499999985 4.670684e-15
3317.6019999999985 3.3937607e-15
3319.0817499999985 4.24712e-15
3320.5614999999984 5.1140986e-15
3322.0412499999984 5.5978315e-15
3323.5209999999984 6.0789827e-15
3325.0007499999983 5.5505294e-15
3326.4804999999983 5.0151372e-15
3327.9602499999983 5.043166e-15
3329.4399999999982 5.075337e-15
3330.919749999998 4.0956106e-15
3332.399499999998 3.108306e-15
3333.879249999998 4.023506e-15
3335.358999999998 4.9536075e-15
3336.838749999998 5.6065255e-15
3338.318499999998 6.2571967e-15
3339.798249999998 5.402021e-15
3341.277999999998 4.5341195e-15
3342.757749999998 5.580416e-15
3344.237499999998 6.6435466e-15
3345.717249999998 5.651788e-15
3347.196999999998 4.641392e-15
3348.676749999998 5.097538e-15
3350.156499999998 5.5671863e-15
3351.6362499999977 5.5076183e-15
3353.1159999999977 5.4429956e-15
3354.5957499999977 5.8217955e-15
3356.0754999999976 6.2049835e-15
3357.5552499999976 5.7744472e-15
3359.0349999999976 5.3356338e-15
3360.5147499999975 5.7899437e-15
3361.9944999999975 6.253646e-15
3363.4742499999975 5.772347e-15
3364.9539999999974 5.28098e-15
3366.4337499999974 5.1598045e-15
3367.9134999999974 5.042752e-15
3369.3932499999974 5.6075017e-15
3370.8729999999973 6.1799393e-15
3372.3527499999973 5.957975e-15
3373.8324999999973 5.7267783e-15
3375.312249999997 5.858665e-15
3376.791999999997 5.9948727e-15
3378.271749999997 5.723451e-15
3379.751499999997 5.447038e-15
3381.231249999997 5.2910332e-15
3382.710999999997 5.1365446e-15
3384.190749999997 5.0766297e-15
3385.670499999997 5.017919e-15
3387.150249999997 5.561196e-15
3388.629999999997 6.1123032e-15
3390.109749999997 5.792491e-15
3391.589499999997 5.4610484e-15
3393.069249999997 5.5959e-15
3394.548999999997 5.7371405e-15
3396.0287499999968 5.5185594e-15
3397.5084999999967 5.294949e-15
3398.9882499999967 5.2622773e-15
3400.4679999999967 5.2323415e-15
3401.9477499999966 6.009136e-15
3403.4274999999966 6.7976e-15
3404.9072499999966 6.6961554e-15
3406.3869999999965 6.581528e-15
3407.8667499999965 6.665187e-15
3409.3464999999965 6.7518385e-15
3410.8262499999964 6.673149e-15
3412.3059999999964 6.5919073e-15
3413.7857499999964 6.5469828e-15
3415.2654999999963 6.5026296e-15
3416.7452499999963 6.694712e-15
3418.2249999999963 6.8905935e-15
3419.7047499999962 6.753938e-15
3421.184499999996 6.611823e-15
3422.664249999996 6.8831502e-15
3424.143999999996 7.161322e-15
3425.623749999996 7.180389e-15
3427.103499999996 7.195093e-15
3428.583249999996 7.017009e-15
3430.062999999996 6.835612e-15
3431.542749999996 6.8415986e-15
3433.022499999996 6.8508715e-15
3434.502249999996 6.7276308e-15
3435.981999999996 6.6020297e-15
3437.461749999996 6.729628e-15
3438.941499999996 6.8618258e-15
3440.421249999996 6.7402283e-15
3441.9009999999957 6.613985e-15
3443.3807499999957 6.682475e-15
3444.8604999999957 6.7545977e-15
3446.3402499999956 6.5309323e-15
3447.8199999999956 6.301666e-15
3449.2997499999956 6.574629e-15
3450.7794999999956 6.8572793e-15
3452.2592499999955 6.7331005e-15
3453.7389999999955 6.600961e-15
3455.2187499999955 6.6949412e-15
3456.6984999999954 6.7934257e-15
3458.1782499999954 6.8272368e-15
3459.6579999999954 6.85975e-15
3461.1377499999953 7.0495533e-15
3462.6174999999953 7.242567e-15
3464.0972499999953 7.195221e-15
3465.576999999995 7.142902e-15
3467.056749999995 7.031151e-15
3468.536499999995 6.9181492e-15
3470.016249999995 6.934217e-15
3471.495999999995 6.953046e-15
3472.975749999995 7.275585e-15
3474.455499999995 7.604667e-15
3475.935249999995 7.476043e-15
3477.414999999995 7.337336e-15
3478.894749999995 7.544335e-15
3480.374499999995 7.7590005e-15
3481.854249999995 7.670437e-15
3483.333999999995 7.575044e-15
3484.813749999995 7.553009e-15
3486.2934999999948 7.532647e-15
3487.7732499999947 7.302345e-15
3489.2529999999947 7.067179e-15
3490.7327499999947 7.255158e-15
3492.2124999999946 7.453088e-15
3493.6922499999946 7.5657965e-15
3495.1719999999946 7.6764775e-15
3496.6517499999945 7.757305e-15
3498.1314999999945 7.837418e-15
3499.6112499999945 7.855665e-15
3501.0909999999944 7.872408e-15
3502.5707499999944 7.995583e-15
3504.0504999999944 8.12138e-15
3505.5302499999943 8.340975e-15
3507.0099999999943 8.562908e-15
3508.4897499999943 8.275057e-15
3509.9694999999942 7.974315e-15
3511.449249999994 8.265861e-15
3512.928999999994 8.57247e-15
3514.408749999994 8.692626e-15
3515.888499999994 8.807947e-15
3517.368249999994 9.100426e-15
3518.847999999994 9.397525e-15
3520.327749999994 9.7295295e-15
3521.807499999994 1.0062456e-14
3523.287249999994 1.0181139e-14
3524.766999999994 1.0294098e-14
3526.246749999994 1.04576085e-14
3527.726499999994 1.0622487e-14
3529.206249999994 1.0722932e-14
3530.685999999994 1.0821612e-14
3532.1657499999937 1.0972396e-14
3533.6454999999937 1.1124625e-14
3535.1252499999937 1.1280812e-14
3536.6049999999937 1.143711e-14
3538.0847499999936 1.1703029e-14
3539.5644999999936 1.197204e-14
3541.0442499999936 1.2107165e-14
3542.5239999999935 1.2238466e-14
3544.0037499999935 1.2080517e-14
3545.4834999999935 1.1914222e-14
3546.9632499999934 1.2068226e-14
3548.4429999999934 1.2231586e-14
3549.9227499999934 1.2406432e-14
3551.4024999999933 1.2581616e-14
3552.8822499999933 1.2702288e-14
3554.3619999999933 1.2821341e-14
3555.841749999993 1.28258135e-14
3557.321499999993 1.2826848e-14
3558.801249999993 1.32434965e-14
3560.280999999993 1.3672763e-14
3561.760749999993 1.37041876e-14
3563.240499999993 1.37234194e-14
3564.720249999993 1.3780913e-14
3566.199999999993 1.38395926e-14
3567.679749999993 1.3970093e-14
3569.159499999993 1.4102846e-14
3570.639249999993 1.4266505e-14
3572.118999999993 1.4431137e-14
3573.598749999993 1.453358e-14
3575.078499999993 1.4634046e-14
3576.5582499999928 1.4488156e-14
3578.0379999999927 1.4334345e-14
3579.5177499999927 1.4472554e-14
3580.9974999999927 1.4620258e-14
3582.4772499999926 1.4712468e-14
3583.9569999999926 1.4802855e-14
3585.4367499999926 1.4972158e-14
3586.9164999999925 1.5144078e-14
3588.3962499999925 1.5234613e-14
3589.8759999999925 1.5322435e-14
3591.3557499999924 1.5647575e-14
3592.8354999999924 1.5980705e-14
3594.3152499999924 1.6022145e-14
3595.7949999999923 1.605368e-14
3597.2747499999923 1.6144965e-14
3598.7544999999923 1.6238298e-14
3600.2342499999922 1.6389003e-14
3601.713999999992 1.6541693e-14
3603.193749999992 1.6516543e-14
3604.673499999992 1.6485174e-14
3606.153249999992 1.643402e-14
3607.632999999992 1.6382171e-14
3609.112749999992 1.641375e-14
3610.592499999992 1.6448289e-14
3612.072249999992 1.6254884e-14
3613.551999999992 1.6053326e-14
3615.031749999992 1.6087604e-14
3616.511499999992 1.61304e-14
3617.991249999992 1.5851019e-14
3619.470999999992 1.555988e-14
3620.950749999992 1.53636e-14
3622.4304999999918 1.517081e-14
3623.9102499999917 1.5041076e-14
3625.3899999999917 1.4913684e-14
3626.8697499999917 1.4874639e-14
3628.3494999999916 1.483889e-14
3629.8292499999916 1.4811249e-14
3631.3089999999916 1.4783913e-14
3632.7887499999915 1.475366e-14
3634.2684999999915 1.4723296e-14
3635.7482499999915 1.4632865e-14
3637.2279999999914 1.4540132e-14
3638.7077499999914 1.4333676e-14
3640.1874999999914 1.4122831e-14
3641.6672499999913 1.4312614e-14
3643.1469999999913 1.451801e-14
3644.6267499999913 1.4631088e-14
3646.1064999999912 1.4740557e-14
3647.586249999991 1.4773735e-14
3649.065999999991 1.4803901e-14
3650.545749999991 1.4682274e-14
3652.025499999991 1.455461e-14
3653.505249999991 1.4829231e-14
3654.984999999991 1.5119999e-14
3656.464749999991 1.500467e-14
3657.944499999991 1.4872892e-14
3659.424249999991 1.5199505e-14
3660.903999999991 1.554475e-14
3662.383749999991 1.5736712e-14
3663.863499999991 1.5922363e-14
3665.343249999991 1.6009773e-14
3666.8229999999908 1.6093126e-14
3668.3027499999907 1.6178385e-14
3669.7824999999907 1.6263725e-14
3671.2622499999907 1.6504891e-14
3672.7419999999906 1.6752596e-14
3674.2217499999906 1.6947495e-14
3675.7014999999906 1.7140159e-14
3677.1812499999905 1.7331743e-14
3678.6609999999905 1.7523279e-14
3680.1407499999905 1.7616944e-14
3681.6204999999904 1.77064e-14
3683.1002499999904 1.8083613e-14
3684.5799999999904 1.8473241e-14
3686.0597499999903 1.853778e-14
3687.5394999999903 1.8588175e-14
3689.0192499999903 1.8602605e-14
3690.4989999999902 1.8615458e-14
3691.97874999999 1.8581153e-14
3693.45849999999 1.8544763e-14
3694.93824999999 1.8716836e-14
3696.41799999999 1.8898193e-14
3697.89774999999 1.9091486e-14
3699.37749999999 1.9285314e-14
3700.85724999999 1.902215e-14
3702.33699999999 1.8738393e-14
3703.81674999999 1.8514724e-14
3705.29649999999 1.8293779e-14
3706.77624999999 1.8197402e-14
3708.25599999999 1.810672e-14
3709.73574999999 1.7877582e-14
3711.21549999999 1.7642075e-14
3712.6952499999898 1.737187e-14
3714.1749999999897 1.7100055e-14
3715.6547499999897 1.6853091e-14
3717.1344999999897 1.6607289e-14
3718.6142499999896 1.6208855e-14
3720.0939999999896 1.5803238e-14
3721.5737499999896 1.5378598e-14
3723.0534999999895 1.4953062e-14
3724.5332499999895 1.4649179e-14
3726.0129999999895 1.4351084e-14
3727.4927499999894 1.4150469e-14
3728.9724999999894 1.3954527e-14
3730.4522499999894 1.3638748e-14
3731.9319999999893 1.33171875e-14
3733.4117499999893 1.3018984e-14
3734.8914999999893 1.2721916e-14
3736.3712499999892 1.2551481e-14
3737.850999999989 1.2387221e-14
3739.330749999989 1.2305105e-14
3740.810499999989 1.2227025e-14
3742.290249999989 1.2127937e-14
3743.769999999989 1.2027812e-14
3745.249749999989 1.2004968e-14
3746.729499999989 1.19859744e-14
3748.209249999989 1.1990587e-14
3749.688999999989 1.1996383e-14
3751.168749999989 1.1978723e-14
3752.648499999989 1.195988e-14
3754.128249999989 1.1890368e-14
3755.607999999989 1.1818291e-14
3757.087749999989 1.1749891e-14
3758.5674999999887 1.16816796e-14
3760.0472499999887 1.1665044e-14
3761.5269999999887 1.1651054e-14
3763.0067499999886 1.1554032e-14
3764.4864999999886 1.1452719e-14
3765.9662499999886 1.1443797e-14
3767.4459999999885 1.1439684e-14
3768.9257499999885 1.1483643e-14
3770.4054999999885 1.153012e-14
3771.8852499999884 1.13715655e-14
3773.3649999999884 1.1202204e-14
3774.8447499999884 1.1248595e-14
3776.3244999999883 1.13063914e-14
3777.8042499999883 1.1232205e-14
3779.2839999999883 1.1150992e-14
3780.7637499999882 1.09581745e-14
3782.243499999988 1.0759382e-14
3783.723249999988 1.061958e-14
3785.202999999988 1.0482959e-14
3786.682749999988 1.0347598e-14
3788.162499999988 1.02123036e-14
3789.642249999988 1.0088748e-14
3791.121999999988 9.965833e-15
3792.601749999988 9.851419e-15
3794.081499999988 9.737472e-15
3795.561249999988 9.721874e-15
3797.040999999988 9.711698e-15
3798.520749999988 9.576945e-15
3800.000499999988 9.435289e-15
3801.480249999988 9.393053e-15
3802.9599999999878 9.356365e-15
3804.4397499999877 9.364647e-15
3805.9194999999877 9.375455e-15
3807.3992499999877 9.378735e-15
3808.8789999999876 9.38159e-15
3810.3587499999876 9.270643e-15
3811.8384999999876 9.1532235e-15
3813.3182499999875 9.079753e-15
3814.7979999999875 9.008787e-15
3816.2777499999875 8.961955e-15
3817.7574999999874 8.916508e-15
3819.2372499999874 8.93322e-15
3820.7169999999874 8.953517e-15
3822.1967499999873 9.010518e-15
3823.6764999999873 9.069649e-15
3825.1562499999873 9.047393e-15
3826.6359999999872 9.020387e-15
3828.115749999987 8.9994235e-15
3829.595499999987 8.978815e-15
3831.075249999987 9.232405e-15
3832.554999999987 9.502143e-15
3834.034749999987 9.5237e-15
3835.514499999987 9.530547e-15
3836.994249999987 9.6387555e-15
3838.473999999987 9.753003e-15
3839.953749999987 9.89472e-15
3841.433499999987 1.0038084e-14
3842.913249999987 1.01671194e-14
3844.392999999987 1.0295291e-14
3845.872749999987 1.0436802e-14
3847.352499999987 1.0579121e-14
3848.8322499999867 1.08890465e-14
3850.3119999999867 1.1209161e-14
3851.7917499999867 1.136613e-14
3853.2714999999866 1.1513119e-14
3854.7512499999866 1.1730312e-14
3856.2309999999866 1.1951826e-14
3857.7107499999865 1.2087523e-14
3859.1904999999865 1.22179116e-14
3860.6702499999865 1.250242e-14
3862.1499999999864 1.279652e-14
3863.6297499999864 1.3045436e-14
3865.1094999999864 1.3291526e-14
3866.5892499999864 1.3605281e-14
3868.0689999999863 1.3923295e-14
3869.5487499999863 1.4150892e-14
3871.0284999999863 1.4372785e-14
3872.508249999986 1.457382e-14
3873.987999999986 1.4773529e-14
3875.467749999986 1.5137705e-14
3876.947499999986 1.5512368e-14
3878.427249999986 1.5858822e-14
3879.906999999986 1.6203466e-14
3881.386749999986 1.6481328e-14
3882.866499999986 1.6754881e-14
3884.346249999986 1.7088071e-14
3885.825999999986 1.7425118e-14
3887.305749999986 1.778156e-14
3888.785499999986 1.8139261e-14
3890.265249999986 1.8670895e-14
3891.744999999986 1.92139e-14
3893.2247499999858 1.9480897e-14
3894.7044999999857 1.9729747e-14
3896.1842499999857 2.001296e-14
3897.6639999999857 2.0298442e-14
3899.1437499999856 2.0649159e-14
3900.6234999999856 2.100421e-14
3902.1032499999856 2.1350553e-14
3903.5829999999855 2.1696315e-14
3905.0627499999855 2.1988245e-14
3906.5424999999855 2.2276562e-14
3908.0222499999854 2.2597443e-14
3909.5019999999854 2.2920518e-14
3910.9817499999854 2.3088263e-14
3912.4614999999853 2.3245496e-14
3913.9412499999853 2.3521e-14
3915.4209999999853 2.3804557e-14
3916.9007499999852 2.407223e-14
3918.380499999985 2.4338818e-14
3919.860249999985 2.4486218e-14
3921.339999999985 2.4625425e-14
3922.819749999985 2.4723772e-14
3924.299499999985 2.4819302e-14
3925.779249999985 2.4791536e-14
3927.258999999985 2.4755224e-14
3928.738749999985 2.4988663e-14
3930.218499999985 2.5240879e-14
3931.698249999985 2.5253232e-14
3933.177999999985 2.5248795e-14
3934.657749999985 2.525868e-14
3936.137499999985 2.526957e-14
3937.617249999985 2.5461714e-14
3939.0969999999847 2.566667e-14
3940.5767499999847 2.5813412e-14
3942.0564999999847 2.5956029e-14
3943.5362499999846 2.5916105e-14
3945.0159999999846 2.586315e-14
3946.4957499999846 2.5984137e-14
3947.9754999999845 2.6117568e-14
3949.4552499999845 2.6322428e-14
3950.9349999999845 2.6532426e-14
3952.4147499999845 2.6534806e-14
3953.8944999999844 2.652217e-14
3955.3742499999844 2.6442463e-14
3956.8539999999844 2.6357881e-14
3958.3337499999843 2.6436467e-14
3959.8134999999843 2.6526966e-14
3961.2932499999843 2.6629266e-14
3962.772999999984 2.673243e-14
3964.252749999984 2.6723822e-14
3965.732499999984 2.6706993e-14
3967.212249999984 2.6886666e-14
3968.691999999984 2.7080855e-14
3970.171749999984 2.7142617e-14
3971.651499999984 2.7194545e-14
3973.131249999984 2.7127587e-14
3974.610999999984 2.7051764e-14
3976.090749999984 2.7144572e-14
3977.570499999984 2.725002e-14
3979.050249999984 2.7066631e-14
3980.529999999984 2.686154e-14
3982.009749999984 2.6523719e-14
3983.4894999999838 2.6175874e-14
3984.9692499999837 2.5911028e-14
3986.4489999999837 2.5652476e-14
3987.9287499999837 2.5237863e-14
3989.4084999999836 2.4811355e-14
3990.8882499999836 2.4475202e-14
3992.3679999999836 2.4145972e-14
3993.8477499999835 2.3909292e-14
3995.3274999999835 2.3679734e-14
3996.8072499999835 2.330207e-14
3998.2869999999834 2.2912988e-14
3999.7667499999834 2.24697e-14
4001.2464999999834 2.2022213e-14
4002.7262499999833 2.1717932e-14
4004.2059999999833 2.1424799e-14
4005.6857499999833 2.1199425e-14
4007.1654999999832 2.097935e-14
4008.645249999983 2.0628317e-14
4010.124999999983 2.0266995e-14
4011.604749999983 2.025372e-14
4013.084499999983 2.0267903e-14
4014.564249999983 2.0020542e-14
4016.043999999983 1.9752447e-14
4017.523749999983 1.9530384e-14
4019.003499999983 1.9311979e-14
4020.483249999983 1.9156553e-14
4021.962999999983 1.9006156e-14
4023.442749999983 1.8756418e-14
4024.922499999983 1.8498718e-14
4026.402249999983 1.8402758e-14
4027.881999999983 1.8319825e-14
4029.3617499999827 1.8283687e-14
4030.8414999999827 1.8251334e-14
4032.3212499999827 1.8214613e-14
4033.8009999999827 1.8177539e-14
4035.2807499999826 1.825209e-14
4036.7604999999826 1.8335727e-14
4038.2402499999826 1.8408918e-14
4039.7199999999825 1.8481253e-14
4041.1997499999825 1.848112e-14
4042.6794999999825 1.8475029e-14
4044.1592499999824 1.8521329e-14
4045.6389999999824 1.8571951e-14
4047.1187499999824 1.873209e-14
4048.5984999999823 1.890131e-14
4050.0782499999823 1.8974692e-14
4051.5579999999823 1.9040113e-14
4053.037749999982 1.9194105e-14
4054.517499999982 1.9355506e-14
4055.997249999982 1.952053e-14
4057.476999999982 1.9685859e-14
4058.956749999982 1.9949603e-14
4060.436499999982 2.022163e-14
4061.916249999982 2.0341996e-14
4063.395999999982 2.0449544e-14
4064.875749999982 2.0465786e-14
4066.355499999982 2.0474275e-14
4067.835249999982 2.0637697e-14
4069.314999999982 2.0814335e-14
4070.794749999982 2.0807801e-14
4072.274499999982 2.0785614e-14
4073.7542499999818 2.0909957e-14
4075.2339999999817 2.1046868e-14
4076.7137499999817 2.1201158e-14
4078.1934999999817 2.1356945e-14
4079.6732499999816 2.151935e-14
4081.1529999999816 2.1682329e-14
4082.6327499999816 2.1614853e-14
4084.1124999999815 2.1527353e-14
4085.5922499999815 2.1515026e-14
4087.0719999999815 2.1509263e-14
4088.5517499999814 2.146109e-14
4090.0314999999814 2.140921e-14
4091.5112499999814 2.1488782e-14
4092.9909999999813 2.1579923e-14
4094.4707499999813 2.1627126e-14
4095.9504999999813 2.1670455e-14
4097.430249999981 2.1722074e-14
4098.909999999982 2.1774424e-14
4100.389749999982 2.16605e-14
4101.8694999999825 2.1531793e-14
4103.349249999983 2.1528737e-14
4104.828999999983 2.15369e-14
4106.308749999984 2.1595142e-14
4107.788499999984 2.1657877e-14
4109.268249999985 2.1633508e-14
4110.747999999985 2.1601298e-14
4112.2277499999855 2.1504e-14
4113.707499999986 2.1400814e-14
4115.187249999986 2.1368054e-14
4116.666999999987 2.1341664e-14
4118.146749999987 2.1301852e-14
4119.626499999988 2.1260818e-14
4121.106249999988 2.1153603e-14
4122.585999999988 2.1040354e-14
4124.065749999989 2.1023803e-14
4125.545499999989 2.1016095e-14
4127.02524999999 2.1082201e-14
4128.50499999999 2.115509e-14
4129.9847499999905 2.1117543e-14
4131.464499999991 2.1069807e-14
4132.944249999991 2.1120167e-14
4134.423999999992 2.117961e-14
4135.903749999992 2.1036948e-14
4137.383499999993 2.0875491e-14
4138.863249999993 2.0905732e-14
4140.3429999999935 2.0953876e-14
4141.822749999994 2.0959883e-14
4143.302499999994 2.0961941e-14
4144.782249999995 2.1025794e-14
4146.261999999995 2.1095464e-14
4147.741749999996 2.1067796e-14
4149.221499999996 2.1030935e-14
4150.701249999996 2.1155392e-14
4152.180999999997 2.129515e-14
4153.660749999997 2.1240732e-14
4155.140499999998 2.1167894e-14
4156.620249999998 2.120138e-14
4158.0999999999985 2.1244989e-14
4159.579749999999 2.1381561e-14
4161.059499999999 2.1527019e-14
4162.53925 2.1491665e-14
4164.019 2.1438956e-14
4165.498750000001 2.1480893e-14
4166.978500000001 2.1531945e-14
4168.4582500000015 2.168689e-14
4169.938000000002 2.1851883e-14
4171.417750000002 2.1946857e-14
4172.897500000003 2.2035035e-14
4174.377250000003 2.1899166e-14
4175.857000000004 2.174146e-14
4177.336750000004 2.1844017e-14
4178.816500000004 2.1972041e-14
4180.296250000005 2.2139932e-14
4181.776000000005 2.2311734e-14
4183.255750000006 2.2377025e-14
4184.735500000006 2.2431813e-14
4186.215250000007 2.2267378e-14
4187.695000000007 2.2081258e-14
4189.174750000007 2.2092569e-14
4190.654500000008 2.2123491e-14
4192.134250000008 2.215467e-14
4193.614000000009 2.2185877e-14
4195.093750000009 2.2334778e-14
4196.5735000000095 2.2495408e-14
4198.05325000001 2.249499e-14
4199.53300000001 2.2478457e-14
4201.012750000011 2.2378328e-14
4202.492500000011 2.22698e-14
4203.972250000012 2.2248081e-14
4205.452000000012 2.2235111e-14
4206.9317500000125 2.223674e-14
4208.411500000013 2.2239846e-14
4209.891250000013 2.21854e-14
4211.371000000014 2.2125114e-14
4212.850750000014 2.2047754e-14
4214.330500000015 2.1968653e-14
4215.810250000015 2.212557e-14
4217.290000000015 2.2306643e-14
4218.769750000016 2.2283e-14
4220.249500000016 2.2238337e-14
4221.729250000017 2.2179285e-14
4223.209000000017 2.211875e-14
4224.6887500000175 2.1996861e-14
4226.168500000018 2.186865e-14
4227.648250000018 2.1847982e-14
4229.128000000019 2.1838483e-14
4230.607750000019 2.1778872e-14
4232.08750000002 2.1714057e-14
4233.56725000002 2.1621026e-14
4235.0470000000205 2.1525057e-14
4236.526750000021 2.1446337e-14
4238.006500000021 2.1369422e-14
4239.486250000022 2.1295152e-14
4240.966000000022 2.122116e-14
4242.445750000023 2.1085559e-14
4243.925500000023 2.0943469e-14
4245.405250000023 2.0777957e-14
4246.885000000024 2.0609967e-14
4248.364750000024 2.052078e-14
4249.844500000025 2.0439949e-14
4251.324250000025 2.0313151e-14
4252.804000000026 2.0181461e-14
4254.283750000026 2.003947e-14
4255.763500000026 1.9896379e-14
4257.243250000027 1.9791428e-14
4258.723000000027 1.9690565e-14
4260.202750000028 1.9647192e-14
4261.682500000028 1.9610005e-14
4263.1622500000285 1.94628e-14
4264.642000000029 1.9303752e-14
4266.121750000029 1.919964e-14
4267.60150000003 1.9101479e-14
4269.08125000003 1.8984793e-14
4270.561000000031 1.8866099e-14
4272.040750000031 1.8786005e-14
4273.5205000000315 1.8710109e-14
4275.000250000032 1.862449e-14
4276.480000000032 1.8537809e-14
4277.959750000033 1.8471657e-14
4279.439500000033 1.8407756e-14
4280.919250000034 1.8335665e-14
4282.399000000034 1.8262674e-14
4283.878750000034 1.8177534e-14
4285.358500000035 1.8091053e-14
4286.838250000035 1.8066186e-14
4288.318000000036 1.8048138e-14
4289.797750000036 1.8068815e-14
4291.2775000000365 1.8093793e-14
4292.757250000037 1.8043789e-14
4294.237000000037 1.7985428e-14
4295.716750000038 1.7969785e-14
4297.196500000038 1.795892e-14
4298.676250000039 1.7905587e-14
4300.156000000039 1.7847487e-14
4301.6357500000395 1.7755965e-14
4303.11550000004 1.7660693e-14
4304.59525000004 1.7647506e-14
4306.075000000041 1.7643559e-14
4307.554750000041 1.7612707e-14
4309.034500000042 1.7578817e-14
4310.514250000042 1.7451477e-14
4311.994000000042 1.7313552e-14
4313.473750000043 1.7137792e-14
4314.953500000043 1.6957732e-14
4316.433250000044 1.677286e-14
4317.913000000044 1.6587441e-14
4319.3927500000445 1.6471121e-14
4320.872500000045 1.6362713e-14
4322.352250000045 1.6293761e-14
4323.832000000046 1.6229344e-14
4325.311750000046 1.6069289e-14
4326.791500000047 1.5898205e-14
4328.271250000047 1.5729658e-14
4329.7510000000475 1.5561403e-14
4331.230750000048 1.5446401e-14
4332.710500000048 1.533758e-14
4334.190250000049 1.5207441e-14
4335.670000000049 1.5074822e-14
4337.14975000005 1.4954763e-14
4338.62950000005 1.4836172e-14
4340.10925000005 1.4721104e-14
4341.589000000051 1.4606448e-14
4343.068750000051 1.4516722e-14
4344.548500000052 1.4429916e-14
4346.028250000052 1.4383353e-14
4347.508000000053 1.4341523e-14
4348.987750000053 1.4309732e-14
4350.467500000053 1.4279124e-14
4351.947250000054 1.4273252e-14
4353.427000000054 1.4270306e-14
4354.906750000055 1.422328e-14
4356.386500000055 1.4171019e-14
4357.8662500000555 1.4125914e-14
4359.346000000056 1.4081662e-14
4360.825750000056 1.3960528e-14
4362.305500000057 1.3830203e-14
4363.785250000057 1.3759656e-14
4365.265000000058 1.36962805e-14
4366.744750000058 1.3705957e-14
4368.2245000000585 1.3724422e-14
4369.704250000059 1.364252e-14
4371.184000000059 1.3548502e-14
4372.66375000006 1.3436699e-14
4374.14350000006 1.3322742e-14
4375.623250000061 1.3250856e-14
4377.103000000061 1.3184081e-14
4378.582750000061 1.3136526e-14
4380.062500000062 1.3091307e-14
4381.542250000062 1.3010514e-14
4383.022000000063 1.2925388e-14
4384.501750000063 1.28642045e-14
4385.9815000000635 1.2805948e-14
4387.461250000064 1.2740285e-14
4388.941000000064 1.2673714e-14
4390.420750000065 1.2625375e-14
4391.900500000065 1.25792795e-14
4393.380250000066 1.24952894e-14
4394.860000000066 1.2406621e-14
4396.3397500000665 1.2266454e-14
4397.819500000067 1.21199115e-14
4399.299250000067 1.2050435e-14
4400.779000000068 1.1990532e-14
4402.258750000068 1.1918232e-14
4403.738500000069 1.1844387e-14
4405.218250000069 1.177575e-14
4406.698000000069 1.1707763e-14
4408.17775000007 1.163193e-14
4409.65750000007 1.15551125e-14
4411.137250000071 1.1594479e-14
4412.617000000071 1.1648458e-14
4414.096750000072 1.1666086e-14
4415.576500000072 1.1679127e-14
4417.056250000072 1.1643763e-14
4418.536000000073 1.1602292e-14
4420.015750000073 1.16315505e-14
4421.495500000074 1.16697576e-14
4422.975250000074 1.1715705e-14
4424.4550000000745 1.1762635e-14
4425.934750000075 1.178781e-14
4427.414500000075 1.1810214e-14
4428.894250000076 1.1847125e-14
4430.374000000076 1.1885888e-14
4431.853750000077 1.19574345e-14
4433.333500000077 1.2033181e-14
4434.8132500000775 1.2097611e-14
4436.293000000078 1.2160585e-14
4437.772750000078 1.2227115e-14
4439.252500000079 1.2294104e-14
4440.732250000079 1.23812746e-14
4442.21200000008 1.2471057e-14
4443.69175000008 1.25692515e-14
4445.17150000008 1.2668537e-14
4446.651250000081 1.2789916e-14
4448.131000000081 1.2914171e-14
4449.610750000082 1.3065487e-14
4451.090500000082 1.3220325e-14
4452.5702500000825 1.3254905e-14
4454.050000000083 1.3273793e-14
4455.529750000083 1.3394198e-14
4457.009500000084 1.3527894e-14
4458.489250000084 1.3672129e-14
4459.969000000085 1.38177476e-14
4461.448750000085 1.3872823e-14
4462.9285000000855 1.3915975e-14
4464.408250000086 1.4099094e-14
4465.888000000086 1.4300708e-14
4467.367750000087 1.4436431e-14
4468.847500000087 1.4563429e-14
4470.327250000088 1.4676221e-14
4471.807000000088 1.4787127e-14
4473.286750000088 1.4921265e-14
4474.766500000089 1.50585e-14
4476.246250000089 1.5115056e-14
4477.72600000009 1.5160824e-14
4479.20575000009 1.5324307e-14
4480.6855000000905 1.5503578e-14
4482.165250000091 1.553107e-14
4483.645000000091 1.5538152e-14
4485.124750000092 1.5573729e-14
4486.604500000092 1.5613152e-14
4488.084250000093 1.5758582e-14
4489.564000000093 1.5918314e-14
4491.0437500000935 1.6023553e-14
4492.523500000094 1.612142e-14
4494.003250000094 1.6141807e-14
4495.483000000095 1.615168e-14
4496.962750000095 1.6207898e-14
4498.442500000096 1.627042e-14
4499.922250000096 1.6437418e-14
4501.402000000096 1.6618673e-14
4502.881750000097 1.661898e-14
4504.361500000097 1.659451e-14
4505.841250000098 1.6694796e-14
4507.321000000098 1.6812203e-14
4508.800750000099 1.692547e-14
4510.280500000099 1.7038168e-14
4511.760250000099 1.7128897e-14
4513.2400000001 1.7216593e-14
4514.7197500001 1.7404328e-14
4516.199500000101 1.7605917e-14
4517.679250000101 1.7684266e-14
4519.1590000001015 1.7745494e-14
4520.638750000102 1.7864335e-14
4522.118500000102 1.7991198e-14
4523.598250000103 1.8164888e-14
4525.078000000103 1.8345117e-14
4526.557750000104 1.8456374e-14
4528.037500000104 1.8557992e-14
4529.5172500001045 1.866868e-14
4530.997000000105 1.878064e-14
4532.476750000105 1.8850386e-14
4533.956500000106 1.89142e-14
4535.436250000106 1.906096e-14
4536.916000000107 1.9219405e-14
4538.395750000107 1.9363155e-14
4539.875500000107 1.9504828e-14
4541.355250000108 1.9590546e-14
4542.835000000108 1.9668332e-14
4544.314750000109 1.9804589e-14
4545.794500000109 1.9949156e-14
4547.2742500001095 2.005922e-14
4548.75400000011 2.016437e-14
4550.23375000011 2.0273588e-14
4551.713500000111 2.0383387e-14
4553.193250000111 2.0490662e-14
4554.673000000112 2.0597576e-14
4556.152750000112 2.0711008e-14
4557.6325000001125 2.0825374e-14
4559.112250000113 2.1002968e-14
4560.592000000113 2.1189674e-14
4562.071750000114 2.1182766e-14
4563.551500000114 2.1147868e-14
4565.031250000115 2.1197537e-14
4566.511000000115 2.125943e-14
4567.990750000115 2.1322103e-14
4569.470500000116 2.1384892e-14
4570.950250000116 2.138845e-14
4572.430000000117 2.1383398e-14
4573.909750000117 2.1422268e-14
4575.389500000118 2.1467542e-14
4576.869250000118 2.1493053e-14
4578.349000000118 2.1515672e-14
4579.828750000119 2.15183e-14
4581.308500000119 2.1517993e-14
4582.78825000012 2.1495831e-14
4584.26800000012 2.1470456e-14
4585.7477500001205 2.1454169e-14
4587.227500000121 2.1439222e-14
4588.707250000121 2.1392923e-14
4590.187000000122 2.1341988e-14
4591.666750000122 2.1361888e-14
4593.146500000123 2.1392285e-14
4594.626250000123 2.1369848e-14
4596.1060000001235 2.1339557e-14
4597.585750000124 2.1292882e-14
4599.065500000124 2.1243766e-14
4600.545250000125 2.1308237e-14
4602.025000000125 2.1389632e-14
4603.504750000126 2.1404816e-14
4604.984500000126 2.1410105e-14
4606.464250000126 2.1410033e-14
4607.944000000127 2.1409161e-14
4609.423750000127 2.1391875e-14
4610.903500000128 2.1372124e-14
4612.383250000128 2.1436703e-14
4613.8630000001285 2.1513993e-14
4615.342750000129 2.158525e-14
4616.822500000129 2.1655597e-14
4618.30225000013 2.1581935e-14
4619.78200000013 2.1486454e-14
4621.261750000131 2.152736e-14
4622.741500000131 2.1588978e-14
4624.2212500001315 2.1618793e-14
4625.701000000132 2.1643765e-14
4627.180750000132 2.159494e-14
4628.660500000133 2.1534842e-14
4630.140250000133 2.1528776e-14
4631.620000000134 2.1530981e-14
4633.099750000134 2.1521417e-14
4634.579500000134 2.1510048e-14
4636.059250000135 2.1425006e-14
4637.539000000135 2.1328625e-14
4639.018750000136 2.1278538e-14
4640.498500000136 2.1235577e-14
4641.9782500001365 2.1199083e-14
4643.458000000137 2.1163589e-14
4644.937750000137 2.1083497e-14
4646.417500000138 2.0996503e-14
4647.897250000138 2.088168e-14
4649.377000000139 2.0762534e-14
4650.856750000139 2.0667995e-14
4652.3365000001395 2.0577286e-14
4653.81625000014 2.0396672e-14
4655.29600000014 2.0202032e-14
4656.775750000141 2.0107158e-14
4658.255500000141 2.0027894e-14
4659.735250000142 1.9924326e-14
4661.215000000142 1.9816944e-14
4662.694750000142 1.9570796e-14
4664.174500000143 1.9302824e-14
4665.654250000143 1.9132326e-14
4667.134000000144 1.8977202e-14
4668.613750000144 1.8860236e-14
4670.093500000145 1.87493e-14
4671.573250000145 1.8592873e-14
4673.053000000145 1.8429235e-14
4674.532750000146 1.829407e-14
4676.012500000146 1.816342e-14
4677.492250000147 1.795317e-14
4678.972000000147 1.7730272e-14
4680.4517500001475 1.7517009e-14
4681.931500000148 1.7305281e-14
4683.411250000148 1.7116293e-14
4684.891000000149 1.6930937e-14
4686.370750000149 1.676785e-14
4687.85050000015 1.6608332e-14
4689.33025000015 1.6515853e-14
4690.8100000001505 1.6434143e-14
4692.289750000151 1.6284713e-14
4693.769500000151 1.612438e-14
4695.249250000152 1.6029672e-14
4696.729000000152 1.5945558e-14
4698.208750000153 1.5871888e-14
4699.688500000153 1.5799907e-14
4701.168250000153 1.5757247e-14
4702.648000000154 1.5719348e-14
4704.127750000154 1.5670796e-14
4705.607500000155 1.562051e-14
4707.087250000155 1.5565994e-14
4708.5670000001555 1.5510788e-14
4710.046750000156 1.5507625e-14
4711.526500000156 1.5512975e-14
4713.006250000157 1.5565608e-14
4714.486000000157 1.5625974e-14
4715.965750000158 1.5620458e-14
4717.445500000158 1.5604144e-14
4718.9252500001585 1.5572262e-14
4720.405000000159 1.5537818e-14
4721.884750000159 1.541756e-14
4723.36450000016 1.5283163e-14
4724.84425000016 1.5211285e-14
4726.324000000161 1.5149737e-14
4727.803750000161 1.5034953e-14
4729.283500000161 1.4911351e-14
4730.763250000162 1.4782326e-14
4732.243000000162 1.4652401e-14
4733.722750000163 1.4483083e-14
4735.202500000163 1.4307206e-14
4736.682250000164 1.4164187e-14
4738.162000000164 1.4026653e-14
4739.641750000164 1.3802669e-14
4741.121500000165 1.356422e-14
4742.601250000165 1.3372024e-14
4744.081000000166 1.3187588e-14
4745.560750000166 1.3012057e-14
4747.0405000001665 1.2838023e-14
4748.520250000167 1.2680074e-14
4750.000000000167 1.2524829e-14
4751.479750000168 1.2371369e-14
4752.959500000168 1.22182106e-14
4754.439250000169 1.2082104e-14
4755.919000000169 1.1948879e-14
4757.3987500001695 1.1812854e-14
4758.87850000017 1.1676354e-14
4760.35825000017 1.1541878e-14
4761.838000000171 1.1407744e-14
4763.317750000171 1.1307337e-14
4764.797500000172 1.1212672e-14
4766.277250000172 1.1115636e-14
4767.757000000172 1.1018195e-14
4769.236750000173 1.0903849e-14
4770.716500000173 1.07866105e-14
4772.196250000174 1.0761764e-14
4773.676000000174 1.0752767e-14
4775.1557500001745 1.0753083e-14
4776.635500000175 1.0755002e-14
4778.115250000175 1.0752122e-14
4779.595000000176 1.0748414e-14
4781.074750000176 1.0711369e-14
4782.554500000177 1.06685595e-14
4784.034250000177 1.0649058e-14
4785.5140000001775 1.0633595e-14
4786.993750000178 1.0630996e-14
4788.473500000178 1.0630626e-14
4789.953250000179 1.0625771e-14
4791.433000000179 1.0620137e-14
4792.91275000018 1.0629876e-14
4794.39250000018 1.0642291e-14
4795.87225000018 1.06762125e-14
4797.352000000181 1.07138885e-14
4798.831750000181 1.0789435e-14
4800.311500000182 1.087161e-14
4801.791250000182 1.0939105e-14
4803.2710000001825 1.1004025e-14
4804.750750000183 1.1101418e-14
4806.230500000183 1.12045205e-14
4807.710250000184 1.1294294e-14
4809.190000000184 1.1381719e-14
4810.669750000185 1.1431805e-14
4812.149500000185 1.1475293e-14
4813.6292500001855 1.1508283e-14
4815.109000000186 1.1539412e-14
4816.588750000186 1.159371e-14
4818.068500000187 1.1652122e-14
4819.548250000187 1.1663036e-14
4821.028000000188 1.16654945e-14
4822.507750000188 1.1597703e-14
4823.987500000188 1.151738e-14
4825.467250000189 1.1465977e-14
4826.947000000189 1.1419732e-14
4828.42675000019 1.1336149e-14
4829.90650000019 1.1245888e-14
4831.386250000191 1.11970674e-14
4832.866000000191 1.1155674e-14
4834.345750000191 1.1093968e-14
4835.825500000192 1.1028612e-14
4837.305250000192 1.0957326e-14
4838.785000000193 1.0884971e-14
4840.264750000193 1.0783683e-14
4841.7445000001935 1.0677172e-14
4843.224250000194 1.0571103e-14
4844.704000000194 1.0465114e-14
4846.183750000195 1.0406884e-14
4847.663500000195 1.03573164e-14
4849.143250000196 1.0291573e-14
4850.623000000196 1.0222888e-14
4852.1027500001965 1.0144662e-14
4853.582500000197 1.0064695e-14
4855.062250000197 9.9977925e-15
4856.542000000198 9.933276e-15
4858.021750000198 9.860777e-15
4859.501500000199 9.786817e-15
4860.981250000199 9.73067e-15
4862.461000000199 9.677785e-15
4863.9407500002 9.629806e-15
4865.4205000002 9.582727e-15
4866.900250000201 9.555717e-15
4868.380000000201 9.532399e-15
4869.8597500002015 9.533396e-15
4871.339500000202 9.538877e-15
4872.819250000202 9.490667e-15
4874.299000000203 9.432531e-15
4875.778750000203 9.399026e-15
4877.258500000204 9.370086e-15
4878.738250000204 9.348578e-15
4880.2180000002045 9.32845e-15
4881.697750000205 9.2992994e-15
4883.177500000205 9.268469e-15
4884.657250000206 9.266842e-15
4886.137000000206 9.270664e-15
4887.616750000207 9.291452e-15
4889.096500000207 9.315413e-15
4890.576250000207 9.3492185e-15
4892.056000000208 9.38487e-15
4893.535750000208 9.410306e-15
4895.015500000209 9.43382e-15
4896.495250000209 9.472494e-15
4897.97500000021 9.514016e-15
4899.45475000021 9.57467e-15
4900.93450000021 9.6389275e-15
4902.414250000211 9.752915e-15
4903.894000000211 9.8762915e-15
4905.373750000212 1.0004158e-14
4906.853500000212 1.0132874e-14
4908.3332500002125 1.0212024e-14
4909.813000000213 1.0281773e-14
4911.292750000213 1.0382092e-14
4912.772500000214 1.0488224e-14
4914.252250000214 1.0626356e-14
4915.732000000215 1.0770588e-14
4917.211750000215 1.0885258e-14
4918.6915000002155 1.0994282e-14
4920.171250000216 1.1150975e-14
4921.651000000216 1.1316796e-14
4923.130750000217 1.1481518e-14
4924.610500000217 1.164603e-14
4926.090250000218 1.1791642e-14
4927.570000000218 1.1933619e-14
4929.049750000218 1.2093503e-14
4930.529500000219 1.2256838e-14
4932.009250000219 1.2387421e-14
4933.48900000022 1.25116744e-14
4934.96875000022 1.2669641e-14
4936.4485000002205 1.283412e-14
4937.928250000221 1.2950914e-14
4939.408000000221 1.3058474e-14
4940.887750000222 1.3131382e-14
4942.367500000222 1.3197566e-14
4943.847250000223 1.3280659e-14
4945.327000000223 1.3367042e-14
4946.8067500002235 1.3447947e-14
4948.286500000224 1.3527785e-14
4949.766250000224 1.3575244e-14
4951.246000000225 1.3616373e-14
4952.725750000225 1.3611647e-14
4954.205500000226 1.3597937e-14
4955.685250000226 1.3548636e-14
4957.165000000226 1.3492349e-14
4958.644750000227 1.3414311e-14
4960.124500000227 1.3331994e-14
4961.604250000228 1.3236085e-14
4963.084000000228 1.3137495e-14
4964.5637500002285 1.296573e-14
4966.043500000229 1.2779503e-14
4967.523250000229 1.2598235e-14
4969.00300000023 1.241795e-14
4970.48275000023 1.2301567e-14
4971.962500000231 1.2197868e-14
4973.442250000231 1.2066694e-14
4974.9220000002315 1.1930066e-14
4976.401750000232 1.1757293e-14
4977.881500000232 1.1577328e-14
4979.361250000233 1.14243865e-14
4980.841000000233 1.1276833e-14
4982.320750000234 1.1180683e-14
4983.800500000234 1.1094807e-14
4985.280250000234 1.1000577e-14
4986.760000000235 1.0904673e-14
4988.239750000235 1.0798341e-14
4989.719500000236 1.0689917e-14
4991.199250000236 1.056971e-14
4992.679000000237 1.0447133e-14
4994.158750000237 1.0325074e-14
4995.638500000237 1.0203119e-14
4997.118250000238 1.01287344e-14
4998.598000000238 1.0063965e-14
5000.077750000239 1.00019234e-14
5001.557500000239 9.940435e-15
5003.0372500002395 9.897993e-15
5004.51700000024 9.859419e-15
5005.99675000024 9.788215e-15
5007.476500000241 9.710372e-15
5008.956250000241 9.663564e-15
5010.436000000242 9.6230846e-15
5011.915750000242 9.632289e-15
5013.3955000002425 9.6516245e-15
5014.875250000243 9.589076e-15
5016.355000000243 9.509793e-15
5017.834750000244 9.446189e-15
5019.314500000244 9.385797e-15
5020.794250000245 9.3606035e-15
5022.274000000245 9.342636e-15
5023.753750000245 9.34226e-15
5025.233500000246 9.3455025e-15
5026.713250000246 9.376656e-15
5028.193000000247 9.413563e-15
5029.672750000247 9.412271e-15
5031.1525000002475 9.403084e-15
5032.632250000248 9.417791e-15
5034.112000000248 9.437445e-15
5035.591750000249 9.443224e-15
5037.071500000249 9.446125e-15
5038.55125000025 9.47855e-15
5040.03100000025 9.517116e-15
5041.5107500002505 9.569807e-15
5042.990500000251 9.625443e-15
5044.470250000251 9.679412e-15
5045.950000000252 9.733035e-15
5047.429750000252 9.821109e-15
5048.909500000253 9.916393e-15
5050.389250000253 9.965267e-15
5051.869000000253 1.0004428e-14
5053.348750000254 1.00449874e-14
5054.828500000254 1.0085841e-14
5056.308250000255 1.0127847e-14
5057.788000000255 1.0170096e-14
5059.267750000256 1.02055095e-14
5060.747500000256 1.0239482e-14
5062.227250000256 1.0315683e-14
5063.707000000257 1.04008006e-14
5065.186750000257 1.0458156e-14
5066.666500000258 1.05096375e-14
5068.146250000258 1.05716e-14
5069.6260000002585 1.0635784e-14
5071.105750000259 1.06504474e-14
5072.585500000259 1.0654589e-14
5074.06525000026 1.0733608e-14
5075.54500000026 1.0828574e-14
5077.024750000261 1.0902005e-14
5078.504500000261 1.097084e-14
5079.984250000261 1.10320095e-14
5081.464000000262 1.1091539e-14
5082.943750000262 1.1140188e-14
5084.423500000263 1.1186511e-14
5085.903250000263 1.1220614e-14
5087.383000000264 1.1252098e-14
5088.862750000264 1.134713e-14
5090.342500000264 1.1455809e-14
5091.822250000265 1.1530044e-14
5093.302000000265 1.1596864e-14
5094.781750000266 1.16705665e-14
5096.261500000266 1.1745755e-14
5097.7412500002665 1.18120125e-14
5099.221000000267 1.1876341e-14
5100.700750000267 1.1911339e-14
5102.180500000268 1.1939982e-14
5103.660250000268 1.1945761e-14
5105.140000000269 1.1946576e-14
5106.619750000269 1.19824135e-14
5108.0995000002695 1.20258705e-14
5109.57925000027 1.2123019e-14
5111.05900000027 1.22318715e-14
5112.538750000271 1.2275329e-14
5114.018500000271 1.2304502e-14
5115.498250000272 1.2331393e-14
5116.978000000272 1.2357784e-14
5118.457750000272 1.2384495e-14
5119.937500000273 1.2411277e-14
5121.417250000273 1.2471886e-14
5122.897000000274 1.2539914e-14
5124.376750000274 1.2571693e-14
5125.8565000002745 1.2595501e-14
5127.336250000275 1.2676183e-14
5128.816000000275 1.2769391e-14
5130.295750000276 1.2834156e-14
5131.775500000276 1.2892643e-14
5133.255250000277 1.29069856e-14
5134.735000000277 1.2911565e-14
5136.2147500002775 1.2964214e-14
5137.694500000278 1.30275175e-14
5139.174250000278 1.3099684e-14
5140.654000000279 1.31738196e-14
5142.133750000279 1.3223125e-14
5143.61350000028 1.3266905e-14
5145.09325000028 1.3324859e-14
5146.57300000028 1.3385976e-14
5148.052750000281 1.3475648e-14
5149.532500000281 1.3571704e-14
5151.012250000282 1.36812e-14
5152.492000000282 1.3793705e-14
5153.971750000283 1.3871831e-14
5155.451500000283 1.3942238e-14
5156.931250000283 1.4015141e-14
5158.411000000284 1.4088607e-14
5159.890750000284 1.4171837e-14
5161.370500000285 1.4257264e-14
5162.850250000285 1.4326036e-14
5164.3300000002855 1.4391056e-14
5165.809750000286 1.4464656e-14
5167.289500000286 1.4540193e-14
5168.769250000287 1.4587036e-14
5170.249000000287 1.4627381e-14
5171.728750000288 1.471213e-14
5173.208500000288 1.4806949e-14
5174.6882500002885 1.4812489e-14
5176.168000000289 1.479774e-14
5177.647750000289 1.4850232e-14
5179.12750000029 1.491804e-14
5180.60725000029 1.4911966e-14
5182.087000000291 1.4889035e-14
5183.566750000291 1.4920072e-14
5185.046500000291 1.4963449e-14
5186.526250000292 1.5024333e-14
5188.006000000292 1.5089231e-14
5189.485750000293 1.5109616e-14
5190.965500000293 1.5119782e-14
5192.4452500002935 1.5175673e-14
5193.925000000294 1.5242061e-14
5195.404750000294 1.5279358e-14
5196.884500000295 1.5309948e-14
5198.364250000295 1.5340122e-14
5199.844000000296 1.5370199e-14
5201.323750000296 1.5389423e-14
5202.8035000002965 1.5406138e-14
5204.283250000297 1.543767e-14
5205.763000000297 1.5472629e-14
5207.242750000298 1.5469136e-14
5208.722500000298 1.5456725e-14
5210.202250000299 1.5475336e-14
5211.682000000299 1.5501159e-14
5213.161750000299 1.556369e-14
5214.6415000003 1.563477e-14
5216.1212500003 1.5728514e-14
5217.601000000301 1.5827546e-14
5219.080750000301 1.5836087e-14
5220.5605000003015 1.5823473e-14
5222.040250000302 1.580393e-14
5223.520000000302 1.5782763e-14
5224.999750000303 1.5820031e-14
5226.479500000303 1.5871019e-14
5227.959250000304 1.5897238e-14
5229.439000000304 1.5917633e-14
5230.9187500003045 1.590812e-14
5232.398500000305 1.5891576e-14
5233.878250000305 1.5893665e-14
5235.358000000306 1.5900155e-14
5236.837750000306 1.5936346e-14
5238.317500000307 1.5979548e-14
5239.797250000307 1.6002477e-14
5241.277000000307 1.6020608e-14
5242.756750000308 1.6004052e-14
5244.236500000308 1.5979271e-14
5245.716250000309 1.5961106e-14
5247.196000000309 1.5944511e-14
5248.67575000031 1.5952637e-14
5250.15550000031 1.5966652e-14
5251.63525000031 1.5948794e-14
5253.115000000311 1.592333e-14
5254.594750000311 1.5891336e-14
5256.074500000312 1.585778e-14
5257.554250000312 1.582184e-14
5259.0340000003125 1.5785328e-14
5260.513750000313 1.5710118e-14
5261.993500000313 1.562562e-14
5263.473250000314 1.5578657e-14
5264.953000000314 1.554072e-14
5266.432750000315 1.5478338e-14
5267.912500000315 1.5410065e-14
5269.3922500003155 1.5294183e-14
5270.872000000316 1.516683e-14
5272.351750000316 1.5017664e-14
5273.831500000317 1.486323e-14
5275.311250000317 1.471635e-14
5276.791000000318 1.45713e-14
5278.270750000318 1.4470011e-14
5279.750500000318 1.4379331e-14
5281.230250000319 1.4230724e-14
5282.710000000319 1.4068053e-14
5284.18975000032 1.3893282e-14
5285.66950000032 1.37155674e-14
5287.1492500003205 1.3569817e-14
5288.629000000321 1.34318605e-14
5290.108750000321 1.3282542e-14
5291.588500000322 1.3130448e-14
5293.068250000322 1.3001962e-14
5294.548000000323 1.28792545e-14
5296.027750000323 1.2721764e-14
5297.5075000003235 1.25557456e-14
5298.987250000324 1.24511675e-14
5300.467000000324 1.2361689e-14
5301.946750000325 1.2216285e-14
5303.426500000325 1.205711e-14
5304.906250000326 1.19503025e-14
5306.386000000326 1.1856412e-14
5307.865750000326 1.1784856e-14
5309.345500000327 1.1718809e-14
5310.825250000327 1.1627987e-14
5312.305000000328 1.1531041e-14
5313.784750000328 1.1446629e-14
5315.264500000329 1.1365321e-14
5316.744250000329 1.1316734e-14
5318.224000000329 1.1276266e-14
5319.70375000033 1.1319287e-14
5321.18350000033 1.13830615e-14
5322.663250000331 1.1361417e-14
5324.143000000331 1.13184955e-14
5325.6227500003315 1.1341259e-14
5327.102500000332 1.138042e-14
5328.582250000332 1.14089985e-14
5330.062000000333 1.1434931e-14
5331.541750000333 1.1460996e-14
5333.021500000334 1.1487096e-14
5334.501250000334 1.15375815e-14
5335.9810000003345 1.1594188e-14
5337.460750000335 1.16475e-14
5338.940500000335 1.1699983e-14
5340.420250000336 1.1706468e-14
5341.900000000336 1.1701383e-14
5343.379750000337 1.1690327e-14
5344.859500000337 1.1677764e-14
5346.339250000337 1.1736157e-14
5347.819000000338 1.1812467e-14
5349.298750000338 1.1833563e-14
5350.778500000339 1.1840687e-14
5352.258250000339 1.1846068e-14
5353.7380000003395 1.1851007e-14
5355.21775000034 1.1846461e-14
5356.69750000034 1.1839506e-14
5358.177250000341 1.1753014e-14
5359.657000000341 1.1646289e-14
5361.136750000342 1.1649116e-14
5362.616500000342 1.1679872e-14
5364.0962500003425 1.1685455e-14
5365.576000000343 1.1684608e-14
5367.055750000343 1.1632646e-14
5368.535500000344 1.1567604e-14
5370.015250000344 1.1533155e-14
5371.495000000345 1.1506551e-14
5372.974750000345 1.1516437e-14
5374.454500000345 1.15356985e-14
5375.934250000346 1.1552958e-14
5377.414000000346 1.1569703e-14
5378.893750000347 1.1585982e-14
5380.373500000347 1.1602142e-14
5381.8532500003475 1.160378e-14
5383.333000000348 1.1601666e-14
5384.812750000348 1.1562422e-14
5386.292500000349 1.1513586e-14
5387.772250000349 1.1506274e-14
5389.25200000035 1.1509713e-14
5390.73175000035 1.1546222e-14
5392.2115000003505 1.1591306e-14
5393.691250000351 1.1572927e-14
5395.171000000351 1.1538058e-14
5396.650750000352 1.1468244e-14
5398.130500000352 1.138933e-14
5399.610250000353 1.1396462e-14
5401.090000000353 1.1426037e-14
5402.569750000353 1.1464634e-14
5404.049500000354 1.1505588e-14
5405.529250000354 1.1531088e-14
5407.009000000355 1.1552542e-14
5408.488750000355 1.1557673e-14
5409.968500000356 1.1558522e-14
5411.448250000356 1.1530425e-14
5412.928000000356 1.1494719e-14
5414.407750000357 1.14643995e-14
5415.887500000357 1.1435499e-14
5417.367250000358 1.1412724e-14
5418.847000000358 1.1391563e-14
5420.3267500003585 1.1394824e-14
5421.806500000359 1.1404525e-14
5423.286250000359 1.140463e-14
5424.76600000036 1.1402199e-14
5426.24575000036 1.1390467e-14
5427.725500000361 1.1376272e-14
5429.205250000361 1.1369612e-14
5430.6850000003615 1.1364953e-14
5432.164750000362 1.1346197e-14
5433.644500000362 1.1323696e-14
5435.124250000363 1.1366564e-14
5436.604000000363 1.142684e-14
5438.083750000364 1.14394646e-14
5439.563500000364 1.1439378e-14
5441.043250000364 1.1395852e-14
5442.523000000365 1.1340714e-14
5444.002750000365 1.1314698e-14
5445.482500000366 1.1296479e-14
5446.962250000366 1.1233376e-14
5448.4420000003665 1.1158233e-14
5449.921750000367 1.11190345e-14
5451.401500000367 1.10894985e-14
5452.881250000368 1.106005e-14
5454.361000000368 1.1030625e-14
5455.840750000369 1.093429e-14
5457.320500000369 1.08199396e-14
5458.8002500003695 1.07529825e-14
5460.28000000037 1.0698811e-14
5461.75975000037 1.0621201e-14
5463.239500000371 1.0537257e-14
5464.719250000371 1.0454731e-14
5466.199000000372 1.037259e-14
5467.678750000372 1.029848e-14
5469.158500000372 1.0226548e-14
5470.638250000373 1.0174338e-14
5472.118000000373 1.0127487e-14
5473.597750000374 1.00766444e-14
5475.077500000374 1.00247146e-14
5476.557250000375 9.9844085e-15
5478.037000000375 9.947273e-15
5479.516750000375 9.901898e-15
5480.996500000376 9.854271e-15
5482.476250000376 9.7919855e-15
5483.956000000377 9.725686e-15
5485.435750000377 9.6183945e-15
5486.9155000003775 9.49986e-15
5488.395250000378 9.381254e-15
5489.875000000378 9.262627e-15
5491.354750000379 9.171857e-15
5492.834500000379 9.088756e-15
5494.31425000038 9.013841e-15
5495.79400000038 8.941179e-15
5497.2737500003805 8.900055e-15
5498.753500000381 8.867628e-15
5500.233250000381 8.832403e-15
5501.713000000382 8.796405e-15
5503.192750000382 8.787664e-15
5504.672500000383 8.786468e-15
5506.152250000383 8.77751e-15
5507.632000000383 8.7664005e-15
5509.111750000384 8.791684e-15
5510.591500000384 8.827077e-15
5512.071250000385 8.875066e-15
5513.551000000385 8.926563e-15
5515.0307500003855 8.929869e-15
5516.510500000386 8.9197414e-15
5517.990250000386 8.9559555e-15
5519.470000000387 9.005114e-15
5520.949750000387 9.08006e-15
5522.429500000388 9.162222e-15
5523.909250000388 9.2511244e-15
5525.3890000003885 9.341915e-15
5526.868750000389 9.449028e-15
5528.348500000389 9.560717e-15
5529.82825000039 9.637076e-15
5531.30800000039 9.703497e-15
5532.787750000391 9.751704e-15
5534.267500000391 9.7947875e-15
5535.747250000391 9.881256e-15
5537.227000000392 9.979953e-15
5538.706750000392 1.008187e-14
5540.186500000393 1.0184695e-14
5541.666250000393 1.0258258e-14
5543.1460000003935 1.0323543e-14
5544.625750000394 1.0373595e-14
5546.105500000394 1.0419332e-14
5547.585250000395 1.0490343e-14
5549.065000000395 1.056853e-14
5550.544750000396 1.0650433e-14
5552.024500000396 1.0733393e-14
5553.5042500003965 1.0754344e-14
5554.984000000397 1.0757627e-14
5556.463750000397 1.0765477e-14
5557.943500000398 1.0774632e-14
5559.423250000398 1.08161576e-14
5560.903000000399 1.0866939e-14
5562.382750000399 1.0926303e-14
5563.862500000399 1.09881264e-14
5565.3422500004 1.1023614e-14
5566.8220000004 1.1051557e-14
5568.301750000401 1.1053412e-14
5569.781500000401 1.1047782e-14
5571.261250000402 1.1049041e-14
5572.741000000402 1.1052281e-14
5574.220750000402 1.104483e-14
5575.700500000403 1.1034302e-14
5577.180250000403 1.1015513e-14
5578.660000000404 1.0994341e-14
5580.139750000404 1.1010194e-14
5581.6195000004045 1.1036749e-14
5583.099250000405 1.1051059e-14
5584.579000000405 1.1061825e-14
5586.058750000406 1.1049605e-14
5587.538500000406 1.1030717e-14
5589.018250000407 1.104955e-14
5590.498000000407 1.1079345e-14
5591.9777500004075 1.10675925e-14
5593.457500000408 1.1043747e-14
5594.937250000408 1.1024672e-14
5596.417000000409 1.1006988e-14
5597.896750000409 1.1038979e-14
5599.37650000041 1.10854836e-14
5600.85625000041 1.1024372e-14
5602.33600000041 1.0931767e-14
5603.815750000411 1.0906463e-14
5605.295500000411 1.0900852e-14
5606.775250000412 1.0895729e-14
5608.255000000412 1.0890747e-14
5609.7347500004125 1.0894899e-14
5611.214500000413 1.0901732e-14
5612.694250000413 1.0880511e-14
5614.174000000414 1.0851036e-14
5615.653750000414 1.0867138e-14
5617.133500000415 1.0896671e-14
5618.613250000415 1.0895513e-14
5620.0930000004155 1.0885295e-14
5621.572750000416 1.0847265e-14
5623.052500000416 1.0801008e-14
5624.532250000417 1.07885435e-14
5626.012000000417 1.078609e-14
5627.491750000418 1.0787044e-14
5628.971500000418 1.0789009e-14
5630.451250000418 1.0752858e-14
5631.931000000419 1.0705374e-14
5633.410750000419 1.0694879e-14
5634.89050000042 1.0695401e-14
5636.37025000042 1.0698482e-14
5637.850000000421 1.07023265e-14
5639.329750000421 1.06595564e-14
5640.809500000421 1.06028535e-14
5642.289250000422 1.0601953e-14
5643.769000000422 1.061773e-14
5645.248750000423 1.05866345e-14
5646.728500000423 1.0541504e-14
5648.2082500004235 1.0498278e-14
5649.688000000424 1.0455624e-14
5651.167750000424 1.0449423e-14
5652.647500000425 1.0454175e-14
5654.127250000425 1.0450158e-14
5655.607000000426 1.0443502e-14
5657.086750000426 1.0417636e-14
5658.5665000004265 1.03859775e-14
5660.046250000427 1.0354805e-14
5661.526000000427 1.0323779e-14
5663.005750000428 1.0313824e-14
5664.485500000428 1.0310242e-14
5665.965250000429 1.0288421e-14
5667.445000000429 1.02610715e-14
5668.924750000429 1.023883e-14
5670.40450000043 1.02181405e-14
5671.88425000043 1.0230677e-14
5673.364000000431 1.0253321e-14
5674.843750000431 1.0243156e-14
5676.3235000004315 1.0223011e-14
5677.803250000432 1.0171346e-14
5679.283000000432 1.0110062e-14
5680.762750000433 1.0063804e-14
5682.242500000433 1.0022132e-14
5683.722250000434 1.0022783e-14
5685.202000000434 1.0036376e-14
5686.6817500004345 1.0021331e-14
5688.161500000435 9.997516e-15
5689.641250000435 9.988138e-15
5691.121000000436 9.983188e-15
5692.600750000436 9.96756e-15
5694.080500000437 9.94865e-15
5695.560250000437 9.8761306e-15
5697.040000000437 9.787107e-15
5698.519750000438 9.763237e-15
5699.999500000438 9.759462e-15
5701.479250000439 9.753346e-15
5702.959000000439 9.7465074e-15
5704.4387500004395 9.758973e-15
5705.91850000044 9.777413e-15
5707.39825000044 9.746971e-15
5708.878000000441 9.70138e-15
5710.357750000441 9.619811e-15
5711.837500000442 9.52707e-15
5713.317250000442 9.500939e-15
5714.7970000004425 9.49549e-15
5716.276750000443 9.472409e-15
5717.756500000443 9.443845e-15
5719.236250000444 9.431063e-15
5720.716000000444 9.423198e-15
5722.195750000445 9.386673e-15
5723.675500000445 9.341201e-15
5725.155250000445 9.315955e-15
5726.635000000446 9.29703e-15
5728.114750000446 9.294795e-15
5729.594500000447 9.297787e-15
5731.074250000447 9.265175e-15
5732.554000000448 9.221396e-15
5734.033750000448 9.176363e-15
5735.513500000448 9.130934e-15
5736.993250000449 9.104676e-15
5738.473000000449 9.084453e-15
5739.95275000045 9.063559e-15
5741.43250000045 9.0424545e-15
5742.9122500004505 9.001247e-15
5744.392000000451 8.953691e-15
5745.871750000451 8.919826e-15
5747.351500000452 8.890291e-15
5748.831250000452 8.8831555e-15
5750.311000000453 8.883118e-15
5751.790750000453 8.8511665e-15
5753.2705000004535 8.8091e-15
5754.750250000454 8.775865e-15
5756.230000000454 8.745433e-15
5757.709750000455 8.7371914e-15
5759.189500000455 8.7360064e-15
5760.669250000456 8.737836e-15
5762.149000000456 8.740626e-15
5763.628750000456 8.7576075e-15
5765.108500000457 8.779116e-15
5766.588250000457 8.7511895e-15
5768.068000000458 8.707462e-15
5769.547750000458 8.700087e-15
5771.0275000004585 8.704348e-15
5772.507250000459 8.721021e-15
5773.987000000459 8.741675e-15
5775.46675000046 8.730012e-15
5776.94650000046 8.707967e-15
5778.426250000461 8.700636e-15
5779.906000000461 8.698038e-15
5781.3857500004615 8.730245e-15
5782.865500000462 8.773671e-15
5784.345250000462 8.7813125e-15
5785.825000000463 8.777399e-15
5787.304750000463 8.7832954e-15
5788.784500000464 8.792364e-15
5790.264250000464 8.807833e-15
5791.744000000464 8.825372e-15
5793.223750000465 8.860355e-15
5794.703500000465 8.900987e-15
5796.183250000466 8.9605625e-15
5797.663000000466 9.026284e-15
5799.142750000467 9.0666085e-15
5800.622500000467 9.098677e-15
5802.102250000467 9.142702e-15
5803.582000000468 9.1906175e-15
5805.061750000468 9.243134e-15
5806.541500000469 9.297152e-15
5808.021250000469 9.349489e-15
5809.5010000004695 9.4012754e-15
5810.98075000047 9.463378e-15
5812.46050000047 9.528857e-15
5813.940250000471 9.5763885e-15
5815.420000000471 9.618038e-15
5816.899750000472 9.664128e-15
5818.379500000472 9.711678e-15
5819.8592500004725 9.762578e-15
5821.339000000473 9.81458e-15
5822.818750000473 9.846073e-15
5824.298500000474 9.870821e-15
5825.778250000474 9.900405e-15
5827.258000000475 9.931584e-15
5828.737750000475 1.0014841e-14
5830.217500000475 1.0115279e-14
5831.697250000476 1.0165732e-14
5833.177000000476 1.0199668e-14
5834.656750000477 1.0227424e-14
5836.136500000477 1.0253133e-14
5837.6162500004775 1.032071e-14
5839.096000000478 1.0402173e-14
5840.575750000478 1.0470487e-14
5842.055500000479 1.0534435e-14
5843.535250000479 1.0604373e-14
5845.01500000048 1.0676304e-14
5846.49475000048 1.0727905e-14
5847.9745000004805 1.0772732e-14
5849.454250000481 1.082205e-14
5850.934000000481 1.0872868e-14
5852.413750000482 1.09341925e-14
5853.893500000482 1.0999031e-14
5855.373250000483 1.104666e-14
5856.853000000483 1.1088525e-14
5858.332750000483 1.1113791e-14
5859.812500000484 1.1133489e-14
5861.292250000484 1.1154169e-14
5862.772000000485 1.1175178e-14
5864.251750000485 1.1245538e-14
5865.7315000004855 1.1332477e-14
5867.211250000486 1.1347857e-14
5868.691000000486 1.1339154e-14
5870.170750000487 1.1345292e-14
5871.650500000487 1.1356433e-14
5873.130250000488 1.1412972e-14
5874.610000000488 1.1484838e-14
5876.0897500004885 1.1509163e-14
5877.569500000489 1.1517407e-14
5879.049250000489 1.1515182e-14
5880.52900000049 1.1509409e-14
5882.00875000049 1.151777e-14
5883.488500000491 1.1530926e-14
5884.968250000491 1.1558001e-14
5886.448000000491 1.1589808e-14
5887.927750000492 1.1601081e-14
5889.407500000492 1.16053644e-14
5890.887250000493 1.1626956e-14
5892.367000000493 1.1654449e-14
5893.846750000494 1.1640184e-14
5895.326500000494 1.1611659e-14
5896.806250000494 1.163474e-14
5898.286000000495 1.16754784e-14
5899.765750000495 1.1670493e-14
5901.245500000496 1.1649864e-14
5902.725250000496 1.1641038e-14
5904.2050000004965 1.1636256e-14
5905.684750000497 1.1654378e-14
5907.164500000497 1.168036e-14
5908.644250000498 1.1676064e-14
5910.124000000498 1.1661356e-14
5911.603750000499 1.163516e-14
5913.083500000499 1.1605007e-14
5914.5632500004995 1.1573001e-14
5916.0430000005 1.15403555e-14
5917.5227500005 1.15161956e-14
5919.002500000501 1.1494966e-14
5920.482250000501 1.1496286e-14
5921.962000000502 1.1505408e-14
5923.441750000502 1.1462017e-14
5924.921500000502 1.1400422e-14
5926.401250000503 1.1351987e-14
5927.881000000503 1.130812e-14
5929.360750000504 1.1276532e-14
5930.840500000504 1.1249213e-14
5932.3202500005045 1.1197778e-14
5933.800000000505 1.11379445e-14
5935.279750000505 1.1090586e-14
5936.759500000506 1.1047579e-14
5938.239250000506 1.1021565e-14
5939.719000000507 1.1001478e-14
5941.198750000507 1.098317e-14
5942.6785000005075 1.0965481e-14
5944.158250000508 1.093986e-14
5945.638000000508 1.0911463e-14
5947.117750000509 1.0872894e-14
5948.597500000509 1.083076e-14
5950.07725000051 1.0807075e-14
5951.55700000051 1.07898665e-14
5953.03675000051 1.0784196e-14
5954.516500000511 1.0782582e-14
5955.996250000511 1.0748143e-14
5957.476000000512 1.0702145e-14
5958.955750000512 1.0650117e-14
5960.435500000513 1.0595962e-14
5961.915250000513 1.0587096e-14
5963.395000000513 1.0594235e-14
5964.874750000514 1.0577267e-14
5966.354500000514 1.0551767e-14
5967.834250000515 1.05215544e-14
5969.314000000515 1.0489672e-14
5970.7937500005155 1.046171e-14
5972.273500000516 1.0435137e-14
5973.753250000516 1.0416344e-14
5975.233000000517 1.0400317e-14
5976.712750000517 1.037711e-14
5978.192500000518 1.035135e-14
5979.672250000518 1.0340075e-14
5981.1520000005185 1.0333959e-14
5982.631750000519 1.0298908e-14
5984.111500000519 1.0253534e-14
5985.59125000052 1.0205398e-14
5987.07100000052 1.0156276e-14
5988.550750000521 1.0136522e-14
5990.030500000521 1.0127278e-14
5991.510250000521 1.0115953e-14
5992.990000000522 1.0103881e-14
5994.469750000522 1.0122661e-14
5995.949500000523 1.0152517e-14
5997.429250000523 1.0124319e-14
5998.9090000005235 1.00752435e-14
6000.388750000524 1.0013479e-14
6001.868500000524 9.947143e-15
6003.348250000525 9.930797e-15
6004.828000000525 9.932484e-15
6006.307750000526 9.884966e-15
6007.787500000526 9.819666e-15
6009.2672500005265 9.787777e-15
6010.747000000527 9.767963e-15
6012.226750000527 9.731442e-15
6013.706500000528 9.688877e-15
6015.186250000528 9.64389e-15
6016.666000000529 9.598025e-15
6018.145750000529 9.59164e-15
6019.625500000529 9.599586e-15
6021.10525000053 9.586577e-15
6022.58500000053 9.565946e-15
6024.064750000531 9.5659225e-15
6025.544500000531 9.573405e-15
6027.0242500005315 9.551685e-15
6028.504000000532 9.519312e-15
6029.983750000532 9.4292275e-15
6031.463500000533 9.318056e-15
6032.943250000533 9.284369e-15
6034.423000000534 9.2790435e-15
6035.902750000534 9.273826e-15
6037.3825000005345 9.268649e-15
6038.862250000535 9.254987e-15
6040.342000000535 9.23821e-15
6041.821750000536 9.212747e-15
6043.301500000536 9.184092e-15
6044.781250000537 9.1798475e-15
6046.261000000537 9.184595e-15
6047.740750000537 9.155154e-15
6049.220500000538 9.113122e-15
6050.700250000538 9.0713815e-15
6052.180000000539 9.02975e-15
6053.659750000539 9.01795e-15
6055.13950000054 9.0171706e-15
6056.61925000054 8.9915326e-15
6058.09900000054 8.956695e-15
6059.578750000541 8.946013e-15
6061.058500000541 8.944283e-15
6062.538250000542 8.966192e-15
6064.018000000542 8.996876e-15
6065.4977500005425 8.986018e-15
6066.977500000543 8.95972e-15
6068.457250000543 8.938606e-15
6069.937000000544 8.919421e-15
6071.416750000544 8.911955e-15
6072.896500000545 8.908859e-15
6074.376250000545 8.911868e-15
6075.8560000005455 8.917157e-15
6077.335750000546 8.882846e-15
6078.815500000546 8.833719e-15
6080.295250000547 8.8010704e-15
6081.775000000547 8.774595e-15
6083.254750000548 8.731193e-15
6084.734500000548 8.681439e-15
6086.214250000548 8.6426685e-15
6087.694000000549 8.60802e-15
6089.173750000549 8.536598e-15
6090.65350000055 8.451356e-15
6092.13325000055 8.377318e-15
6093.6130000005505 8.307498e-15
6095.092750000551 8.195513e-15
6096.572500000551 8.067628e-15
6098.052250000552 7.931994e-15
6099.532000000552 7.793435e-15
6101.011750000553 7.644238e-15
6102.491500000553 7.491016e-15
6103.9712500005535 7.317571e-15
6105.451000000554 7.136467e-15
6106.930750000554 6.958549e-15
6108.410500000555 6.78184e-15
6109.890250000555 6.6129527e-15
6111.370000000556 6.4470384e-15
6112.849750000556 6.291004e-15
6114.329500000556 6.13873e-15
6115.809250000557 5.9722633e-15
6117.289000000557 5.800387e-15
6118.768750000558 5.6317505e-15
6120.248500000558 5.4643506e-15
6121.728250000559 5.3397313e-15
6123.208000000559 5.23147e-15
6124.687750000559 5.0954936e-15
6126.16750000056 4.94892e-15
6127.64725000056 4.787363e-15
6129.127000000561 4.6200696e-15
6130.606750000561 4.5087216e-15
6132.0865000005615 4.4188307e-15
6133.566250000562 4.3163287e-15
6135.046000000562 4.2089813e-15
6136.525750000563 4.1063467e-15
6138.005500000563 4.005525e-15
6139.485250000564 3.9235295e-15
6140.965000000564 3.8487877e-15
6142.444750000564 3.7888275e-15
6143.924500000565 3.734571e-15
6145.404250000565 3.675518e-15
6146.884000000566 3.614612e-15
6148.363750000566 3.549682e-15
6149.843500000567 3.4831939e-15
6151.323250000567 3.438918e-15
6152.803000000567 3.4032532e-15
6154.282750000568 3.3572583e-15
6155.762500000568 3.3072522e-15
6157.242250000569 3.278117e-15
6158.722000000569 3.2570867e-15
6160.2017500005695 3.2426357e-15
6161.68150000057 3.2307431e-15
6163.16125000057 3.2077735e-15
6164.641000000571 3.1804895e-15
6166.120750000571 3.1533487e-15
6167.600500000572 3.1262637e-15
6169.080250000572 3.1059104e-15
6170.5600000005725 3.088187e-15
6172.039750000573 3.0859509e-15
6173.519500000573 3.0897754e-15
6174.999250000574 3.1020619e-15
6176.479000000574 3.1176644e-15
6177.958750000575 3.120482e-15
6179.438500000575 3.1182815e-15
6180.918250000575 3.1068074e-15
6182.398000000576 3.0916887e-15
6183.877750000576 3.1030635e-15
6185.357500000577 3.1248684e-15
6186.837250000577 3.1469919e-15
6188.3170000005775 3.169241e-15
6189.796750000578 3.2008916e-15
6191.276500000578 3.2362545e-15
6192.756250000579 3.2672373e-15
6194.236000000579 3.296488e-15
6195.71575000058 3.308343e-15
6197.19550000058 3.3133176e-15
6198.6752500005805 3.335715e-15
6200.155000000581 3.3650127e-15
6201.634750000581 3.427719e-15
6203.114500000582 3.503679e-15
6204.594250000582 3.5615016e-15
6206.074000000583 3.612119e-15
6207.553750000583 3.6912845e-15
6209.033500000583 3.781809e-15
6210.513250000584 3.8622445e-15
6211.993000000584 3.938659e-15
6213.472750000585 3.9853993e-15
6214.952500000585 4.0202966e-15
6216.432250000586 4.0962924e-15
6217.912000000586 4.188718e-15
6219.391750000586 4.2892452e-15
6220.871500000587 4.393016e-15
6222.351250000587 4.473212e-15
6223.831000000588 4.5439557e-15
6225.310750000588 4.638393e-15
6226.7905000005885 4.7423456e-15
6228.270250000589 4.843024e-15
6229.750000000589 4.942385e-15
6231.22975000059 5.0182886e-15
6232.70950000059 5.0847426e-15
6234.189250000591 5.162453e-15
6235.669000000591 5.244698e-15
6237.1487500005915 5.326302e-15
6238.628500000592 5.4076476e-15
6240.108250000592 5.4989514e-15
6241.588000000593 5.5942782e-15
6243.067750000593 5.6736973e-15
6244.547500000594 5.7466806e-15
6246.027250000594 5.8164245e-15
6247.507000000594 5.8848563e-15
6248.986750000595 5.959622e-15
6250.466500000595 6.0369592e-15
6251.946250000596 6.114126e-15
6253.426000000596 6.1912234e-15
6254.9057500005965 6.234072e-15
6256.385500000597 6.262978e-15
6257.865250000597 6.2971584e-15
6259.345000000598 6.333489e-15
6260.824750000598 6.401697e-15
6262.304500000599 6.4829204e-15
6263.784250000599 6.517092e-15
6265.2640000005995 6.5320216e-15
6266.7437500006 6.5550427e-15
6268.2235000006 6.581377e-15
6269.703250000601 6.617772e-15
6271.183000000601 6.658293e-15
6272.662750000602 6.6941886e-15
6274.142500000602 6.7281873e-15
6275.622250000602 6.7756118e-15
6277.102000000603 6.8285497e-15
6278.581750000603 6.871443e-15
6280.061500000604 6.9102045e-15
6281.541250000604 6.9479457e-15
6283.0210000006045 6.985267e-15
6284.500750000605 7.0063313e-15
6285.980500000605 7.020688e-15
6287.460250000606 7.0434428e-15
6288.940000000606 7.069668e-15
6290.419750000607 7.0884515e-15
6291.899500000607 7.1041564e-15
6293.3792500006075 7.1375934e-15
6294.859000000608 7.178381e-15
6296.338750000608 7.2158085e-15
6297.818500000609 7.251841e-15
6299.298250000609 7.289506e-15
6300.77800000061 7.327849e-15
6302.25775000061 7.351844e-15
6303.73750000061 7.369865e-15
6305.217250000611 7.406814e-15
6306.697000000611 7.4516555e-15
6308.176750000612 7.4724035e-15
6309.656500000612 7.483091e-15
6311.136250000613 7.489542e-15
6312.616000000613 7.494224e-15
6314.095750000613 7.507274e-15
6315.575500000614 7.523825e-15
6317.055250000614 7.539716e-15
6318.535000000615 7.555331e-15
6320.014750000615 7.5691e-15
6321.4945000006155 7.582095e-15
6322.974250000616 7.589474e-15
6324.454000000616 7.594492e-15
6325.933750000617 7.599096e-15
6327.413500000617 7.603525e-15
6328.893250000618 7.606528e-15
6330.373000000618 7.60893e-15
6331.8527500006185 7.608559e-15
6333.332500000619 7.607017e-15
6334.812250000619 7.615184e-15
6336.29200000062 7.627454e-15
6337.77175000062 7.642402e-15
6339.251500000621 7.658485e-15
6340.731250000621 7.678232e-15
6342.211000000621 7.699533e-15
6343.690750000622 7.6966945e-15
6345.170500000622 7.683612e-15
6346.650250000623 7.649732e-15
6348.130000000623 7.607025e-15
6349.6097500006235 7.617135e-15
6351.089500000624 7.6496985e-15
6352.569250000624 7.658777e-15
6354.049000000625 7.657859e-15
6355.528750000625 7.626458e-15
6357.008500000626 7.582061e-15
6358.488250000626 7.579676e-15
6359.9680000006265 7.595231e-15
6361.447750000627 7.624066e-15
6362.927500000627 7.658577e-15
6364.407250000628 7.674254e-15
6365.887000000628 7.6818655e-15
6367.366750000629 7.685619e-15
6368.846500000629 7.687718e-15
6370.326250000629 7.68182e-15
6371.80600000063 7.672488e-15
6373.28575000063 7.66396e-15
6374.765500000631 7.655778e-15
6376.245250000631 7.635681e-15
6377.725000000632 7.610453e-15
6379.204750000632 7.580502e-15
6380.684500000632 7.548513e-15
6382.164250000633 7.552812e-15
6383.644000000633 7.572768e-15
6385.123750000634 7.575511e-15
6386.603500000634 7.570819e-15
6388.0832500006345 7.55814e-15
6389.563000000635 7.542008e-15
6391.042750000635 7.526444e-15
6392.522500000636 7.511128e-15
6394.002250000636 7.507801e-15
6395.482000000637 7.509676e-15
6396.961750000637 7.506093e-15
6398.4415000006375 7.500139e-15
6399.921250000638 7.482249e-15
6401.401000000638 7.4591636e-15
6402.880750000639 7.455104e-15
6404.360500000639 7.459337e-15
6405.84025000064 7.424547e-15
6407.32000000064 7.372726e-15
6408.79975000064 7.327602e-15
6410.279500000641 7.285405e-15
6411.759250000641 7.304456e-15
6413.239000000642 7.350324e-15
6414.718750000642 7.3619615e-15
6416.1985000006425 7.358592e-15
6417.678250000643 7.348279e-15
6419.158000000643 7.334917e-15
6420.637750000644 7.316868e-15
6422.117500000644 7.296759e-15
6423.597250000645 7.271929e-15
6425.077000000645 7.245022e-15
6426.5567500006455 7.243912e-15
6428.036500000646 7.254163e-15
6429.516250000646 7.2452064e-15
6430.996000000647 7.227781e-15
6432.475750000647 7.243394e-15
6433.955500000648 7.273596e-15
6435.435250000648 7.2722835e-15
6436.915000000648 7.257032e-15
6438.394750000649 7.232736e-15
6439.874500000649 7.204436e-15
6441.35425000065 7.18681e-15
6442.83400000065 7.173919e-15
6444.3137500006505 7.140459e-15
6445.793500000651 7.097859e-15
6447.273250000651 7.0969676e-15
6448.753000000652 7.11463e-15
6450.232750000652 7.116459e-15
6451.712500000653 7.111232e-15
6453.192250000653 7.1069105e-15
6454.6720000006535 7.1029926e-15
6456.151750000654 7.094397e-15
6457.631500000654 7.0837107e-15
6459.111250000655 7.0576585e-15
6460.591000000655 7.02474e-15
6462.070750000656 7.0091155e-15
6463.550500000656 7.0012288e-15
6465.030250000656 6.9975187e-15
6466.510000000657 6.9956803e-15
6467.989750000657 6.9670095e-15
6469.469500000658 6.9262956e-15
6470.949250000658 6.8977933e-15
6472.429000000659 6.874779e-15
6473.908750000659 6.8908595e-15
6475.388500000659 6.924536e-15
6476.86825000066 6.9289434e-15
6478.34800000066 6.92016e-15
6479.827750000661 6.8881884e-15
6481.307500000661 6.84575e-15
6482.7872500006615 6.858162e-15
6484.267000000662 6.895371e-15
6485.746750000662 6.894153e-15
6487.226500000663 6.875541e-15
6488.706250000663 6.8726182e-15
6490.186000000664 6.8768085e-15
6491.665750000664 6.833333e-15
6493.1455000006645 6.768219e-15
6494.625250000665 6.7507755e-15
6496.105000000665 6.7549713e-15
6497.584750000666 6.764884e-15
6499.064500000666 6.777396e-15
6500.544250000667 6.789018e-15
6502.024000000667 6.8002346e-15
6503.503750000667 6.794627e-15
6504.983500000668 6.781348e-15
6506.463250000668 6.780197e-15
6507.943000000669 6.784585e-15
6509.422750000669 6.8025737e-15
6510.9025000006695 6.8267815e-15
6512.38225000067 6.8191167e-15
6513.86200000067 6.796856e-15
6515.341750000671 6.760073e-15
6516.821500000671 6.716632e-15
6518.301250000672 6.714348e-15
6519.781000000672 6.7309655e-15
6521.2607500006725 6.754161e-15
6522.740500000673 6.780383e-15
6524.220250000673 6.784638e-15
6525.700000000674 6.7787763e-15
6527.179750000674 6.7876744e-15
6528.659500000675 6.803381e-15
6530.139250000675 6.783025e-15
6531.619000000675 6.7460135e-15
6533.098750000676 6.740392e-15
6534.578500000676 6.7492686e-15
6536.058250000677 6.7519846e-15
6537.538000000677 6.7518517e-15
6539.017750000678 6.7171335e-15
6540.497500000678 6.666398e-15
6541.977250000678 6.637441e-15
6543.457000000679 6.618586e-15
6544.936750000679 6.6268567e-15
6546.41650000068 6.6477297e-15
6547.89625000068 6.6461386e-15
6549.3760000006805 6.6340976e-15
6550.855750000681 6.6393487e-15
6552.335500000681 6.6526565e-15
6553.815250000682 6.6560052e-15
6555.295000000682 6.6547084e-15
6556.774750000683 6.6494e-15
6558.254500000683 6.6422172e-15
6559.7342500006835 6.6438672e-15
6561.214000000684 6.649651e-15
6562.693750000684 6.645729e-15
6564.173500000685 6.637259e-15
6565.653250000685 6.6170375e-15
6567.133000000686 6.591301e-15
6568.612750000686 6.573056e-15
6570.092500000686 6.558327e-15
6571.572250000687 6.5658267e-15
6573.052000000687 6.5837703e-15
6574.531750000688 6.5750433e-15
6576.011500000688 6.5537667e-15
6577.4912500006885 6.5497572e-15
6578.971000000689 6.5538827e-15
6580.450750000689 6.548999e-15
6581.93050000069 6.539864e-15
6583.41025000069 6.5344878e-15
6584.890000000691 6.530888e-15
6586.369750000691 6.5224315e-15
6587.8495000006915 6.511677e-15
6589.329250000692 6.4910252e-15
6590.809000000692 6.465682e-15
6592.288750000693 6.4272665e-15
6593.768500000693 6.3826486e-15
6595.248250000694 6.354479e-15
6596.728000000694 6.3341264e-15
6598.207750000694 6.3390455e-15
6599.687500000695 6.3559938e-15
6601.167250000695 6.354227e-15
6602.647000000696 6.3435407e-15
6604.126750000696 6.327522e-15
6605.6065000006965 6.3089576e-15
6607.086250000697 6.289261e-15
6608.566000000697 6.2690234e-15
6610.045750000698 6.2397754e-15
6611.525500000698 6.206221e-15
6613.005250000699 6.1931695e-15
6614.485000000699 6.1899313e-15
6615.9647500006995 6.1823325e-15
6617.4445000007 6.172644e-15
6618.9242500007 6.151419e-15
6620.404000000701 6.1246555e-15
6621.883750000701 6.103758e-15
6623.363500000702 6.0856806e-15
6624.843250000702 6.0708274e-15
6626.323000000702 6.057526e-15
6627.802750000703 6.037769e-15
6629.282500000703 6.0149004e-15
6630.762250000704 6.006218e-15
6632.242000000704 6.0043828e-15
6633.721750000705 6.0107618e-15
6635.201500000705 6.021111e-15
6636.681250000705 6.0069285e-15
6638.161000000706 5.980869e-15
6639.640750000706 5.9566156e-15
6641.120500000707 5.9332375e-15
6642.600250000707 5.912495e-15
6644.0800000007075 5.8930306e-15
6645.559750000708 5.8948826e-15
6647.039500000708 5.9070837e-15
6648.519250000709 5.9032682e-15
6649.999000000709 5.891668e-15
6651.47875000071 5.8654584e-15
6652.95850000071 5.832136e-15
6654.4382500007105 5.8103424e-15
6655.918000000711 5.794167e-15
6657.397750000711 5.767026e-15
6658.877500000712 5.734532e-15
6660.357250000712 5.728943e-15
6661.837000000713 5.7365078e-15
6663.316750000713 5.7522067e-15
6664.796500000713 5.771887e-15
6666.276250000714 5.764979e-15
6667.756000000714 5.745036e-15
6669.235750000715 5.705975e-15
6670.715500000715 5.6575274e-15
6672.1952500007155 5.63492e-15
6673.675000000716 5.6250166e-15
6675.154750000716 5.600526e-15
6676.634500000717 5.5688537e-15
6678.114250000717 5.5536943e-15
6679.594000000718 5.546676e-15
6681.073750000718 5.5496193e-15
6682.5535000007185 5.5574734e-15
6684.033250000719 5.5300642e-15
6685.513000000719 5.4852448e-15
6686.99275000072 5.4558663e-15
6688.47250000072 5.4341204e-15
6689.952250000721 5.435116e-15
6691.432000000721 5.447371e-15
6692.911750000721 5.4419906e-15
6694.391500000722 5.4278667e-15
6695.871250000722 5.398273e-15
6697.351000000723 5.361e-15
6698.830750000723 5.345025e-15
6700.310500000724 5.3396394e-15
6701.790250000724 5.347515e-15
6703.270000000724 5.3619926e-15
6704.749750000725 5.3357274e-15
6706.229500000725 5.2891494e-15
6707.709250000726 5.2434893e-15
6709.189000000726 5.198288e-15
6710.6687500007265 5.190301e-15
6712.148500000727 5.2009182e-15
6713.628250000727 5.2178373e-15
6715.108000000728 5.237912e-15
6716.587750000728 5.252498e-15
6718.067500000729 5.2643326e-15
6719.547250000729 5.2616022e-15
6721.0270000007295 5.251571e-15
6722.50675000073 5.201106e-15
6723.98650000073 5.1303413e-15
6725.466250000731 5.1058155e-15
6726.946000000731 5.1045322e-15
6728.425750000732 5.114406e-15
6729.905500000732 5.129897e-15
6731.385250000732 5.11472e-15
6732.865000000733 5.0840802e-15
6734.344750000733 5.061614e-15
6735.824500000734 5.043274e-15
6737.304250000734 5.036763e-15
6738.7840000007345 5.0362317e-15
6740.263750000735 5.0202914e-15
6741.743500000735 4.9965512e-15
6743.223250000736 4.972171e-15
6744.703000000736 4.9474674e-15
6746.182750000737 4.93947e-15
6747.662500000737 4.9399554e-15
6749.1422500007375 4.940964e-15
6750.622000000738 4.942238e-15
6752.101750000738 4.9378506e-15
6753.581500000739 4.9305805e-15
6755.061250000739 4.910103e-15
6756.54100000074 4.882894e-15
6758.02075000074 4.8614313e-15
6759.50050000074 4.842897e-15
6760.980250000741 4.851755e-15
6762.460000000741 4.8745967e-15
6763.939750000742 4.861717e-15
6765.419500000742 4.83058e-15
6766.8992500007425 4.813352e-15
6768.379000000743 4.8032435e-15
6769.858750000743 4.7901157e-15
6771.338500000744 4.775441e-15
6772.818250000744 4.781619e-15
6774.298000000745 4.798501e-15
6775.777750000745 4.796937e-15
6777.2575000007455 4.7858907e-15
6778.737250000746 4.7521945e-15
6780.217000000746 4.706841e-15
6781.696750000747 4.6883862e-15
6783.176500000747 4.6837953e-15
6784.656250000748 4.6746846e-15
6786.136000000748 4.6632404e-15
6787.615750000748 4.6455403e-15
6789.095500000749 4.6246076e-15
6790.575250000749 4.6249096e-15
6792.05500000075 4.636187e-15
6793.53475000075 4.6215333e-15
6795.014500000751 4.593457e-15
6796.494250000751 4.575016e-15
6797.974000000751 4.561568e-15
6799.453750000752 4.5518805e-15
6800.933500000752 4.5441446e-15
6802.413250000753 4.535649e-15
6803.893000000753 4.526758e-15
6805.3727500007535 4.522322e-15
6806.852500000754 4.5202053e-15
6808.332250000754 4.508486e-15
6809.812000000755 4.4917628e-15
6811.291750000755 4.4706988e-15
6812.771500000756 4.44737e-15
6814.251250000756 4.4494666e-15
6815.7310000007565 4.46485e-15
6817.210750000757 4.4762227e-15
6818.690500000757 4.485497e-15
6820.170250000758 4.460643e-15
6821.650000000758 4.4179053e-15
6823.129750000759 4.4002006e-15
6824.609500000759 4.3956334e-15
6826.089250000759 4.4035998e-15
6827.56900000076 4.418152e-15
6829.04875000076 4.396855e-15
6830.528500000761 4.356721e-15
6832.008250000761 4.346913e-15
6833.4880000007615 4.3530633e-15
6834.967750000762 4.35528e-15
6836.447500000762 4.3554248e-15
6837.927250000763 4.3314953e-15
6839.407000000763 4.2948636e-15
6840.886750000764 4.318517e-15
6842.366500000764 4.374018e-15
6843.8462500007645 4.398861e-15
6845.326000000765 4.407484e-15
6846.805750000765 4.3896763e-15
6848.285500000766 4.3578642e-15
6849.765250000766 4.3529082e-15
6851.245000000767 4.3621993e-15
6852.724750000767 4.349558e-15
6854.204500000767 4.325264e-15
6855.684250000768 4.2927515e-15
6857.164000000768 4.2558662e-15
6858.643750000769 4.2450797e-15
6860.123500000769 4.2481968e-15
6861.60325000077 4.279513e-15
6863.08300000077 4.3258735e-15
6864.56275000077 4.3522717e-15
6866.042500000771 4.368008e-15
6867.522250000771 4.345286e-15
6869.002000000772 4.302022e-15
6870.481750000772 4.2547566e-15
6871.9615000007725 4.205351e-15
6873.441250000773 4.1455012e-15
6874.921000000773 4.0800586e-15
6876.400750000774 4.044525e-15
6877.880500000774 4.025035e-15
6879.360250000775 4.0455035e-15
6880.840000000775 4.0874303e-15
6882.3197500007755 4.1184944e-15
6883.799500000776 4.143717e-15
6885.279250000776 4.1739073e-15
6886.759000000777 4.206773e-15
6888.238750000777 4.2172402e-15
6889.718500000778 4.2156288e-15
6891.198250000778 4.200131e-15
6892.678000000778 4.1771337e-15
6894.157750000779 4.163774e-15
6895.637500000779 4.1556262e-15
6897.11725000078 4.1501845e-15
6898.59700000078 4.1462085e-15
6900.0767500007805 4.146668e-15
6901.556500000781 4.1495327e-15
6903.036250000781 4.1587374e-15
6904.516000000782 4.171384e-15
6905.995750000782 4.168032e-15
6907.475500000783 4.155993e-15
6908.955250000783 4.1490376e-15
6910.4350000007835 4.1448465e-15
6911.914750000784 4.151172e-15
6913.394500000784 4.1632233e-15
6914.874250000785 4.1619214e-15
6916.354000000785 4.1533397e-15
6917.833750000786 4.1583706e-15
6919.313500000786 4.170834e-15
6920.793250000786 4.178882e-15
6922.273000000787 4.1845164e-15
6923.752750000787 4.19009e-15
6925.232500000788 4.19563e-15
6926.712250000788 4.214623e-15
6928.1920000007885 4.240989e-15
6929.671750000789 4.2588457e-15
6931.151500000789 4.272031e-15
6932.63125000079 4.26227e-15
6934.11100000079 4.2398933e-15
6935.590750000791 4.234724e-15
6937.070500000791 4.239024e-15
6938.5502500007915 4.2387515e-15
6940.030000000792 4.2359622e-15
6941.509750000792 4.223954e-15
6942.989500000793 4.2068577e-15
6944.469250000793 4.1903592e-15
6945.949000000794 4.1741906e-15
6947.428750000794 4.1658868e-15
6948.908500000794 4.1619294e-15
6950.388250000795 4.1587857e-15
6951.868000000795 4.1560917e-15
6953.347750000796 4.1506923e-15
6954.827500000796 4.143793e-15
6956.307250000797 4.1444543e-15
6957.787000000797 4.1493107e-15
6959.266750000797 4.148741e-15
6960.746500000798 4.1451577e-15
6962.226250000798 4.1403373e-15
6963.706000000799 4.1348294e-15
6965.185750000799 4.124055e-15
6966.6655000007995 4.1103477e-15
6968.1452500008 4.091046e-15
6969.6250000008 4.0686232e-15
6971.104750000801 4.0434634e-15
6972.584500000801 4.0167742e-15
6974.064250000802 4.017247e-15
6975.544000000802 4.0329128e-15
6977.0237500008025 4.029236e-15
6978.503500000803 4.0147414e-15
6979.983250000803 4.0086516e-15
6981.463000000804 4.0072705e-15
6982.942750000804 4.014773e-15
6984.422500000805 4.027258e-15
6985.902250000805 4.029235e-15
6987.382000000805 4.0253098e-15
6988.861750000806 4.0064434e-15
6990.341500000806 3.979175e-15
6991.821250000807 3.939279e-15
6993.301000000807 3.892272e-15
6994.7807500008075 3.87379e-15
6996.260500000808 3.871396e-15
6997.740250000808 3.8758445e-15
6999.220000000809 3.8841564e-15
7000.699750000809 3.8796824e-15
7002.17950000081 3.8679785e-15
7003.65925000081 3.8347464e-15
7005.1390000008105 3.789327e-15
7006.618750000811 3.7680417e-15
7008.098500000811 3.7604396e-15
7009.578250000812 3.76929e-15
7011.058000000812 3.787481e-15
7012.537750000813 3.78045e-15
7014.017500000813 3.759081e-15
7015.497250000813 3.7400863e-15
7016.977000000814 3.722441e-15
7018.456750000814 3.688644e-15
7019.936500000815 3.6456523e-15
7021.416250000815 3.633069e-15
7022.896000000816 3.6378163e-15
7024.375750000816 3.640328e-15
7025.855500000816 3.6415628e-15
7027.335250000817 3.6264708e-15
7028.815000000817 3.602049e-15
7030.294750000818 3.5842657e-15
7031.774500000818 3.5702807e-15
7033.2542500008185 3.5463044e-15
7034.734000000819 3.516602e-15
7036.213750000819 3.5070082e-15
7037.69350000082 3.5089528e-15
7039.17325000082 3.5193696e-15
7040.653000000821 3.5346543e-15
7042.132750000821 3.5270105e-15
7043.6125000008215 3.5061762e-15
7045.092250000822 3.477045e-15
7046.572000000822 3.443134e-15
7048.051750000823 3.4330618e-15
7049.531500000823 3.4367439e-15
7051.011250000824 3.4346223e-15
7052.491000000824 3.429148e-15
7053.970750000824 3.4237675e-15
7055.450500000825 3.4184414e-15
7056.930250000825 3.410918e-15
7058.410000000826 3.4021235e-15
7059.889750000826 3.3908038e-15
7061.3695000008265 3.3780214e-15
7062.849250000827 3.3719854e-15
7064.329000000827 3.3698621e-15
7065.808750000828 3.3788013e-15
7067.288500000828 3.3941644e-15
7068.768250000829 3.4025623e-15
7070.248000000829 3.4069097e-15
7071.7277500008295 3.3967758e-15
7073.20750000083 3.3782082e-15
7074.68725000083 3.3658205e-15
7076.167000000831 3.3570362e-15
7077.646750000831 3.3463904e-15
7079.126500000832 3.334658e-15
7080.606250000832 3.3165404e-15
7082.086000000832 3.2946894e-15
7083.565750000833 3.2935531e-15
7085.045500000833 3.3045438e-15
7086.525250000834 3.3066466e-15
7088.005000000834 3.3035464e-15
7089.4847500008345 3.2946977e-15
7090.964500000835 3.2824748e-15
7092.444250000835 3.2739183e-15
7093.924000000836 3.2675139e-15
7095.403750000836 3.2814884e-15
7096.883500000837 3.307442e-15
7098.363250000837 3.3173037e-15
7099.8430000008375 3.317696e-15
7101.322750000838 3.2909168e-15
7102.802500000838 3.2481244e-15
7104.282250000839 3.2127462e-15
7105.762000000839 3.181744e-15
7107.24175000084 3.1797244e-15
7108.72150000084 3.1948298e-15
7110.20125000084 3.2074027e-15
7111.681000000841 3.2184772e-15
7113.160750000841 3.2137792e-15
7114.640500000842 3.1997373e-15
7116.120250000842 3.2076034e-15
7117.600000000843 3.228467e-15
7119.079750000843 3.2387347e-15
7120.559500000843 3.2427072e-15
7122.039250000844 3.2353158e-15
7123.519000000844 3.2211653e-15
7124.998750000845 3.2158118e-15
7126.478500000845 3.2156913e-15
7127.9582500008455 3.2100293e-15
7129.438000000846 3.2010629e-15
7130.917750000846 3.1940573e-15
7132.397500000847 3.1882208e-15
7133.877250000847 3.1715156e-15
7135.357000000848 3.1483192e-15
7136.836750000848 3.1356872e-15
7138.3165000008485 3.1293715e-15
7139.796250000849 3.1215023e-15
7141.276000000849 3.112703e-15
7142.75575000085 3.1080502e-15
7144.23550000085 3.1058839e-15
7145.715250000851 3.111206e-15
7147.195000000851 3.1210238e-15
7148.674750000851 3.1129236e-15
7150.154500000852 3.0940515e-15
7151.634250000852 3.0757655e-15
7153.114000000853 3.0578326e-15
7154.593750000853 3.0517185e-15
7156.0735000008535 3.0527283e-15
7157.553250000854 3.040352e-15
7159.033000000854 3.0198954e-15
7160.512750000855 3.01497e-15
7161.992500000855 3.01943e-15
7163.472250000856 3.0187153e-15
7164.952000000856 3.0148734e-15
7166.4317500008565 3.0184299e-15
7167.911500000857 3.0264638e-15
7169.391250000857 3.0169857e-15
7170.871000000858 2.9968974e-15
7172.350750000858 2.984019e-15
7173.830500000859 2.9755147e-15
7175.310250000859 2.9747837e-15
7176.790000000859 2.9787747e-15
7178.26975000086 2.990155e-15
7179.74950000086 3.0060308e-15
7181.229250000861 2.9989964e-15
7182.709000000861 2.978005e-15
7184.188750000862 2.9671638e-15
7185.668500000862 2.9625134e-15
7187.148250000862 2.9556772e-15
7188.628000000863 2.947506e-15
7190.107750000863 2.9263174e-15
7191.587500000864 2.8971682e-15
7193.067250000864 2.8883584e-15
7194.5470000008645 2.8920036e-15
7196.026750000865 2.9002281e-15
7197.506500000865 2.9112611e-15
7198.986250000866 2.9137764e-15
7200.466000000866 2.9110623e-15
