3219.89 5.9043623e-16
3222.22835 4.038869e-16
3224.5667 2.1733756e-16
3226.90505 4.0136357e-16
3229.2434 5.8543714e-16
3231.58175 6.2812686e-16
3233.9201 6.707924e-16
3236.25845 5.0073655e-16
3238.5968 3.3064426e-16
3240.93515 1.6005644e-16
3243.2735 -1.0531535e-17
3245.61185 -2.9331756e-16
3247.9501999999998 -5.7614196e-16
3250.2885499999998 -4.2995697e-16
3252.6268999999998 -2.836251e-16
3254.9652499999997 -1.3726618e-16
3257.3035999999997 9.092746e-18
3259.6419499999997 2.2169647e-16
3261.9802999999997 4.3433422e-16
3264.3186499999997 4.670638e-16
3266.6569999999997 4.99701e-16
3268.9953499999997 2.0307332e-16
3271.3336999999997 -9.376573e-17
3273.6720499999997 5.0475066e-18
3276.0103999999997 1.0413164e-16
3278.3487499999997 -1.5831727e-16
3280.6870999999996 -4.2102921e-16
3283.0254499999996 -2.1443217e-16
3285.3637999999996 -7.433392e-18
3287.7021499999996 1.10875746e-16
3290.0404999999996 2.2910897e-16
3292.3788499999996 2.2466386e-17
3294.7171999999996 -1.8446822e-16
3297.0555499999996 8.993216e-19
3299.3938999999996 1.8666992e-16
3301.7322499999996 7.9439217e-17
3304.0705999999996 -2.8092523e-17
3306.4089499999995 -1.9313154e-17
3308.7472999999995 -1.0409299e-17
3311.0856499999995 1.0489202e-16
3313.4239999999995 2.2032089e-16
3315.7623499999995 1.9483722e-16
3318.1006999999995 1.6917857e-16
3320.4390499999995 6.0406406e-17
3322.7773999999995 -4.846895e-17
3325.1157499999995 -4.583019e-18
3327.4540999999995 3.951225e-17
3329.7924499999995 -1.228703e-18
3332.1307999999995 -4.208955e-17
3334.4691499999994 -1.1233969e-16
3336.8074999999994 -1.8263514e-16
3339.1458499999994 -1.3660855e-16
3341.4841999999994 -9.04026e-17
3343.8225499999994 -6.1377854e-17
3346.1608999999994 -3.2380336e-17
3348.4992499999994 -5.892974e-18
3350.8375999999994 2.0590086e-17
3353.1759499999994 2.1551579e-17
3355.5142999999994 2.2468245e-17
3357.8526499999994 1.6915435e-17
3360.1909999999993 1.135126e-17
3362.5293499999993 -2.6547382e-18
3364.8676999999993 -1.6676651e-17
3367.2060499999993 -7.201602e-17
3369.5443999999993 -1.2743505e-16
3371.8827499999993 -6.9660274e-17
3374.2210999999993 -1.1667241e-17
3376.5594499999993 -2.1483937e-17
3378.8977999999993 -3.1440113e-17
3381.2361499999993 4.5854972e-17
3383.5744999999993 1.2333328e-16
3385.9128499999993 1.5124186e-16
3388.2511999999992 1.7904635e-16
3390.5895499999992 1.1966075e-16
3392.927899999999 6.008084e-17
3395.266249999999 8.271652e-17
3397.604599999999 1.05538975e-16
3399.942949999999 2.0471114e-17
3402.281299999999 -6.484648e-17
3404.619649999999 -3.8708092e-17
3406.957999999999 -1.2297353e-17
3409.296349999999 -1.5782565e-17
3411.634699999999 -1.934083e-17
3413.973049999999 -2.023034e-17
3416.311399999999 -2.1113211e-17
3418.649749999999 2.2959359e-17
3420.988099999999 6.714951e-17
3423.326449999999 7.0045085e-17
3425.664799999999 7.283266e-17
3428.003149999999 7.755974e-17
3430.341499999999 8.229198e-17
3432.679849999999 5.3778145e-17
3435.018199999999 2.5171637e-17
3437.356549999999 3.183908e-17
3439.694899999999 3.8606365e-17
3442.033249999999 3.670272e-17
3444.371599999999 3.4774527e-17
3446.709949999999 6.1750733e-17
3449.048299999999 8.8812477e-17
3451.386649999999 8.0692925e-17
3453.724999999999 7.2467745e-17
3456.063349999999 3.7176054e-17
3458.401699999999 1.803099e-18
3460.740049999999 -2.2387542e-17
3463.078399999999 -4.6543163e-17
3465.416749999999 -1.13616764e-17
3467.755099999999 2.4008188e-17
3470.093449999999 4.2967824e-17
3472.431799999999 6.187466e-17
3474.770149999999 6.931428e-17
3477.108499999999 7.671553e-17
3479.446849999999 4.8778047e-17
3481.785199999999 2.072229e-17
3484.123549999999 2.9301063e-17
3486.461899999999 3.8004022e-17
3488.800249999999 1.4569122e-17
3491.138599999999 -8.978875e-18
3493.476949999999 2.6198802e-17
3495.815299999999 6.158314e-17
3498.153649999999 5.972319e-17
3500.491999999999 5.773056e-17
3502.830349999999 5.1532575e-17
3505.168699999999 4.5319062e-17
3507.507049999999 6.9275754e-17
3509.845399999999 9.334382e-17
3512.183749999999 7.4002456e-17
3514.5220999999988 5.4498987e-17
3516.8604499999988 5.286859e-17
3519.1987999999988 5.1307254e-17
3521.5371499999987 5.6805126e-17
3523.8754999999987 6.2330574e-17
3526.2138499999987 8.038382e-17
3528.5521999999987 9.848601e-17
3530.8905499999987 6.4904654e-17
3533.2288999999987 3.1114697e-17
3535.5672499999987 2.8181187e-17
3537.9055999999987 2.5373547e-17
3540.2439499999987 2.6017004e-17
3542.5822999999987 2.667454e-17
3544.9206499999987 5.4648673e-17
3547.2589999999987 8.273777e-17
3549.5973499999986 5.5922644e-17
3551.9356999999986 2.887408e-17
3554.2740499999986 3.6370116e-17
3556.6123999999986 4.401452e-17
3558.9507499999986 5.3122667e-17
3561.2890999999986 6.2237294e-17
3563.6274499999986 4.674706e-17
3565.9657999999986 3.1147966e-17
3568.3041499999986 5.961439e-17
3570.6424999999986 8.827768e-17
3572.9808499999986 6.722514e-17
3575.3191999999985 4.5944056e-17
3577.6575499999985 4.987917e-17
3579.9958999999985 5.39302e-17
3582.3342499999985 4.71629e-17
3584.6725999999985 4.0345404e-17
3587.0109499999985 1.427904e-17
3589.3492999999985 -1.1879133e-17
3591.6876499999985 2.1277795e-17
3594.0259999999985 5.472019e-17
3596.3643499999985 6.4707964e-17
3598.7026999999985 7.458286e-17
3601.0410499999984 6.196418e-17
3603.3793999999984 4.923433e-17
3605.7177499999984 4.6563942e-17
3608.0560999999984 4.394371e-17
3610.3944499999984 4.9198205e-17
3612.7327999999984 5.4491962e-17
3615.0711499999984 5.962267e-17
3617.4094999999984 6.475254e-17
3619.7478499999984 6.7510465e-17
3622.0861999999984 7.025615e-17
3624.4245499999984 6.2399706e-17
3626.7628999999984 5.4488574e-17
3629.1012499999983 4.778613e-17
3631.4395999999983 4.109008e-17
3633.7779499999983 4.4354563e-17
3636.1162999999983 4.7672143e-17
3638.4546499999983 3.477145e-17
3640.7929999999983 2.1783596e-17
3643.1313499999983 3.9267683e-17
3645.4696999999983 5.691949e-17
3647.8080499999983 5.2580328e-17
3650.1463999999983 4.8120127e-17
3652.4847499999983 5.787922e-17
3654.8230999999982 6.771718e-17
3657.1614499999982 5.162875e-17
3659.4997999999982 3.539313e-17
3661.838149999998 4.4974114e-17
3664.176499999998 5.4701662e-17
3666.514849999998 4.249575e-17
3668.853199999998 3.016437e-17
3671.191549999998 1.0825277e-17
3673.529899999998 -8.5548094e-18
3675.868249999998 4.300198e-18
3678.206599999998 1.7345178e-17
3680.544949999998 1.1383001e-17
3682.883299999998 5.3088075e-18
3685.221649999998 1.6526038e-17
3687.559999999998 2.784742e-17
3689.898349999998 1.9760698e-17
3692.236699999998 1.1556237e-17
3694.575049999998 2.2717003e-17
3696.913399999998 3.399525e-17
3699.251749999998 3.1551524e-17
3701.590099999998 2.902277e-17
3703.928449999998 4.0850705e-17
3706.266799999998 5.2768224e-17
3708.605149999998 5.889799e-17
3710.943499999998 6.499164e-17
3713.281849999998 3.7179922e-17
3715.620199999998 9.1507674e-18
3717.958549999998 1.4459015e-17
3720.296899999998 1.9981049e-17
3722.635249999998 1.5431587e-17
3724.973599999998 1.0817101e-17
3727.311949999998 2.4620644e-17
3729.650299999998 3.854549e-17
3731.988649999998 4.1785757e-17
3734.326999999998 4.4955655e-17
3736.665349999998 4.154252e-17
3739.003699999998 3.8085745e-17
3741.342049999998 2.9874204e-17
3743.680399999998 2.163052e-17
3746.018749999998 2.8599707e-17
3748.357099999998 3.5671724e-17
3750.695449999998 3.6724903e-17
3753.033799999998 3.7737138e-17
3755.372149999998 3.2287592e-17
3757.710499999998 2.6793247e-17
3760.048849999998 3.3782622e-17
3762.387199999998 4.0859086e-17
3764.725549999998 4.04225e-17
3767.063899999998 3.9933504e-17
3769.402249999998 3.3496997e-17
3771.740599999998 2.7018222e-17
3774.078949999998 2.5673302e-17
3776.417299999998 2.4365088e-17
3778.755649999998 2.1347131e-17
3781.093999999998 1.8316952e-17
3783.4323499999978 1.1444789e-17
3785.7706999999978 4.5446577e-18
3788.1090499999978 -2.918991e-18
3790.4473999999977 -1.0386766e-17
3792.7857499999977 4.049038e-18
3795.1240999999977 1.86462e-17
3797.4624499999977 2.736966e-17
3799.8007999999977 3.6049087e-17
3802.1391499999977 3.1725066e-17
3804.4774999999977 2.7303561e-17
3806.8158499999977 1.5506844e-17
3809.1541999999977 3.654516e-18
3811.4925499999977 3.8128258e-18
3813.8308999999977 4.0632638e-18
3816.1692499999976 7.957949e-18
3818.5075999999976 1.1880588e-17
3820.8459499999976 2.9854538e-19
3823.1842999999976 -1.1403101e-17
3825.5226499999976 -3.477183e-18
3827.8609999999976 4.6026993e-18
3830.1993499999976 6.2447223e-18
3832.5376999999976 7.835965e-18
3834.8760499999976 6.5785054e-18
3837.2143999999976 5.298576e-18
3839.5527499999976 4.1133632e-18
3841.8910999999976 2.9289097e-18
3844.2294499999975 1.0829527e-18
3846.5677999999975 -7.683371e-19
3848.9061499999975 -3.2062972e-18
3851.2444999999975 -5.648987e-18
3853.5828499999975 6.393227e-18
3855.9211999999975 1.85541e-17
3858.2595499999975 1.7917673e-17
3860.5978999999975 1.7175856e-17
3862.9362499999975 1.137534e-17
3865.2745999999975 5.5331637e-18
3867.6129499999975 1.17874635e-17
3869.9512999999974 1.8142961e-17
3872.2896499999974 8.411386e-18
3874.6279999999974 -1.4554701e-18
3876.9663499999974 2.2342616e-18
3879.3046999999974 6.039764e-18
3881.6430499999974 1.0763574e-17
3883.9813999999974 1.5495267e-17
3886.3197499999974 2.753185e-18
3888.6580999999974 -1.013888e-17
3890.9964499999974 9.974203e-18
3893.3347999999974 3.037489e-17
3895.6731499999973 3.3695775e-17
3898.0114999999973 3.6867086e-17
3900.3498499999973 3.5959636e-17
3902.6881999999973 3.5016464e-17
3905.0265499999973 2.92238e-17
3907.3648999999973 2.3388034e-17
3909.7032499999973 2.1563263e-17
3912.0415999999973 1.9774317e-17
3914.3799499999973 2.4174529e-17
3916.7182999999973 2.863029e-17
3919.0566499999973 3.04051e-17
3921.3949999999973 3.21555e-17
3923.7333499999972 2.2937255e-17
3926.0716999999972 1.3619133e-17
3928.410049999997 2.5259072e-17
3930.748399999997 3.709076e-17
3933.086749999997 3.5222568e-17
3935.425099999997 3.322724e-17
3937.763449999997 3.197266e-17
3940.101799999997 3.072496e-17
3942.440149999997 3.707447e-17
3944.778499999997 4.3494814e-17
3947.116849999997 3.8199376e-17
3949.455199999997 3.2793175e-17
3951.793549999997 3.4418337e-17
3954.131899999997 3.611028e-17
3956.470249999997 3.719448e-17
3958.808599999997 3.827291e-17
3961.146949999997 3.5742726e-17
3963.485299999997 3.3177797e-17
3965.823649999997 3.6274282e-17
3968.161999999997 3.9425522e-17
3970.500349999997 4.3967604e-17
3972.838699999997 4.852314e-17
3975.177049999997 4.879778e-17
3977.515399999997 4.9030456e-17
3979.853749999997 5.468387e-17
3982.192099999997 6.0390657e-17
3984.530449999997 5.472608e-17
3986.868799999997 4.8949538e-17
3989.207149999997 4.053759e-17
3991.545499999997 3.209935e-17
3993.883849999997 4.2082966e-17
3996.222199999997 5.225119e-17
3998.560549999997 5.2556833e-17
4000.898899999997 5.2763214e-17
4003.237249999997 5.403093e-17
4005.575599999997 5.530947e-17
4007.913949999997 5.599426e-17
4010.252299999997 5.6672996e-17
4012.590649999997 5.913468e-17
4014.928999999997 6.1614626e-17
4017.267349999997 5.674926e-17
4019.605699999997 5.1807728e-17
4021.944049999997 5.4590072e-17
4024.282399999997 5.745252e-17
4026.620749999997 5.5623376e-17
4028.959099999997 5.3745375e-17
4031.297449999997 4.6819726e-17
4033.635799999997 3.9840853e-17
4035.974149999997 4.0961263e-17
4038.312499999997 4.216743e-17
4040.650849999997 4.1035596e-17
4042.989199999997 3.9879006e-17
4045.327549999997 4.0692164e-17
4047.665899999997 4.152644e-17
4050.004249999997 4.2950503e-17
4052.3425999999968 4.4380917e-17
4054.6809499999968 4.8470656e-17
4057.0192999999967 5.258902e-17
4059.3576499999967 4.689881e-17
4061.6959999999967 4.1101748e-17
4064.0343499999967 4.8834487e-17
4066.3726999999967 5.671521e-17
4068.7110499999967 5.7311116e-17
4071.0493999999967 5.782735e-17
4073.3877499999967 4.7175897e-17
4075.7260999999967 3.6400344e-17
4078.0644499999967 3.2391896e-17
4080.4027999999967 2.8458653e-17
4082.7411499999967 3.8283808e-17
4085.0794999999966 4.826246e-17
4087.4178499999966 4.7554382e-17
4089.7561999999966 4.672568e-17
4092.0945499999966 4.796588e-17
4094.4328999999966 4.9229436e-17
4096.771249999997 4.902999e-17
4099.109599999997 4.8813966e-17
4101.447949999997 4.5037308e-17
4103.786299999997 4.12203e-17
4106.124649999997 3.9218016e-17
4108.462999999997 3.7236372e-17
4110.801349999997 3.5815395e-17
4113.139699999997 3.440092e-17
4115.478049999997 3.586886e-17
4117.816399999997 3.7370346e-17
4120.154749999997 3.658234e-17
4122.493099999997 3.5767594e-17
4124.831449999997 4.165556e-17
4127.169799999997 4.7621827e-17
4129.508149999997 4.448755e-17
4131.846499999997 4.1246564e-17
4134.184849999997 3.4969798e-17
4136.523199999997 2.8657434e-17
4138.861549999997 3.3426362e-17
4141.199899999997 3.8328135e-17
4143.538249999997 3.2113874e-17
4145.876599999997 2.5766355e-17
4148.214949999997 3.1152217e-17
4150.553299999997 3.6679256e-17
4152.891649999997 3.4850343e-17
4155.229999999997 3.2932608e-17
4157.568349999997 3.1309365e-17
4159.906699999997 2.968968e-17
4162.245049999997 3.9216494e-17
4164.583399999997 4.888084e-17
4166.921749999997 5.0617015e-17
4169.260099999997 5.225537e-17
4171.598449999997 5.8093146e-17
4173.936799999997 6.398291e-17
4176.275149999997 6.3340714e-17
4178.613499999997 6.261763e-17
4180.951849999997 5.5718496e-17
4183.290199999997 4.8742617e-17
4185.628549999997 4.8506142e-17
4187.966899999997 4.8353412e-17
4190.305249999997 5.0169464e-17
4192.643599999997 5.20105e-17
4194.981949999997 5.1203482e-17
4197.320299999997 5.0362746e-17
4199.658649999997 4.9304044e-17
4201.996999999997 4.8242563e-17
4204.335349999997 5.6160316e-17
4206.673699999997 6.4192796e-17
4209.012049999997 7.487746e-17
4211.350399999997 8.5596015e-17
4213.688749999997 8.3754664e-17
4216.027099999997 8.1752285e-17
4218.365449999997 7.5292666e-17
4220.703799999997 6.8774926e-17
4223.042149999997 6.714085e-17
4225.380499999997 6.5570673e-17
4227.718849999997 7.0227555e-17
4230.057199999997 7.496591e-17
4232.395549999997 7.6529784e-17
4234.7338999999965 7.805199e-17
4237.0722499999965 7.5820096e-17
4239.4105999999965 7.353875e-17
4241.7489499999965 7.5795585e-17
4244.0872999999965 7.811219e-17
4246.4256499999965 8.142543e-17
4248.7639999999965 8.4752065e-17
4251.1023499999965 8.744659e-17
4253.4406999999965 9.013262e-17
4255.7790499999965 9.083968e-17
4258.117399999996 9.1520064e-17
4260.455749999996 9.1560926e-17
4262.794099999996 9.159317e-17
4265.132449999996 8.803397e-17
4267.470799999996 8.44262e-17
4269.809149999996 9.536023e-17
4272.147499999996 1.0649155e-16
4274.485849999996 1.0199191e-16
4276.824199999996 9.727678e-17
4279.162549999996 9.301801e-17
4281.500899999996 8.876556e-17
4283.839249999996 9.7441995e-17
4286.177599999996 1.0629725e-16
4288.515949999996 1.06856297e-16
4290.854299999996 1.07300235e-16
4293.192649999996 1.0406718e-16
4295.530999999996 1.0078311e-16
4297.869349999996 1.0021189e-16
4300.207699999996 9.967843e-17
4302.546049999996 1.0184987e-16
4304.884399999996 1.0405956e-16
4307.222749999996 1.0536162e-16
4309.561099999996 1.0665082e-16
4311.899449999996 1.05699746e-16
4314.237799999996 1.0471681e-16
4316.576149999996 1.0946648e-16
4318.914499999996 1.142977e-16
4321.252849999996 1.0673786e-16
4323.591199999996 9.900118e-17
4325.929549999996 1.0461418e-16
4328.267899999996 1.10417686e-16
4330.606249999996 1.1243836e-16
4332.944599999996 1.1440404e-16
4335.282949999996 1.03567016e-16
4337.621299999996 9.254391e-17
4339.959649999996 9.942755e-17
4342.297999999996 1.06572256e-16
4344.636349999996 1.07964335e-16
4346.974699999996 1.09272544e-16
4349.313049999996 1.0455461e-16
4351.651399999996 9.974855e-17
4353.989749999996 1.0136934e-16
4356.328099999996 1.0308439e-16
4358.666449999996 1.0095437e-16
4361.004799999996 9.87671e-17
4363.343149999996 1.0021527e-16
4365.681499999996 1.0171772e-16
4368.019849999996 9.350821e-17
4370.358199999996 8.515369e-17
4372.696549999996 9.3083415e-17
4375.034899999996 1.01256985e-16
4377.373249999996 1.0131178e-16
4379.711599999996 1.0124499e-16
4382.049949999996 1.020654e-16
4384.388299999996 1.0289914e-16
4386.726649999996 1.082771e-16
4389.064999999996 1.1372432e-16
4391.403349999996 1.1616872e-16
4393.741699999996 1.1856722e-16
4396.080049999996 1.1811217e-16
4398.418399999996 1.1761337e-16
4400.756749999996 1.1339139e-16
4403.095099999996 1.0911235e-16
4405.433449999996 1.1026253e-16
4407.771799999996 1.1149615e-16
4410.110149999996 1.1159263e-16
4412.448499999996 1.1167163e-16
4414.786849999996 1.1786876e-16
4417.125199999996 1.2416154e-16
4419.463549999996 1.1567741e-16
4421.801899999996 1.06962215e-16
4424.140249999996 1.0764825e-16
4426.478599999996 1.084817e-16
4428.816949999996 1.0645399e-16
4431.155299999996 1.04381405e-16
4433.493649999996 1.0190407e-16
4435.831999999996 9.942037e-17
4438.170349999996 1.0274675e-16
4440.508699999996 1.0616475e-16
4442.847049999996 9.94742e-17
4445.185399999996 9.262202e-17
4447.523749999996 9.095392e-17
4449.862099999996 8.9368944e-17
4452.200449999996 8.828454e-17
4454.538799999996 8.7208156e-17
4456.877149999996 8.5491446e-17
4459.215499999996 8.376443e-17
4461.553849999996 8.062214e-17
4463.892199999996 7.745709e-17
4466.230549999996 8.693769e-17
4468.568899999996 9.662215e-17
4470.907249999996 9.162923e-17
4473.245599999996 8.639645e-17
4475.583949999996 8.228684e-17
4477.922299999996 7.819564e-17
4480.260649999996 7.9395733e-17
4482.598999999996 8.068277e-17
4484.937349999996 7.8251974e-17
4487.275699999996 7.576009e-17
4489.614049999996 7.7961223e-17
4491.952399999996 8.0239676e-17
4494.290749999996 7.8667034e-17
4496.629099999996 7.703095e-17
4498.967449999996 7.1982475e-17
4501.3057999999955 6.6876884e-17
4503.6441499999955 6.884545e-17
4505.9824999999955 7.0932445e-17
4508.3208499999955 7.342323e-17
4510.6591999999955 7.5920794e-17
4512.9975499999955 7.2001546e-17
4515.3358999999955 6.797431e-17
4517.6742499999955 6.5628384e-17
4520.0125999999955 6.331075e-17
4522.3509499999955 6.763706e-17
4524.6892999999955 7.207548e-17
4527.027649999995 7.1756595e-17
4529.365999999995 7.135639e-17
4531.704349999995 6.984419e-17
4534.042699999995 6.8312936e-17
4536.381049999995 6.620981e-17
4538.719399999995 6.409689e-17
4541.057749999995 7.1914546e-17
4543.396099999995 7.9902835e-17
4545.734449999995 8.498924e-17
4548.072799999995 9.002579e-17
4550.411149999995 8.452575e-17
4552.749499999995 7.8844196e-17
4555.087849999995 9.135645e-17
4557.426199999995 1.04186945e-16
4559.764549999995 1.0191485e-16
4562.102899999995 9.9378584e-17
4564.441249999995 9.748555e-17
4566.779599999995 9.56038e-17
4569.117949999995 1.08863606e-16
4571.456299999995 1.2238896e-16
4573.794649999995 1.2223031e-16
4576.132999999995 1.2183109e-16
4578.471349999995 1.2361776e-16
4580.809699999995 1.2544285e-16
4583.148049999995 1.3193864e-16
4585.486399999995 1.3851779e-16
4587.824749999995 1.4160328e-16
4590.163099999995 1.4462642e-16
4592.501449999995 1.3944531e-16
4594.839799999995 1.3411744e-16
4597.178149999995 1.4528162e-16
4599.516499999995 1.5674161e-16
4601.854849999995 1.5821822e-16
4604.193199999995 1.5951579e-16
4606.531549999995 1.6610974e-16
4608.869899999995 1.7279892e-16
4611.208249999995 1.7908481e-16
4613.546599999995 1.8536338e-16
4615.884949999995 1.9116235e-16
4618.223299999995 1.9695256e-16
4620.561649999995 1.9554351e-16
4622.899999999995 1.940031e-16
4625.238349999995 1.9423197e-16
4627.576699999995 1.9449319e-16
4629.915049999995 2.0523766e-16
4632.253399999995 2.1617431e-16
4634.591749999995 2.1883731e-16
4636.930099999995 2.2134864e-16
4639.268449999995 2.300571e-16
4641.606799999995 2.3888087e-16
4643.945149999995 2.483871e-16
4646.283499999995 2.57906e-16
4648.621849999995 2.5455106e-16
4650.960199999995 2.5095606e-16
4653.298549999995 2.4778003e-16
4655.636899999995 2.446118e-16
4657.975249999995 2.478373e-16
4660.313599999995 2.5118227e-16
4662.651949999995 2.5778868e-16
4664.990299999995 2.6445605e-16
4667.328649999995 2.7188765e-16
4669.666999999995 2.7933373e-16
4672.005349999995 2.7942571e-16
4674.343699999995 2.793783e-16
4676.682049999995 2.8180124e-16
4679.020399999995 2.8427114e-16
4681.358749999995 2.8984777e-16
4683.697099999995 2.9548355e-16
4686.035449999995 2.9358752e-16
4688.373799999995 2.9154805e-16
4690.712149999995 2.9622296e-16
4693.050499999995 3.0102606e-16
4695.388849999995 2.9604746e-16
4697.727199999995 2.9087998e-16
4700.065549999995 2.8932223e-16
4702.403899999995 2.8783437e-16
4704.742249999995 2.904493e-16
4707.080599999995 2.931436e-16
4709.418949999995 2.917647e-16
4711.757299999995 2.9030678e-16
4714.095649999995 2.8619785e-16
4716.433999999995 2.8203735e-16
4718.772349999995 2.8552607e-16
4721.110699999995 2.8916522e-16
4723.449049999995 2.8632392e-16
4725.787399999995 2.8335486e-16
4728.125749999995 2.8137153e-16
4730.464099999995 2.794076e-16
4732.802449999995 2.8049313e-16
4735.140799999995 2.816389e-16
4737.479149999995 2.8160185e-16
4739.817499999995 2.815414e-16
4742.155849999995 2.8078817e-16
4744.494199999995 2.800212e-16
4746.832549999995 2.7170604e-16
4749.170899999995 2.6323973e-16
4751.509249999995 2.6302718e-16
4753.847599999995 2.6298028e-16
4756.185949999995 2.6034823e-16
4758.524299999995 2.5766422e-16
4760.862649999995 2.5790756e-16
4763.200999999995 2.582098e-16
4765.539349999995 2.563917e-16
4767.877699999995 2.5453089e-16
4770.2160499999945 2.4638682e-16
4772.5543999999945 2.381161e-16
4774.8927499999945 2.281847e-16
4777.2310999999945 2.182194e-16
4779.5694499999945 2.1917405e-16
4781.9077999999945 2.2035172e-16
4784.2461499999945 2.2344605e-16
4786.5844999999945 2.2657962e-16
4788.9228499999945 2.2312807e-16
4791.2611999999945 2.1954173e-16
4793.599549999994 2.1486175e-16
4795.937899999994 2.1015934e-16
4798.276249999994 2.002186e-16
4800.614599999994 1.9017019e-16
4802.952949999994 1.8357151e-16
4805.291299999994 1.7704451e-16
4807.629649999994 1.7142672e-16
4809.967999999994 1.6582786e-16
4812.306349999994 1.6267433e-16
4814.644699999994 1.5957172e-16
4816.983049999994 1.6101073e-16
4819.321399999994 1.6254454e-16
4821.659749999994 1.5647483e-16
4823.998099999994 1.5024644e-16
4826.336449999994 1.447819e-16
4828.674799999994 1.3933333e-16
4831.013149999994 1.3679358e-16
4833.351499999994 1.3431531e-16
4835.689849999994 1.3381884e-16
4838.028199999994 1.3336436e-16
4840.366549999994 1.2760751e-16
4842.704899999994 1.2173813e-16
4845.043249999994 1.1737298e-16
4847.381599999994 1.1303978e-16
4849.719949999994 1.10028276e-16
4852.058299999994 1.07044894e-16
4854.396649999994 1.0332314e-16
4856.734999999994 9.958568e-17
4859.073349999994 9.8887364e-17
4861.411699999994 9.825451e-17
4863.750049999994 9.663804e-17
4866.088399999994 9.500039e-17
4868.426749999994 9.206672e-17
4870.765099999994 8.910507e-17
4873.103449999994 8.931503e-17
4875.441799999994 8.9593587e-17
4877.780149999994 8.862301e-17
4880.118499999994 8.7625426e-17
4882.456849999994 8.339013e-17
4884.795199999994 7.908467e-17
4887.133549999994 7.87174e-17
4889.471899999994 7.843635e-17
4891.810249999994 7.740987e-17
4894.148599999994 7.6367035e-17
4896.486949999994 7.670391e-17
4898.825299999994 7.707106e-17
4901.163649999994 8.036894e-17
4903.501999999994 8.373125e-17
4905.840349999994 8.369912e-17
4908.178699999994 8.359236e-17
4910.517049999994 8.635453e-17
4912.855399999994 8.917991e-17
4915.193749999994 9.2933894e-17
4917.532099999994 9.6708544e-17
4919.870449999994 9.5254936e-17
4922.208799999994 9.3684756e-17
4924.547149999994 9.256119e-17
4926.885499999994 9.144761e-17
4929.223849999994 9.2126996e-17
4931.562199999994 9.2846444e-17
4933.900549999994 9.1009256e-17
4936.238899999994 8.911483e-17
4938.577249999994 9.107204e-17
4940.915599999994 9.3115483e-17
4943.253949999994 9.434791e-17
4945.592299999994 9.556197e-17
4947.930649999994 9.581579e-17
4950.268999999994 9.6047865e-17
4952.607349999994 9.738627e-17
4954.945699999994 9.8749794e-17
4957.284049999994 1.0215264e-16
4959.622399999994 1.05601874e-16
4961.960749999994 1.02203015e-16
4964.299099999994 9.864841e-17
4966.637449999994 9.5913425e-17
4968.975799999994 9.319713e-17
4971.314149999994 9.568421e-17
4973.652499999994 9.829103e-17
4975.990849999994 9.5797805e-17
4978.329199999994 9.318698e-17
4980.667549999994 1.0179875e-16
4983.005899999994 1.10669275e-16
4985.344249999994 1.0981341e-16
4987.682599999994 1.08732845e-16
4990.020949999994 1.0919621e-16
4992.359299999994 1.0969532e-16
4994.697649999994 1.0902535e-16
4997.035999999994 1.0832832e-16
4999.374349999994 1.0848481e-16
5001.712699999994 1.0866129e-16
5004.051049999994 1.0834578e-16
5006.389399999994 1.0801874e-16
5008.727749999994 1.1012075e-16
5011.066099999994 1.1227975e-16
5013.404449999994 1.07406974e-16
5015.742799999994 1.0236923e-16
5018.081149999994 1.0197316e-16
5020.419499999994 1.0168619e-16
5022.757849999994 1.0734742e-16
5025.096199999994 1.1314845e-16
5027.434549999994 1.1092823e-16
5029.772899999994 1.08517315e-16
5032.111249999994 1.1000943e-16
5034.449599999994 1.1159434e-16
5036.7879499999935 1.0811417e-16
5039.1262999999935 1.0451336e-16
5041.4646499999935 1.0803875e-16
5043.8029999999935 1.117342e-16
5046.1413499999935 1.1399401e-16
5048.4796999999935 1.1621958e-16
5050.8180499999935 1.09582605e-16
5053.1563999999935 1.0273374e-16
5055.4947499999935 1.0343017e-16
5057.8330999999935 1.0430867e-16
5060.1714499999935 1.0201152e-16
5062.509799999993 9.963759e-17
5064.848149999993 9.7679e-17
5067.186499999993 9.573044e-17
5069.524849999993 9.404065e-17
5071.863199999993 9.235713e-17
5074.201549999993 8.9612486e-17
5076.539899999993 8.684209e-17
5078.878249999993 8.6958474e-17
5081.216599999993 8.714491e-17
5083.554949999993 8.0315135e-17
5085.893299999993 7.33132e-17
5088.231649999993 7.265734e-17
5090.569999999993 7.215719e-17
5092.908349999993 7.319349e-17
5095.246699999993 7.4267544e-17
5097.585049999993 7.134236e-17
5099.923399999993 6.831887e-17
5102.261749999993 7.39158e-17
5104.600099999993 7.972502e-17
5106.938449999993 7.820692e-17
5109.276799999993 7.650839e-17
5111.615149999993 7.2321354e-17
5113.953499999993 6.8072365e-17
5116.291849999993 6.575267e-17
5118.630199999993 6.3481096e-17
5120.968549999993 6.601984e-17
5123.306899999993 6.867854e-17
5125.645249999993 6.977506e-17
5127.983599999993 7.083254e-17
5130.321949999993 7.0187996e-17
5132.660299999993 6.9500926e-17
5134.998649999993 7.4252185e-17
5137.336999999993 7.9139565e-17
5139.675349999993 8.0080136e-17
5142.013699999993 8.092103e-17
5144.352049999993 8.4592836e-17
5146.690399999993 8.8336265e-17
5149.028749999993 8.6170574e-17
5151.367099999993 8.385538e-17
5153.705449999993 8.54078e-17
5156.043799999993 8.7058245e-17
5158.382149999993 8.814307e-17
5160.720499999993 8.9213533e-17
5163.058849999993 8.725432e-17
5165.397199999993 8.5218185e-17
5167.735549999993 9.5521394e-17
5170.073899999993 1.0614123e-16
5172.412249999993 1.0685493e-16
5174.750599999993 1.07314436e-16
5177.088949999993 1.0704057e-16
5179.427299999993 1.0674786e-16
5181.765649999993 1.1306057e-16
5184.103999999993 1.1954306e-16
5186.442349999993 1.2236038e-16
5188.780699999993 1.2508331e-16
5191.119049999993 1.252368e-16
5193.457399999993 1.25324e-16
5195.795749999993 1.2648793e-16
5198.134099999993 1.2767988e-16
5200.472449999993 1.2897036e-16
5202.810799999993 1.302634e-16
5205.149149999993 1.3040738e-16
5207.487499999993 1.305214e-16
5209.825849999993 1.3200725e-16
5212.164199999993 1.3352892e-16
5214.502549999993 1.4135877e-16
5216.840899999993 1.4935335e-16
5219.179249999993 1.4794804e-16
5221.517599999993 1.4629688e-16
5223.855949999993 1.4649703e-16
5226.194299999993 1.4674604e-16
5228.532649999993 1.4839119e-16
5230.870999999993 1.5007322e-16
5233.209349999993 1.5281118e-16
5235.547699999993 1.5557707e-16
5237.886049999993 1.5503981e-16
5240.224399999993 1.5441511e-16
5242.562749999993 1.5996346e-16
5244.901099999993 1.6567548e-16
5247.239449999993 1.6398661e-16
5249.577799999993 1.6210151e-16
5251.916149999993 1.649018e-16
5254.254499999993 1.678276e-16
5256.592849999993 1.6645595e-16
5258.931199999993 1.6496918e-16
5261.269549999993 1.597601e-16
5263.607899999993 1.5445112e-16
5265.946249999993 1.5237718e-16
5268.284599999993 1.5039002e-16
5270.622949999993 1.4807265e-16
5272.961299999993 1.457464e-16
5275.299649999993 1.4830935e-16
5277.637999999993 1.5100483e-16
5279.976349999993 1.5032584e-16
5282.314699999993 1.4955525e-16
5284.653049999993 1.5334318e-16
5286.991399999993 1.5725505e-16
5289.329749999993 1.5581573e-16
5291.668099999993 1.542309e-16
5294.006449999993 1.582355e-16
5296.344799999993 1.6239232e-16
5298.683149999993 1.6256381e-16
5301.021499999993 1.6262674e-16
5303.359849999993 1.5903157e-16
5305.6981999999925 1.553358e-16
5308.0365499999925 1.462433e-16
5310.3748999999925 1.3700235e-16
5312.7132499999925 1.390444e-16
5315.0515999999925 1.4139735e-16
5317.3899499999925 1.4108132e-16
5319.7282999999925 1.4069163e-16
5322.0666499999925 1.3752846e-16
5324.4049999999925 1.3428876e-16
5326.7433499999925 1.3868726e-16
5329.081699999992 1.432969e-16
5331.420049999992 1.4238703e-16
5333.758399999992 1.4132336e-16
5336.096749999992 1.3941033e-16
5338.435099999992 1.3747362e-16
5340.773449999992 1.3664058e-16
5343.111799999992 1.3583836e-16
5345.450149999992 1.3316287e-16
5347.788499999992 1.3043501e-16
5350.126849999992 1.2691858e-16
5352.465199999992 1.2338006e-16
5354.803549999992 1.2284165e-16
5357.141899999992 1.2238726e-16
5359.480249999992 1.2027123e-16
5361.818599999992 1.1810822e-16
5364.156949999992 1.1750607e-16
5366.495299999992 1.1694805e-16
5368.833649999992 1.1596531e-16
5371.171999999992 1.1497053e-16
5373.510349999992 1.1224296e-16
5375.848699999992 1.0946629e-16
5378.187049999992 1.0988281e-16
5380.525399999992 1.1038991e-16
5382.863749999992 1.0977608e-16
5385.202099999992 1.09130454e-16
5387.540449999992 1.0492338e-16
5389.878799999992 1.0061431e-16
5392.217149999992 9.518451e-17
5394.555499999992 8.97226e-17
5396.893849999992 9.1853404e-17
5399.232199999992 9.420199e-17
5401.570549999992 8.9046754e-17
5403.908899999992 8.367595e-17
5406.247249999992 7.967324e-17
5408.585599999992 7.570983e-17
5410.923949999992 7.739023e-17
5413.262299999992 7.9233024e-17
5415.600649999992 7.695443e-17
5417.938999999992 7.455632e-17
5420.277349999992 7.3006326e-17
5422.615699999992 7.148097e-17
5424.954049999992 7.027369e-17
5427.292399999992 6.9075656e-17
5429.630749999992 6.4705674e-17
5431.969099999992 6.0243425e-17
5434.307449999992 5.9760206e-17
5436.645799999992 5.939292e-17
5438.984149999992 5.618106e-17
5441.322499999992 5.288633e-17
5443.660849999992 5.3461884e-17
5445.999199999992 5.4151256e-17
5448.337549999992 5.621829e-17
5450.675899999992 5.832584e-17
5453.014249999992 5.504623e-17
5455.352599999992 5.1607954e-17
5457.690949999992 4.8154078e-17
5460.029299999992 4.4699742e-17
5462.367649999992 5.0019092e-17
5464.705999999992 5.559725e-17
5467.044349999992 5.2166344e-17
5469.382699999992 4.8469694e-17
5471.721049999992 4.729384e-17
5474.059399999992 4.6193028e-17
5476.397749999992 4.6358924e-17
5478.736099999992 4.6562586e-17
5481.074449999992 4.3484865e-17
5483.412799999992 4.030931e-17
5485.751149999992 3.945473e-17
5488.089499999992 3.8669453e-17
5490.427849999992 3.7605487e-17
5492.766199999992 3.65332e-17
5495.104549999992 3.7901872e-17
5497.442899999992 3.934355e-17
5499.781249999992 3.7234625e-17
5502.119599999992 3.5018718e-17
5504.457949999992 3.8705078e-17
5506.796299999992 4.2569563e-17
5509.134649999992 4.4338244e-17
5511.472999999992 4.6043675e-17
5513.811349999992 4.065181e-17
5516.149699999992 3.504544e-17
5518.488049999992 3.6917058e-17
5520.826399999992 3.9015026e-17
5523.164749999992 3.8915744e-17
5525.503099999992 3.8749954e-17
5527.841449999992 3.4900537e-17
5530.179799999992 3.093862e-17
5532.518149999992 3.368052e-17
5534.856499999992 3.6627164e-17
5537.194849999992 3.6560033e-17
5539.533199999992 3.640072e-17
5541.871549999992 3.394753e-17
5544.209899999992 3.1424175e-17
5546.548249999992 2.8157417e-17
5548.886599999992 2.4867888e-17
5551.224949999992 2.7646866e-17
5553.563299999992 3.0612012e-17
5555.901649999992 3.035096e-17
5558.239999999992 2.9990207e-17
5560.578349999992 2.9629444e-17
5562.916699999992 2.926868e-17
5565.255049999992 2.8907924e-17
5567.593399999992 2.8547168e-17
5569.931749999992 2.8186404e-17
5572.2700999999915 2.782564e-17
5574.6084499999915 2.7464883e-17
5576.9467999999915 2.7104126e-17
5579.2851499999915 2.6743365e-17
5581.6234999999915 2.6382605e-17
5583.9618499999915 2.602185e-17
5586.3001999999915 2.5661093e-17
5588.6385499999915 2.5300336e-17
5590.9768999999915 2.493958e-17
5593.3152499999915 2.4578817e-17
5595.6535999999915 2.4218053e-17
5597.991949999991 2.5424744e-17
5600.330299999991 2.6680592e-17
5602.668649999991 2.6693686e-17
5605.006999999991 2.6667752e-17
5607.345349999991 2.0612603e-17
5609.683699999991 1.4368104e-17
5612.022049999991 1.9278205e-17
5614.360399999991 2.4541663e-17
5616.698749999991 2.0790875e-17
5619.037099999991 1.6754533e-17
5621.375449999991 1.8651364e-17
5623.713799999991 2.0736417e-17
5626.052149999991 1.9740895e-17
5628.390499999991 1.8647647e-17
5630.728849999991 1.697829e-17
5633.067199999991 1.5290632e-17
5635.405549999991 1.3477451e-17
5637.743899999991 1.1660275e-17
5640.082249999991 1.4739267e-17
5642.420599999991 1.7975141e-17
5644.758949999991 1.9058082e-17
5647.097299999991 2.0071941e-17
5649.435649999991 1.6623303e-17
5651.773999999991 1.303147e-17
5654.112349999991 1.1541618e-17
5656.450699999991 1.011931e-17
5658.789049999991 1.2986714e-17
5661.127399999991 1.5991962e-17
5663.465749999991 1.3593037e-17
5665.804099999991 1.1020211e-17
5668.142449999991 7.87634e-18
5670.480799999991 4.7139625e-18
5672.819149999991 7.3210216e-18
5675.157499999991 1.0115312e-17
5677.495849999991 9.117298e-18
5679.834199999991 7.996041e-18
5682.172549999991 9.740526e-18
5684.510899999991 1.1578141e-17
5686.849249999991 1.1253145e-17
5689.187599999991 1.08577704e-17
5691.525949999991 9.913793e-18
5693.864299999991 8.951961e-18
5696.202649999991 1.0435935e-17
5698.540999999991 1.2000173e-17
5700.879349999991 1.00239475e-17
5703.217699999991 7.931533e-18
5705.556049999991 6.7014455e-18
5707.894399999991 5.4996964e-18
5710.232749999991 7.071691e-18
5712.571099999991 8.734966e-18
5714.909449999991 1.1172535e-17
5717.247799999991 1.3635586e-17
5719.586149999991 1.5335508e-17
5721.924499999991 1.7010281e-17
5724.262849999991 1.3906102e-17
5726.601199999991 1.0643345e-17
5728.939549999991 1.0356055e-17
5731.277899999991 1.0167634e-17
5733.616249999991 1.17995304e-17
5735.954599999991 1.3491914e-17
5738.292949999991 1.0649169e-17
5740.631299999991 7.655523e-18
5742.969649999991 9.985534e-18
5745.307999999991 1.2492683e-17
5747.646349999991 1.4146565e-17
5749.984699999991 1.5772017e-17
5752.323049999991 1.2409194e-17
5754.661399999991 8.879026e-18
5756.999749999991 9.898081e-18
5759.338099999991 1.1069961e-17
5761.676449999991 1.50083e-17
5764.014799999991 1.9039703e-17
5766.353149999991 1.873735e-17
5768.691499999991 1.8289213e-17
5771.029849999991 1.4510075e-17
5773.368199999991 1.0618732e-17
5775.706549999991 1.1244321e-17
5778.044899999991 1.2022063e-17
5780.383249999991 1.28071936e-17
5782.721599999991 1.3592575e-17
5785.059949999991 1.3692073e-17
5787.398299999991 1.376828e-17
5789.736649999991 1.3008794e-17
5792.074999999991 1.22208904e-17
5794.413349999991 1.6353248e-17
5796.751699999991 2.0653143e-17
5799.090049999991 2.165241e-17
5801.428399999991 2.253929e-17
5803.766749999991 2.5602454e-17
5806.105099999991 2.874032e-17
5808.443449999991 2.7688956e-17
5810.781799999991 2.6493798e-17
5813.120149999991 2.0170386e-17
5815.458499999991 1.3670713e-17
5817.796849999991 1.6498645e-17
5820.135199999991 1.9647174e-17
5822.473549999991 2.0876005e-17
5824.811899999991 2.2038768e-17
5827.150249999991 2.636673e-17
5829.488599999991 3.0803624e-17
5831.826949999991 3.0452975e-17
5834.165299999991 2.9936242e-17
5836.503649999991 3.074024e-17
5838.841999999991 3.1590114e-17
5841.1803499999905 3.0730332e-17
5843.5186999999905 2.9811162e-17
5845.8570499999905 2.925598e-17
5848.1953999999905 2.8713454e-17
5850.5337499999905 2.846206e-17
5852.8720999999905 2.8220792e-17
5855.2104499999905 3.0027563e-17
5857.5487999999905 3.1905663e-17
5859.8871499999905 3.4125558e-17
5862.2254999999905 3.6357437e-17
5864.56384999999 3.4404457e-17
5866.90219999999 3.2304573e-17
5869.24054999999 3.756704e-17
5871.57889999999 4.3087947e-17
5873.91724999999 4.5689626e-17
5876.25559999999 4.8188694e-17
5878.59394999999 4.6495253e-17
5880.93229999999 4.4654257e-17
5883.27064999999 4.3315726e-17
5885.60899999999 4.199488e-17
5887.94734999999 3.5232974e-17
5890.28569999999 2.8278073e-17
5892.62404999999 2.9500473e-17
5894.96239999999 3.1012924e-17
5897.30074999999 3.5997335e-17
5899.63909999999 4.110506e-17
5901.97744999999 4.0809902e-17
5904.31579999999 4.0322858e-17
5906.65414999999 4.1561217e-17
5908.99249999999 4.2860936e-17
5911.33084999999 4.3396644e-17
5913.66919999999 4.390515e-17
5916.00754999999 4.6629918e-17
5918.34589999999 4.9434107e-17
5920.68424999999 4.487724e-17
5923.02259999999 4.0056238e-17
5925.36094999999 3.6416478e-17
5927.69929999999 3.2819102e-17
5930.03764999999 3.7633442e-17
5932.37599999999 4.2750004e-17
5934.71434999999 4.558314e-17
5937.05269999999 4.8334238e-17
5939.39104999999 4.40809e-17
5941.72939999999 3.9575586e-17
5944.06774999999 3.6307637e-17
5946.40609999999 3.308448e-17
5948.74444999999 3.7334125e-17
5951.08279999999 4.1854654e-17
5953.42114999999 3.969843e-17
5955.75949999999 3.7299867e-17
5958.09784999999 3.9264626e-17
5960.43619999999 4.1387757e-17
5962.77454999999 4.1987228e-17
5965.11289999999 4.2531328e-17
5967.45124999999 3.9833567e-17
5969.78959999999 3.701799e-17
5972.12794999999 3.69548e-17
5974.46629999999 3.699239e-17
5976.80464999999 3.6592293e-17
5979.14299999999 3.617617e-17
5981.48134999999 3.6134545e-17
5983.81969999999 3.6106652e-17
5986.15804999999 3.412645e-17
5988.49639999999 3.207467e-17
5990.83474999999 3.0311845e-17
5993.17309999999 2.8559628e-17
5995.51144999999 2.8689697e-17
5997.84979999999 2.888895e-17
6000.18814999999 2.8998977e-17
6002.52649999999 2.9105703e-17
6004.86484999999 2.921006e-17
6007.20319999999 2.931433e-17
6009.54154999999 2.613101e-17
6011.87989999999 2.2825945e-17
6014.21824999999 2.4027079e-17
6016.55659999999 2.539529e-17
6018.89494999999 2.6053673e-17
6021.23329999999 2.6685738e-17
6023.57164999999 2.7490352e-17
6025.90999999999 2.8301373e-17
6028.24834999999 2.727332e-17
6030.58669999999 2.6176572e-17
6032.92504999999 2.6141849e-17
6035.26339999999 2.6146843e-17
6037.60174999999 2.5713718e-17
6039.94009999999 2.5264187e-17
6042.27844999999 2.2202737e-17
6044.61679999999 1.9043481e-17
6046.95514999999 1.7810206e-17
6049.29349999999 1.6649137e-17
6051.63184999999 1.8626594e-17
6053.97019999999 2.0721718e-17
6056.30854999999 2.1498924e-17
6058.64689999999 2.2226355e-17
6060.98524999999 1.9924789e-17
6063.32359999999 1.7508826e-17
6065.66194999999 1.877447e-17
6068.00029999999 2.017933e-17
6070.33864999999 1.9820286e-17
6072.67699999999 1.9394543e-17
6075.01534999999 1.7085566e-17
6077.35369999999 1.470529e-17
6079.69204999999 1.6982001e-17
6082.03039999999 1.943524e-17
6084.36874999999 1.9230776e-17
6086.70709999999 1.8924958e-17
6089.04544999999 1.6856204e-17
6091.38379999999 1.4720137e-17
6093.72214999999 1.2650437e-17
6096.06049999999 1.05832705e-17
6098.39884999999 1.4665072e-17
6100.73719999999 1.8981939e-17
6103.07554999999 1.9493459e-17
6105.41389999999 1.9859506e-17
6107.7522499999895 2.2796054e-17
6110.0905999999895 2.5830984e-17
6112.4289499999895 2.1456051e-17
6114.7672999999895 1.67958e-17
6117.1056499999895 1.3331904e-17
6119.4439999999895 9.9141286e-18
6121.7823499999895 1.18801375e-17
6124.1206999999895 1.4053946e-17
6126.4590499999895 1.4046281e-17
6128.7973999999895 1.3954418e-17
6131.1357499999895 1.866323e-17
6133.474099999989 2.3557556e-17
6135.812449999989 2.1722512e-17
6138.150799999989 1.9627423e-17
6140.489149999989 1.9040326e-17
6142.827499999989 1.8511923e-17
6145.165849999989 1.8927866e-17
6147.504199999989 1.9380562e-17
6149.842549999989 2.0023639e-17
6152.180899999989 2.0674134e-17
6154.519249999989 2.1742482e-17
6156.857599999989 2.2827131e-17
6159.195949999989 2.20734e-17
6161.534299999989 2.124795e-17
6163.872649999989 2.1505948e-17
6166.210999999989 2.1806261e-17
6168.549349999989 1.948437e-17
6170.887699999989 1.7059452e-17
6173.226049999989 1.8317485e-17
6175.564399999989 1.972039e-17
6177.902749999989 1.9624516e-17
6180.241099999989 1.9469686e-17
6182.579449999989 2.0350602e-17
6184.917799999989 2.127231e-17
6187.256149999989 2.0134352e-17
6189.594499999989 1.891528e-17
6191.932849999989 1.9727869e-17
6194.271199999989 2.0620564e-17
6196.609549999989 2.2877377e-17
6198.947899999989 2.5188356e-17
6201.286249999989 2.483865e-17
6203.624599999989 2.4383303e-17
6205.962949999989 2.131418e-17
6208.301299999989 1.8141153e-17
6210.639649999989 1.774017e-17
6212.977999999989 1.744938e-17
6215.316349999989 1.820362e-17
6217.654699999989 1.899945e-17
6219.993049999989 1.7881742e-17
6222.331399999989 1.6687879e-17
6224.669749999989 1.768463e-17
6227.008099999989 1.876917e-17
6229.346449999989 1.9064614e-17
6231.684799999989 1.9328435e-17
6234.023149999989 2.1893663e-17
6236.361499999989 2.4551228e-17
6238.699849999989 2.3331005e-17
6241.038199999989 2.195502e-17
6243.376549999989 1.9382605e-17
6245.714899999989 1.6762132e-17
6248.053249999989 1.8476955e-17
6250.391599999989 2.0366118e-17
6252.729949999989 2.1039298e-17
6255.068299999989 2.1663296e-17
6257.406649999989 2.053984e-17
6259.744999999989 1.9345627e-17
6262.083349999989 1.5606529e-17
6264.421699999989 1.1764385e-17
6266.760049999989 1.21784114e-17
6269.098399999989 1.2764976e-17
6271.436749999989 1.6825213e-17
6273.775099999989 2.1026427e-17
6276.113449999989 1.9307994e-17
6278.451799999989 1.7349313e-17
6280.790149999989 1.8443712e-17
6283.128499999989 1.9662869e-17
6285.466849999989 1.586995e-17
6287.805199999989 1.1872221e-17
6290.143549999989 1.1845647e-17
6292.481899999989 1.198153e-17
6294.820249999989 1.1917659e-17
6297.158599999989 1.1845617e-17
6299.496949999989 1.3223523e-17
6301.835299999989 1.4660812e-17
6304.173649999989 1.8335406e-17
6306.511999999989 2.2101632e-17
6308.850349999989 1.6779671e-17
6311.188699999989 1.1082974e-17
6313.527049999989 8.3088464e-18
6315.865399999989 5.6552266e-18
6318.203749999989 4.3453655e-18
6320.542099999989 3.0909744e-18
6322.880449999989 6.084126e-18
6325.218799999989 9.2528126e-18
6327.557149999989 1.0427309e-17
6329.895499999989 1.1519393e-17
6332.233849999989 1.308293e-17
6334.572199999989 1.4665972e-17
6336.910549999989 1.49181e-17
6339.248899999989 1.5114858e-17
6341.587249999989 1.2436039e-17
6343.925599999989 9.63745e-18
6346.263949999989 1.0603322e-17
6348.602299999989 1.17259875e-17
6350.940649999989 1.3296602e-17
6353.278999999989 1.4885894e-17
6355.617349999989 1.4285583e-17
6357.955699999989 1.3593869e-17
6360.294049999989 1.1581696e-17
6362.632399999989 9.514096e-18
6364.970749999989 7.7486185e-18
6367.309099999989 5.9958377e-18
6369.647449999989 7.808046e-18
6371.985799999989 9.770062e-18
6374.324149999989 1.18916486e-17
6376.6624999999885 1.4019947e-17
6379.0008499999885 1.3861667e-17
6381.3391999999885 1.3607192e-17
6383.6775499999885 1.0584725e-17
6386.0158999999885 7.445682e-18
6388.3542499999885 6.6915127e-18
6390.6925999999885 6.0383366e-18
6393.0309499999885 1.0791534e-17
6395.3692999999885 1.5773929e-17
6397.7076499999885 1.4603986e-17
6400.045999999988 1.31729365e-17
6402.384349999988 1.2061872e-17
6404.722699999988 1.09643866e-17
6407.061049999988 1.3165033e-17
6409.399399999988 1.5505807e-17
6411.737749999988 1.2428569e-17
6414.076099999988 9.121139e-18
6416.414449999988 1.11985564e-17
6418.752799999988 1.35062605e-17
6421.091149999988 1.30312305e-17
6423.429499999988 1.2437195e-17
6425.767849999988 1.0198632e-17
6428.106199999988 7.889664e-18
6430.444549999988 8.095548e-18
6432.782899999988 8.409099e-18
6435.121249999988 8.8828486e-18
6437.459599999988 9.3634645e-18
6439.797949999988 1.1195735e-17
6442.136299999988 1.3085998e-17
6444.474649999988 1.4758795e-17
6446.812999999988 1.642221e-17
6449.151349999988 1.4582741e-17
6451.489699999988 1.2592003e-17
6453.828049999988 1.552325e-17
6456.166399999988 1.8667051e-17
6458.504749999988 1.809837e-17
6460.843099999988 1.7369191e-17
6463.181449999988 1.7636793e-17
6465.519799999988 1.7947487e-17
6467.858149999988 1.9014306e-17
6470.196499999988 2.0113851e-17
6472.534849999988 2.2338866e-17
6474.873199999988 2.461285e-17
6477.211549999988 2.3387594e-17
6479.549899999988 2.2009923e-17
6481.888249999988 2.1472571e-17
6484.226599999988 2.0971862e-17
6486.564949999988 2.1957855e-17
6488.903299999988 2.3008672e-17
6491.241649999988 2.1612686e-17
6493.579999999988 2.0109899e-17
6495.918349999988 2.0405733e-17
6498.256699999988 2.078008e-17
6500.595049999988 2.0624496e-17
6502.933399999988 2.0445632e-17
6505.271749999988 2.1744557e-17
6507.610099999988 2.3108399e-17
6509.948449999988 2.3437933e-17
6512.286799999988 2.3721983e-17
6514.625149999988 2.1810691e-17
6516.963499999988 1.9802753e-17
6519.301849999988 2.152315e-17
6521.640199999988 2.3407678e-17
6523.978549999988 2.5104419e-17
6526.316899999988 2.6792885e-17
6528.655249999988 2.422563e-17
6530.993599999988 2.1469835e-17
6533.331949999988 2.2489238e-17
6535.670299999988 2.3676068e-17
6538.008649999988 2.3831292e-17
6540.346999999988 2.3940764e-17
6542.685349999988 2.1176646e-17
6545.023699999988 1.8284953e-17
6547.362049999988 1.9063846e-17
6549.700399999988 2.0005699e-17
6552.038749999988 2.2022622e-17
6554.377099999988 2.4087324e-17
6556.715449999988 2.5231513e-17
6559.053799999988 2.6334536e-17
6561.392149999988 2.6337725e-17
6563.730499999988 2.629173e-17
6566.068849999988 2.7332661e-17
6568.407199999988 2.8422257e-17
6570.745549999988 2.7274393e-17
6573.083899999988 2.6026363e-17
6575.422249999988 2.308558e-17
6577.760599999988 2.0068937e-17
6580.098949999988 2.2948617e-17
6582.437299999988 2.6092546e-17
6584.775649999988 2.5343125e-17
6587.113999999988 2.4418128e-17
6589.452349999988 2.2321977e-17
6591.790699999988 2.017301e-17
6594.129049999988 2.214186e-17
6596.467399999988 2.4296599e-17
6598.805749999988 2.5986842e-17
6601.144099999988 2.7656096e-17
6603.482449999988 2.5771191e-17
6605.820799999988 2.3725676e-17
6608.159149999988 2.346711e-17
6610.497499999988 2.3289381e-17
6612.835849999988 2.3302725e-17
6615.174199999988 2.3324756e-17
6617.512549999988 2.2523848e-17
6619.850899999988 2.1685484e-17
6622.189249999988 2.1064053e-17
6624.527599999988 2.0452494e-17
6626.865949999988 1.948551e-17
6629.204299999988 1.8502331e-17
6631.542649999988 1.9194026e-17
6633.880999999988 1.9962111e-17
6636.219349999988 1.8374269e-17
6638.557699999988 1.6678972e-17
6640.896049999988 1.6821972e-17
6643.2343999999875 1.7049332e-17
6645.5727499999875 1.756668e-17
6647.9110999999875 1.8097337e-17
6650.2494499999875 1.9383494e-17
6652.5877999999875 2.0704357e-17
6654.9261499999875 2.0699383e-17
6657.2644999999875 2.0633503e-17
6659.6028499999875 1.7366583e-17
6661.9411999999875 1.3952464e-17
6664.2795499999875 1.3186002e-17
6666.6178999999875 1.2541289e-17
6668.956249999987 1.498691e-17
6671.294599999987 1.7575504e-17
6673.632949999987 1.8754572e-17
6675.971299999987 1.9868428e-17
6678.309649999987 1.6513605e-17
6680.647999999987 1.2951832e-17
6682.986349999987 1.3095009e-17
6685.324699999987 1.3409942e-17
6687.663049999987 1.3105555e-17
6690.001399999987 1.2772458e-17
6692.339749999987 1.29386425e-17
6694.678099999987 1.3127996e-17
6697.016449999987 1.5056315e-17
6699.354799999987 1.706574e-17
6701.693149999987 1.7167725e-17
6704.031499999987 1.7180659e-17
6706.369849999987 1.5399448e-17
6708.708199999987 1.3534473e-17
6711.046549999987 1.3489727e-17
6713.384899999987 1.3530046e-17
6715.723249999987 1.5413763e-17
6718.061599999987 1.7383715e-17
6720.399949999987 1.7558333e-17
6722.738299999987 1.7648964e-17
6725.076649999987 1.7856583e-17
6727.414999999987 1.8069708e-17
6729.753349999987 1.6267468e-17
6732.091699999987 1.437038e-17
6734.430049999987 1.15608425e-17
6736.768399999987 8.70832e-18
6739.106749999987 1.1075807e-17
6741.445099999987 1.36892e-17
6743.783449999987 1.520531e-17
6746.121799999987 1.666968e-17
6748.460149999987 1.4652853e-17
6750.798499999987 1.24717065e-17
6753.136849999987 1.22051864e-17
6755.475199999987 1.2029489e-17
6757.813549999987 1.23369555e-17
6760.151899999987 1.2667363e-17
6762.490249999987 1.2136921e-17
6764.828599999987 1.1565602e-17
6767.166949999987 1.28854515e-17
6769.505299999987 1.429519e-17
6771.843649999987 1.4608526e-17
6774.181999999987 1.486975e-17
6776.520349999987 1.3006779e-17
6778.858699999987 1.10427445e-17
6781.197049999987 9.753591e-18
6783.535399999987 8.496705e-18
6785.873749999987 9.301946e-18
6788.212099999987 1.02058785e-17
6790.550449999987 7.773137e-18
6792.888799999987 5.1807062e-18
6795.227149999987 3.817284e-18
6797.565499999987 2.5127387e-18
6799.903849999987 3.935953e-18
6802.242199999987 5.4899713e-18
6804.580549999987 7.166165e-18
6806.918899999987 8.848217e-18
6809.257249999987 9.865412e-18
6811.595599999987 1.0850537e-17
6813.933949999987 1.1508854e-17
6816.272299999987 1.2151407e-17
6818.610649999987 1.0507386e-17
6820.948999999987 8.752964e-18
6823.287349999987 9.239308e-18
6825.625699999987 9.83384e-18
6827.964049999987 1.068217e-17
6830.302399999987 1.1542766e-17
6832.640749999987 8.531896e-18
6834.979099999987 5.333739e-18
6837.317449999987 4.412384e-18
6839.655799999987 3.601706e-18
6841.994149999987 8.801004e-18
6844.332499999987 1.4292735e-17
6846.670849999987 1.31306104e-17
6849.009199999987 1.1644722e-17
6851.347549999987 1.1715074e-17
6853.685899999987 1.18612216e-17
6856.024249999987 1.2481556e-17
6858.362599999987 1.3124986e-17
6860.700949999987 1.05878415e-17
6863.039299999987 7.895638e-18
6865.377649999987 9.55033e-18
6867.715999999987 1.14179644e-17
6870.054349999987 1.5528076e-17
6872.392699999987 1.9748148e-17
6874.731049999987 1.7063083e-17
6877.069399999987 1.4039106e-17
6879.407749999987 1.3791957e-17
6881.746099999987 1.3681099e-17
6884.084449999987 1.5296298e-17
6886.422799999987 1.6996298e-17
6888.761149999987 1.6838831e-17
6891.099499999987 1.6590111e-17
6893.437849999987 1.5868317e-17
6895.776199999987 1.512315e-17
6898.114549999987 1.4569044e-17
6900.452899999987 1.402438e-17
6902.791249999987 1.4109686e-17
6905.129599999987 1.4226147e-17
6907.467949999987 1.3962268e-17
6909.806299999987 1.367958e-17
6912.1446499999865 1.2752608e-17
6914.4829999999865 1.1793741e-17
6916.8213499999865 1.3052738e-17
6919.1596999999865 1.4422159e-17
6921.4980499999865 1.4762894e-17
6923.8363999999865 1.5052416e-17
6926.1747499999865 1.5002423e-17
6928.5130999999865 1.4935509e-17
6930.8514499999865 1.3806515e-17
6933.1897999999865 1.2624592e-17
6935.528149999986 1.2979859e-17
6937.866499999986 1.34118055e-17
6940.204849999986 1.5267069e-17
6942.543199999986 1.7193331e-17
6944.881549999986 1.6799638e-17
6947.219899999986 1.6289565e-17
6949.558249999986 1.7810223e-17
6951.896599999986 1.9432752e-17
6954.234949999986 1.7868253e-17
6956.573299999986 1.6143727e-17
6958.911649999986 1.5827307e-17
6961.249999999986 1.5581657e-17
6963.588349999986 1.9334023e-17
6965.926699999986 2.3287326e-17
6968.265049999986 2.4347082e-17
6970.603399999986 2.5261274e-17
6972.941749999986 2.3485269e-17
6975.280099999986 2.1573292e-17
6977.618449999986 2.2724077e-17
6979.956799999986 2.4029807e-17
6982.295149999986 2.3090729e-17
6984.633499999986 2.2038085e-17
6986.971849999986 2.184552e-17
6989.310199999986 2.1696509e-17
6991.648549999986 1.9825549e-17
6993.986899999986 1.7867311e-17
6996.325249999986 1.6962745e-17
6998.663599999986 1.6111582e-17
7001.001949999986 1.7431334e-17
7003.340299999986 1.8861733e-17
7005.678649999986 1.5567865e-17
7008.016999999986 1.2033214e-17
7010.355349999986 1.7122147e-17
7012.693699999986 2.2651011e-17
7015.032049999986 1.8949896e-17
7017.370399999986 1.4777917e-17
7019.708749999986 1.9467074e-17
7022.047099999986 2.4608698e-17
7024.385449999986 2.5943613e-17
7026.723799999986 2.7084153e-17
7029.062149999986 2.2728339e-17
7031.400499999986 1.8090314e-17
7033.738849999986 1.686125e-17
7036.077199999986 1.5807218e-17
7038.415549999986 1.6939005e-17
7040.753899999986 1.8183126e-17
7043.092249999986 2.24736e-17
7045.430599999986 2.692078e-17
7047.768949999986 2.4508637e-17
7050.107299999986 2.174365e-17
7052.445649999986 2.0491764e-17
7054.783999999986 1.931778e-17
7057.122349999986 1.8896284e-17
7059.460699999986 1.8513708e-17
7061.799049999986 1.8400489e-17
7064.137399999986 1.8301216e-17
7066.475749999986 2.1807022e-17
7068.814099999986 2.5499467e-17
7071.152449999986 2.6170554e-17
7073.490799999986 2.6685078e-17
7075.829149999986 2.945027e-17
7078.167499999986 3.2332197e-17
7080.505849999986 3.3545178e-17
7082.844199999986 3.4671596e-17
7085.182549999986 3.2801255e-17
7087.520899999986 3.0774633e-17
7089.859249999986 2.866178e-17
7092.197599999986 2.6544431e-17
7094.535949999986 2.830101e-17
7096.874299999986 3.0259792e-17
7099.212649999986 3.3079432e-17
7101.550999999986 3.5944002e-17
7103.889349999986 3.592874e-17
7106.227699999986 3.5763018e-17
7108.566049999986 3.4632315e-17
7110.904399999986 3.3451154e-17
7113.242749999986 3.6198562e-17
7115.581099999986 3.9152334e-17
7117.919449999986 4.0979173e-17
7120.257799999986 4.2746762e-17
7122.596149999986 4.1687335e-17
7124.934499999986 4.047928e-17
7127.272849999986 3.935101e-17
7129.611199999986 3.8226938e-17
7131.949549999986 4.1476245e-17
7134.287899999986 4.495569e-17
7136.626249999986 4.4079697e-17
7138.964599999986 4.2974296e-17
7141.302949999986 4.261618e-17
7143.641299999986 4.22976e-17
7145.979649999986 4.2923017e-17
7148.317999999986 4.3598427e-17
7150.656349999986 4.2309425e-17
7152.994699999986 4.0916403e-17
7155.333049999986 4.2307185e-17
7157.671399999986 4.3845516e-17
7160.009749999986 4.581126e-17
7162.348099999986 4.7799677e-17
7164.686449999986 4.668845e-17
7167.024799999986 4.5412785e-17
7169.363149999986 4.3410587e-17
7171.701499999986 4.1369642e-17
7174.039849999986 4.1090326e-17
7176.378199999986 4.0904968e-17
7178.716549999986 3.9588437e-17
7181.0548999999855 3.8211522e-17
7183.3932499999855 3.9306405e-17
7185.7315999999855 4.0533236e-17
7188.0699499999855 4.140544e-17
7190.4082999999855 4.2258692e-17
7192.7466499999855 4.0041315e-17
7195.0849999999855 3.765973e-17
7197.4233499999855 3.7721186e-17
7199.7616999999855 3.791387e-17
7202.1000499999855 4.0276513e-17
7204.438399999985 4.2755818e-17
7206.776749999985 4.308034e-17
7209.115099999985 4.3289015e-17
7211.453449999985 3.8447084e-17
7213.791799999985 3.3333384e-17
7216.130149999985 3.5484923e-17
7218.468499999985 3.80274e-17
7220.806849999985 3.7565468e-17
7223.145199999985 3.694173e-17
7225.483549999985 3.338459e-17
7227.821899999985 2.9668765e-17
7230.160249999985 2.8378353e-17
7232.498599999985 2.7219257e-17
7234.836949999985 2.8597563e-17
7237.175299999985 3.0113368e-17
7239.513649999985 3.275944e-17
7241.851999999985 3.5466755e-17
7244.190349999985 3.5475282e-17
7246.528699999985 3.5337434e-17
7248.867049999985 3.2661845e-17
7251.205399999985 2.984862e-17
7253.543749999985 3.2313698e-17
7255.882099999985 3.5066562e-17
7258.220449999985 3.636177e-17
7260.558799999985 3.7577508e-17
7262.897149999985 3.3026394e-17
7265.235499999985 2.8160583e-17
7267.573849999985 2.8964702e-17
7269.912199999985 3.0078226e-17
7272.250549999985 2.9898926e-17
7274.588899999985 2.9649012e-17
7276.927249999985 3.1030734e-17
7279.265599999985 3.2501643e-17
7281.603949999985 3.3608193e-17
7283.942299999985 3.4694734e-17
7286.280649999985 3.4021413e-17
7288.618999999985 3.3251387e-17
7290.957349999985 2.978652e-17
7293.295699999985 2.6173565e-17
7295.634049999985 2.3790843e-17
7297.972399999985 2.147578e-17
7300.310749999985 2.4782556e-17
7302.649099999985 2.839852e-17
7304.987449999985 2.892979e-17
7307.325799999985 2.9291266e-17
7309.664149999985 2.9532608e-17
7312.002499999985 2.9767312e-17
7314.340849999985 3.0927883e-17
7316.679199999985 3.2139686e-17
7319.017549999985 3.1211152e-17
7321.355899999985 3.0164094e-17
7323.694249999985 3.1999724e-17
7326.032599999985 3.3994992e-17
7328.370949999985 3.322085e-17
7330.709299999985 3.2293214e-17
7333.047649999985 3.0858022e-17
7335.385999999985 2.93947e-17
7337.724349999985 2.9349192e-17
7340.062699999985 2.938267e-17
7342.401049999985 2.9402095e-17
7344.739399999985 2.9420733e-17
7347.077749999985 2.6614958e-17
7349.416099999985 2.3651693e-17
7351.754449999985 2.5317242e-17
7354.092799999985 2.7241114e-17
7356.431149999985 2.8329788e-17
7358.769499999985 2.9371853e-17
7361.107849999985 2.7596069e-17
7363.446199999985 2.5662891e-17
7365.784549999985 2.817252e-17
7368.122899999985 3.0931364e-17
7370.461249999985 3.1546677e-17
7372.799599999985 3.2041652e-17
7375.137949999985 3.3561037e-17
7377.476299999985 3.5137934e-17
7379.814649999985 3.2444373e-17
7382.152999999985 2.9510856e-17
7384.491349999985 2.7670141e-17
7386.829699999985 2.5890831e-17
7389.168049999985 2.9784623e-17
7391.506399999985 3.399745e-17
7393.844749999985 3.468418e-17
7396.183099999985 3.5171766e-17
7398.521449999985 3.5275845e-17
7400.859799999985 3.5358246e-17
7403.198149999985 2.9229224e-17
7405.536499999985 2.2748818e-17
7407.874849999985 2.5796435e-17
7410.213199999985 2.938306e-17
7412.551549999985 2.983186e-17
7414.889899999985 3.0102995e-17
7417.228249999985 2.9293754e-17
7419.566599999985 2.8423342e-17
7421.904949999985 2.8770324e-17
7424.243299999985 2.918658e-17
7426.581649999985 2.993673e-17
7428.919999999985 3.0705874e-17
7431.258349999985 2.8271905e-17
7433.596699999985 2.5655511e-17
7435.935049999985 2.5617279e-17
7438.273399999985 2.5726004e-17
7440.611749999985 2.6946016e-17
7442.950099999985 2.822937e-17
7445.288449999985 2.9690424e-17
7447.6267999999845 3.1161614e-17
7449.9651499999845 3.0682594e-17
7452.3034999999845 3.009185e-17
7454.6418499999845 2.953173e-17
7456.9801999999845 2.8973367e-17
7459.3185499999845 3.146865e-17
7461.6568999999845 3.4139018e-17
7463.9952499999845 3.0467348e-17
7466.3335999999845 2.6431752e-17
7468.6719499999845 2.3481823e-17
7471.010299999984 2.0594192e-17
7473.348649999984 2.3023416e-17
7475.686999999984 2.5759265e-17
7478.025349999984 2.4835818e-17
7480.363699999984 2.3701166e-17
7482.702049999984 2.0261298e-17
7485.040399999984 1.6688379e-17
7487.378749999984 1.7608399e-17
7489.717099999984 1.8787958e-17
7492.055449999984 1.9653543e-17
7494.393799999984 2.050099e-17
7496.732149999984 1.8567478e-17
7499.070499999984 1.647319e-17
7501.408849999984 1.7819356e-17
7503.747199999984 1.9365251e-17
7506.085549999984 1.9263734e-17
7508.423899999984 1.9066503e-17
7510.762249999984 1.6430034e-17
7513.100599999984 1.36518434e-17
7515.438949999984 1.566156e-17
7517.777299999984 1.7949687e-17
7520.115649999984 1.9350655e-17
7522.453999999984 2.0699991e-17
7524.792349999984 1.7554695e-17
7527.130699999984 1.4147828e-17
7529.469049999984 1.5742999e-17
7531.807399999984 1.763071e-17
7534.145749999984 1.8436102e-17
7536.484099999984 1.9178196e-17
7538.822449999984 1.7440506e-17
7541.160799999984 1.5557671e-17
7543.499149999984 1.5754331e-17
7545.837499999984 1.607271e-17
7548.175849999984 1.6533618e-17
7550.514199999984 1.7002876e-17
7552.852549999984 1.5564975e-17
7555.190899999984 1.4015262e-17
7557.529249999984 1.2938155e-17
7559.867599999984 1.1888871e-17
7562.205949999984 1.1305096e-17
7564.544299999984 1.0748747e-17
7566.882649999984 1.1896152e-17
7569.220999999984 1.3143934e-17
7571.559349999984 1.0878904e-17
7573.897699999984 8.406747e-18
7576.236049999984 8.182166e-18
7578.574399999984 8.09011e-18
7580.912749999984 1.0475302e-17
7583.251099999984 1.3006679e-17
7585.589449999984 9.351943e-18
7587.927799999984 5.3306724e-18
7590.266149999984 3.037785e-18
7592.604499999984 8.473893e-19
7594.942849999984 3.4262729e-18
7597.281199999984 6.2881997e-18
7599.619549999984 2.5826678e-18
7601.957899999984 -1.5126246e-18
7604.296249999984 1.7771832e-19
7606.634599999984 2.2117e-18
7608.972949999984 5.5033898e-18
7611.311299999984 8.869782e-18
7613.649649999984 8.1821075e-18
7615.987999999984 7.252475e-18
7618.326349999984 5.7835468e-18
7620.664699999984 4.2824323e-18
7623.003049999984 4.406033e-18
7625.341399999984 4.6266797e-18
7627.679749999984 4.1588896e-18
7630.018099999984 3.649978e-18
7632.356449999984 4.4253116e-18
7634.694799999984 5.277417e-18
7637.033149999984 4.8151883e-18
7639.371499999984 4.2743264e-18
7641.709849999984 4.2081846e-18
7644.048199999984 4.1705582e-18
7646.386549999984 3.958584e-18
7648.724899999984 3.7361287e-18
7651.063249999984 2.8855617e-18
7653.401599999984 1.9972352e-18
7655.739949999984 5.775146e-18
7658.078299999984 9.8337944e-18
7660.416649999984 1.1818551e-17
7662.754999999984 1.3678533e-17
7665.093349999984 1.1329762e-17
7667.431699999984 8.727575e-18
7669.770049999984 8.56957e-18
7672.108399999984 8.559319e-18
7674.446749999984 1.009442e-17
7676.785099999984 1.1723014e-17
7679.123449999984 1.0456106e-17
7681.461799999984 9.0138814e-18
7683.800149999984 7.520226e-18
7686.138499999984 6.0234564e-18
7688.476849999984 1.0106895e-17
7690.815199999984 1.4528473e-17
7693.153549999984 1.5017545e-17
7695.491899999984 1.5268321e-17
7697.830249999984 1.4121305e-17
7700.168599999984 1.2889183e-17
7702.506949999984 1.1190019e-17
7704.845299999984 9.462419e-18
7707.183649999984 8.0442214e-18
7709.521999999984 6.644876e-18
7711.860349999984 8.128546e-18
7714.198699999984 9.7878876e-18
7716.5370499999835 6.1495365e-18
7718.8753999999835 2.188125e-18
7721.2137499999835 3.753465e-18
7723.5520999999835 5.6561006e-18
7725.8904499999835 5.9569854e-18
7728.2287999999835 6.1597303e-18
7730.5671499999835 7.789899e-18
7732.9054999999835 9.507596e-18
7735.2438499999835 9.774594e-18
7737.5821999999835 9.952638e-18
7739.920549999983 6.3160654e-18
7742.258899999983 2.4454034e-18
7744.597249999983 6.0670038e-18
7746.935599999983 1.01483795e-17
7749.273949999983 1.3774756e-17
7751.612299999983 1.737319e-17
7753.950649999983 1.21823455e-17
7756.288999999983 6.449592e-18
7758.627349999983 6.3999026e-18
7760.965699999983 6.700881e-18
7763.304049999983 8.738726e-18
7765.642399999983 1.0883826e-17
7767.980749999983 8.437413e-18
7770.319099999983 5.7074635e-18
7772.657449999983 8.364085e-18
7774.995799999983 1.1353599e-17
7777.334149999983 1.2661487e-17
7779.672499999983 1.3865451e-17
7782.010849999983 6.3505617e-18
7784.349199999983 -1.7056797e-18
7786.687549999983 -2.8129482e-18
7789.025899999983 -3.4887562e-18
7791.364249999983 1.4064187e-18
7793.702599999983 6.6477636e-18
7796.040949999983 8.640118e-18
7798.379299999983 1.043043e-17
7800.717649999983 9.5772005e-18
7803.055999999983 8.559578e-18
7805.394349999983 5.961035e-18
7807.732699999983 3.2641033e-18
7810.071049999983 9.14114e-18
7812.409399999983 1.5553843e-17
7814.747749999983 1.8169131e-17
7817.086099999983 2.054699e-17
7819.424449999983 1.5758148e-17
7821.762799999983 1.0521215e-17
7824.101149999983 9.035368e-18
7826.439499999983 7.784235e-18
7828.777849999983 5.976391e-18
7831.116199999983 4.1337114e-18
7833.454549999983 4.2353537e-18
7835.792899999983 4.458751e-18
7838.131249999983 4.1683856e-18
7840.469599999983 3.845699e-18
7842.807949999983 9.709016e-18
7845.146299999983 1.5961497e-17
7847.484649999983 9.658345e-18
7849.822999999983 2.5647055e-18
7852.161349999983 -1.078329e-18
7854.499699999983 -4.504117e-18
7856.838049999983 1.6968218e-18
7859.176399999983 8.504313e-18
7861.514749999983 4.330157e-18
7863.853099999983 -5.359219e-19
7866.191449999983 5.569671e-19
7868.529799999983 2.027042e-18
7870.868149999983 -1.4429513e-19
7873.206499999983 -2.5461233e-18
7875.544849999983 3.453596e-18
7877.883199999983 9.985516e-18
7880.221549999983 7.5668e-18
7882.559899999983 4.5806686e-18
7884.898249999983 9.3267915e-18
7887.236599999983 1.4563092e-17
7889.574949999983 1.1977655e-17
7891.913299999983 8.895988e-18
7894.251649999983 5.3032518e-18
7896.589999999983 1.6779683e-18
7898.928349999983 7.0847554e-19
7901.266699999983 -9.175707e-20
7903.605049999983 3.048754e-18
7905.943399999983 6.4404187e-18
7908.281749999983 8.464066e-18
7910.620099999983 1.040046e-17
7912.958449999983 1.22548e-17
7915.296799999983 1.4103903e-17
7917.635149999983 1.4784446e-17
7919.973499999983 1.5390398e-17
7922.311849999983 1.36260304e-17
7924.650199999983 1.1709678e-17
7926.988549999983 1.140209e-17
7929.326899999983 1.11976564e-17
7931.665249999983 9.046371e-18
7934.003599999983 6.77016e-18
7936.341949999983 7.00834e-18
7938.680299999983 7.407864e-18
7941.018649999983 1.9406687e-18
7943.356999999983 -3.9032668e-18
7945.695349999983 -2.698709e-19
7948.033699999983 3.9721275e-18
7950.372049999983 7.463941e-18
7952.710399999983 1.0907362e-17
7955.048749999983 9.371789e-18
7957.387099999983 7.514793e-18
7959.725449999983 3.453883e-18
7962.063799999983 -7.4930275e-19
7964.402149999983 -1.3725314e-18
7966.740499999983 -1.7644794e-18
7969.078849999983 5.759901e-18
7971.417199999983 1.379571e-17
7973.755549999983 1.5134187e-17
7976.093899999983 1.6039662e-17
7978.432249999983 1.1985311e-17
7980.770599999983 7.609091e-18
7983.1089499999825 1.3269577e-17
7985.4472999999825 1.9581883e-17
7987.7856499999825 1.4437548e-17
7990.1239999999825 8.5491755e-18
7992.4623499999825 6.8184655e-18
7994.8006999999825 5.3579714e-18
7997.1390499999825 2.4377422e-18
7999.4773999999825 -5.7742914e-19
8001.8157499999825 3.580874e-18
8004.1540999999825 8.2074846e-18
8006.4924499999825 7.748184e-18
8008.830799999982 6.956612e-18
8011.169149999982 3.2590947e-18
8013.507499999982 -6.2827366e-19
8015.845849999982 5.3650004e-18
8018.184199999982 1.2004273e-17
8020.522549999982 1.5244795e-17
8022.860899999982 1.8263106e-17
8025.199249999982 1.28618495e-17
8027.537599999982 6.9097106e-18
8029.875949999982 7.271813e-18
8032.214299999982 8.0485815e-18
8034.552649999982 6.068923e-18
8036.890999999982 3.908111e-18
8039.229349999982 2.9834769e-18
8041.567699999982 2.1401445e-18
8043.906049999982 3.4487424e-18
8046.244399999982 4.8988705e-18
8048.582749999982 3.7341195e-18
8050.921099999982 2.3972641e-18
8053.259449999982 6.436581e-18
8055.597799999982 1.0829743e-17
8057.936149999982 1.0928556e-17
8060.274499999982 1.0743475e-17
8062.612849999982 1.3425031e-17
8064.951199999982 1.6296098e-17
8067.289549999982 1.765044e-17
8069.627899999982 1.8904437e-17
8071.966249999982 1.390855e-17
8074.304599999982 8.499187e-18
8076.642949999982 6.5510897e-18
8078.981299999982 4.8321493e-18
8081.319649999982 5.8852747e-18
8083.657999999982 7.122062e-18
8085.996349999982 4.843914e-18
8088.334699999982 2.3320294e-18
8090.673049999982 8.715689e-19
8093.011399999982 -5.1892307e-19
8095.349749999982 1.2200656e-18
8097.688099999982 3.1673103e-18
8100.026449999982 6.4026464e-18
8102.364799999982 9.723763e-18
8104.703149999982 1.0982765e-17
8107.041499999982 1.210444e-17
8109.379849999982 8.5406e-18
8111.718199999982 4.6644996e-18
8114.056549999982 2.7539494e-18
8116.394899999982 9.748689e-19
8118.733249999982 4.325034e-18
8121.071599999982 8.01853e-18
8123.409949999982 7.42449e-18
8125.748299999982 6.5432518e-18
8128.086649999982 5.003263e-18
8130.424999999982 3.4191488e-18
8132.763349999982 3.3700095e-18
8135.101699999982 3.4237645e-18
8137.440049999982 6.8725346e-18
8139.778399999982 1.0548884e-17
8142.116749999982 1.0304223e-17
8144.455099999982 9.795578e-18
8146.793449999982 1.0364474e-17
8149.131799999982 1.1005915e-17
8151.470149999982 9.862625e-18
8153.808499999982 8.599089e-18
8156.146849999982 7.28599e-18
8158.485199999982 5.9695482e-18
8160.823549999982 5.008631e-18
8163.161899999982 4.071685e-18
8165.500249999982 5.260072e-18
8167.838599999982 6.591859e-18
8170.176949999982 3.8927285e-18
8172.515299999982 9.206433e-19
8174.853649999982 2.7018846e-18
8177.191999999982 4.8052307e-18
8179.530349999982 7.8958095e-18
8181.868699999982 1.1053287e-17
8184.207049999982 1.0159973e-17
8186.545399999982 8.991963e-18
8188.883749999982 5.6767288e-18
8191.222099999982 2.2158853e-18
8193.560449999983 1.302274e-18
8195.898799999983 5.615219e-19
8198.237149999983 5.6378807e-18
8200.575499999983 1.1110701e-17
8202.913849999983 1.22604206e-17
8205.252199999983 1.3115501e-17
8207.590549999983 1.06985026e-17
8209.928899999983 8.058337e-18
8212.267249999983 8.48294e-18
8214.605599999983 9.1165685e-18
8216.943949999983 2.820855e-18
8219.282299999983 -3.9477993e-18
8221.620649999983 -6.2792836e-19
8223.958999999983 3.3805035e-18
8226.297349999983 1.1530675e-18
8228.635699999983 -1.5002824e-18
8230.974049999983 2.511055e-18
8233.312399999983 6.97792e-18
8235.650749999983 3.5861704e-18
8237.989099999982 -3.4271186e-19
8240.327449999982 -1.2908078e-18
8242.665799999982 -2.0337129e-18
8245.004149999982 4.972791e-19
8247.342499999982 3.253799e-18
8249.680849999982 5.0621576e-18
8252.019199999982 6.805154e-18
8254.357549999982 6.9174447e-18
8256.695899999982 6.9173214e-18
8259.034249999982 2.054671e-18
8261.372599999982 -3.1434185e-18
8263.710949999982 -1.4504973e-18
8266.049299999982 7.177964e-19
8268.387649999982 4.9546605e-18
8270.725999999982 9.3343246e-18
8273.064349999982 6.023435e-18
8275.402699999982 2.1812647e-18
8277.741049999982 2.3880742e-18
8280.079399999982 2.8745957e-18
8282.417749999982 2.1567095e-18
8284.756099999982 1.3555613e-18
8287.094449999982 8.313289e-19
8289.432799999982 3.2624009e-19
8291.771149999982 1.9271404e-18
8294.109499999982 3.673733e-18
8296.447849999982 2.6705232e-18
8298.786199999982 1.4757376e-18
8301.124549999982 2.5930166e-18
8303.462899999982 3.871488e-18
8305.801249999982 1.0585912e-17
8308.139599999982 1.7679318e-17
8310.477949999982 1.4440072e-17
8312.816299999982 1.0479947e-17
8315.154649999982 9.710824e-18
8317.492999999982 9.164484e-18
8319.831349999982 5.6628867e-18
8322.169699999982 1.9549665e-18
8324.508049999982 1.5055198e-18
8326.846399999982 1.2837255e-18
8329.184749999982 2.0931131e-18
8331.523099999982 2.9745442e-18
8333.861449999982 6.1398924e-18
8336.199799999982 9.464918e-18
8338.538149999982 5.536708e-18
8340.876499999982 1.1013972e-18
8343.214849999982 3.681596e-18
8345.553199999982 6.7526186e-18
8347.891549999982 1.24946525e-17
8350.229899999982 1.8423688e-17
8352.568249999982 1.0652571e-17
8354.906599999982 1.9155729e-18
8357.244949999982 -1.586891e-18
8359.583299999982 -4.720312e-18
8361.921649999982 -2.820899e-18
8364.259999999982 -5.6641684e-19
8366.598349999982 7.4447486e-19
8368.936699999982 1.9887494e-18
8371.275049999982 7.099216e-18
8373.613399999982 1.2482635e-17
8375.951749999982 8.008421e-18
8378.290099999982 2.8377798e-18
8380.628449999982 2.2156715e-18
8382.966799999982 1.9149105e-18
8385.305149999982 3.6352704e-19
8387.643499999982 -1.2762724e-18
8389.981849999982 6.9592065e-19
8392.320199999982 2.92365e-18
8394.658549999982 1.1522774e-17
8396.996899999982 2.0572652e-17
8399.335249999982 1.3438482e-17
8401.673599999982 5.1585522e-18
8404.011949999982 6.7710684e-19
8406.350299999982 -3.535422e-18
8408.688649999982 2.0838096e-19
8411.026999999982 4.5197517e-18
8413.365349999982 1.5599714e-18
8415.703699999982 -1.9184984e-18
8418.042049999982 2.7665866e-18
8420.380399999982 8.034422e-18
8422.718749999982 4.991675e-18
8425.057099999982 1.3556823e-18
8427.395449999982 -6.6488674e-18
8429.733799999982 -1.4965479e-17
8432.072149999982 -6.7521107e-18
8434.410499999982 2.6420515e-18
8436.748849999982 2.7735236e-18
8439.087199999982 2.2428746e-18
8441.425549999982 -5.361587e-19
8443.763899999982 -3.4760226e-18
8446.102249999982 3.588735e-18
8448.440599999982 1.136914e-17
8450.778949999982 8.528585e-18
8453.117299999982 4.9277734e-18
8455.455649999982 6.0766135e-18
8457.793999999982 7.565437e-18
8460.132349999982 8.0603705e-18
8462.470699999982 8.484111e-18
8464.809049999982 1.1729763e-17
8467.147399999982 1.5178933e-17
8469.485749999982 1.2549548e-17
8471.824099999982 9.481472e-18
8474.162449999982 4.8735683e-18
8476.500799999982 1.545352e-19
8478.839149999982 4.6767282e-18
8481.177499999982 9.866318e-18
8483.515849999982 1.0040049e-17
8485.854199999982 9.85129e-18
8488.192549999982 5.976311e-18
8490.530899999982 1.834934e-18
8492.869249999982 2.2798008e-18
8495.207599999982 3.0563352e-18
8497.545949999982 1.4644136e-18
8499.884299999982 -2.987896e-19
8502.222649999982 1.5827382e-18
8504.560999999982 3.7280244e-18
8506.899349999981 5.9361454e-18
8509.237699999981 8.148817e-18
8511.576049999981 8.200242e-18
8513.914399999981 8.095158e-18
8516.252749999981 2.3764829e-18
8518.591099999981 -3.748984e-18
8520.929449999981 -4.506946e-19
8523.267799999981 3.535129e-18
8525.606149999981 8.264675e-18
8527.944499999981 1.3048518e-17
8530.282849999981 8.858856e-18
8532.621199999981 4.0140685e-18
8534.959549999981 2.7709595e-18
8537.297899999981 1.7909747e-18
8539.636249999981 4.9686808e-18
8541.974599999981 8.450131e-18
8544.312949999981 1.1074965e-17
8546.651299999981 1.3637174e-17
8548.989649999981 1.35423545e-17
8551.327999999981 1.3253292e-17
8553.666349999981 9.8023715e-18
8556.004699999981 6.1201472e-18
8558.343049999981 1.2540056e-17
8560.681399999981 1.9699477e-17
8563.019749999981 1.6489697e-17
8565.358099999981 1.2520851e-17
8567.696449999981 1.0164587e-17
8570.034799999981 7.926451e-18
8572.373149999981 7.774018e-18
8574.711499999981 7.775397e-18
8577.049849999981 4.7528805e-18
8579.388199999981 1.5072159e-18
8581.726549999981 5.8178305e-18
8584.064899999981 1.0686062e-17
8586.403249999981 1.4375954e-17
8588.741599999981 1.7978832e-17
8591.079949999981 1.5006272e-17
8593.418299999981 1.1548151e-17
8595.756649999981 1.501012e-17
8598.094999999981 1.898344e-17
8600.433349999981 2.0599366e-17
8602.771699999981 2.2040982e-17
8605.110049999981 2.2117114e-17
8607.448399999981 2.2092279e-17
8609.786749999981 1.6688518e-17
8612.125099999981 1.08867565e-17
8614.463449999981 9.437183e-18
8616.801799999981 8.309638e-18
8619.140149999981 1.0578034e-17
8621.478499999981 1.3097871e-17
8623.816849999981 7.584434e-18
8626.155199999981 1.4761999e-18
8628.493549999981 4.8607457e-18
8630.831899999981 8.953308e-18
8633.170249999981 1.2660482e-17
8635.508599999981 1.6338913e-17
8637.846949999981 2.024971e-17
8640.185299999981 2.4177852e-17
8642.523649999981 2.468327e-17
8644.861999999981 2.4933063e-17
8647.200349999981 1.5225488e-17
8649.538699999981 4.774263e-18
8651.877049999981 1.0290725e-17
8654.215399999981 1.7000497e-17
8656.553749999981 1.6496696e-17
8658.892099999981 1.5453805e-17
8661.230449999981 1.7669413e-17
8663.568799999981 2.0128699e-17
8665.90714999998 2.0787684e-17
8668.24549999998 2.1312037e-17
8670.58384999998 2.2704326e-17
8672.92219999998 2.4161562e-17
8675.26054999998 3.0515378e-17
8677.59889999998 3.7235853e-17
8679.93724999998 3.1623062e-17
8682.27559999998 2.5086739e-17
8684.61394999998 2.0258447e-17
8686.95229999998 1.5558981e-17
8689.29064999998 1.3701023e-17
8691.62899999998 1.2057384e-17
8693.96734999998 7.033025e-18
8696.30569999998 1.7535092e-18
8698.64404999998 5.5276493e-18
8700.98239999998 9.985108e-18
8703.32074999998 1.7207888e-17
8705.65909999998 2.4639515e-17
8707.99744999998 2.2970334e-17
8710.33579999998 2.0613824e-17
8712.67414999998 1.6535737e-17
8715.01249999998 1.23275455e-17
8717.35084999998 1.4652095e-17
8719.68919999998 1.747067e-17
8722.02754999998 1.4393197e-17
8724.36589999998 1.0869849e-17
8726.70424999998 1.3189192e-17
8729.04259999998 1.5950664e-17
8731.38094999998 1.7039466e-17
8733.71929999998 1.8001692e-17
8736.05764999998 1.453608e-17
8738.39599999998 1.0735186e-17
8740.73434999998 9.004584e-18
8743.07269999998 7.431773e-18
8745.41104999998 6.6652663e-18
8747.74939999998 5.9602536e-18
8750.08774999998 1.0371241e-17
8752.42609999998 1.5172407e-17
8754.76444999998 1.8285655e-17
8757.10279999998 2.1270088e-17
8759.44114999998 2.3211097e-17
8761.77949999998 2.5072427e-17
8764.11784999998 1.6783159e-17
8766.45619999998 7.718737e-18
8768.79454999998 8.75703e-18
8771.13289999998 1.0567322e-17
8773.47124999998 1.2470697e-17
8775.80959999998 1.4381187e-17
8778.14794999998 1.9066043e-17
8780.48629999998 2.396304e-17
8782.82464999998 2.3952523e-17
8785.16299999998 2.3566755e-17
8787.50134999998 1.5165873e-17
8789.83969999998 6.1517244e-18
8792.17804999998 1.2975369e-18
8794.51639999998 -3.2381488e-18
8796.85474999998 3.1095243e-18
8799.19309999998 1.0295863e-17
8801.53144999998 8.176484e-18
8803.86979999998 5.33955e-18
8806.20814999998 1.1377495e-17
8808.54649999998 1.8099774e-17
8810.88484999998 1.61798e-17
8813.22319999998 1.3593003e-17
8815.56154999998 7.214726e-18
8817.89989999998 5.4390367e-19
8820.23824999998 -5.173319e-18
8822.57659999998 -1.0816916e-17
