3446.669 2.6158185e-14
3448.8100999999997 2.4853458e-14
3450.9511999999995 2.354873e-14
3453.0922999999993 2.3589696e-14
3455.233399999999 2.3630976e-14
3457.374499999999 2.0888437e-14
3459.515599999999 1.8144857e-14
3461.6566999999986 2.0784776e-14
3463.7977999999985 2.3427966e-14
3465.9388999999983 2.256995e-14
3468.079999999998 2.170899e-14
3470.221099999998 1.8274558e-14
3472.3621999999978 1.48376e-14
3474.5032999999976 1.935572e-14
3476.6443999999974 2.388351e-14
3478.7854999999972 2.3896912e-14
3480.926599999997 2.390377e-14
3483.067699999997 2.434268e-14
3485.2087999999967 2.4782319e-14
3487.3498999999965 2.7331807e-14
3489.4909999999963 2.9885142e-14
3491.632099999996 2.5489908e-14
3493.773199999996 2.1080365e-14
3495.914299999996 2.0081708e-14
3498.0553999999956 1.9090874e-14
3500.1964999999955 2.0182332e-14
3502.3375999999953 2.1279055e-14
3504.478699999995 2.1863045e-14
3506.619799999995 2.2445594e-14
3508.7608999999948 2.5258614e-14
3510.9019999999946 2.807811e-14
3513.0430999999944 2.5933647e-14
3515.1841999999942 2.3773601e-14
3517.325299999994 2.3152802e-14
3519.466399999994 2.253727e-14
3521.6074999999937 2.4055834e-14
3523.7485999999935 2.5582201e-14
3525.8896999999934 2.6704411e-14
3528.030799999993 2.782505e-14
3530.171899999993 2.8542778e-14
3532.312999999993 2.925888e-14
3534.4540999999926 2.8409087e-14
3536.5951999999925 2.7552613e-14
3538.7362999999923 2.8061097e-14
3540.877399999992 2.857573e-14
3543.018499999992 2.8138707e-14
3545.1595999999918 2.7697173e-14
3547.3006999999916 3.027747e-14
3549.4417999999914 3.28728e-14
3551.5828999999912 3.204433e-14
3553.723999999991 3.119834e-14
3555.865099999991 2.916849e-14
3558.0061999999907 2.7132308e-14
3560.1472999999905 2.742634e-14
3562.2883999999904 2.7733175e-14
3564.42949999999 2.6843192e-14
3566.57059999999 2.594635e-14
3568.71169999999 2.8242769e-14
3570.8527999999897 3.0558238e-14
3572.9938999999895 2.932877e-14
3575.1349999999893 2.807731e-14
3577.276099999989 2.8708803e-14
3579.417199999989 2.935242e-14
3581.558299999989 3.109099e-14
3583.6993999999886 3.2836767e-14
3585.8404999999884 3.2925062e-14
3587.9815999999882 3.3002054e-14
3590.122699999988 3.3109607e-14
3592.263799999988 3.3217376e-14
3594.4048999999877 3.394712e-14
3596.5459999999875 3.4681425e-14
3598.6870999999874 3.334035e-14
3600.828199999987 3.1983547e-14
3602.969299999987 3.278281e-14
3605.110399999987 3.3598612e-14
3607.2514999999867 3.372727e-14
3609.3925999999865 3.385046e-14
3611.5336999999863 3.2951926e-14
3613.674799999986 3.204502e-14
3615.815899999986 3.0012424e-14
3617.956999999986 2.7970332e-14
3620.0980999999856 3.0043645e-14
3622.2391999999854 3.2152632e-14
3624.3802999999853 3.156952e-14
3626.521399999985 3.0962686e-14
3628.662499999985 3.0809228e-14
3630.8035999999847 3.0659872e-14
3632.9446999999846 3.033565e-14
3635.0857999999844 3.000981e-14
3637.226899999984 3.0075148e-14
3639.367999999984 3.0144212e-14
3641.509099999984 2.9910868e-14
3643.6501999999837 2.96746e-14
3645.7912999999835 3.0490662e-14
3647.9323999999833 3.1317146e-14
3650.073499999983 3.0977618e-14
3652.214599999983 3.0626265e-14
3654.355699999983 2.9066732e-14
3656.4967999999826 2.7494769e-14
3658.6378999999824 2.7876769e-14
3660.7789999999823 2.8279333e-14
3662.920099999982 2.7133955e-14
3665.061199999982 2.5971916e-14
3667.2022999999817 2.444152e-14
3669.3433999999816 2.2907071e-14
3671.4844999999814 2.3396554e-14
3673.625599999981 2.3908789e-14
3675.766699999981 2.3410102e-14
3677.907799999981 2.2899905e-14
3680.0488999999807 2.2007971e-14
3682.1899999999805 2.11116e-14
3684.3310999999803 2.0152372e-14
3686.47219999998 1.9192401e-14
3688.61329999998 1.8322586e-14
3690.75439999998 1.7453866e-14
3692.8954999999796 1.7892556e-14
3695.0365999999794 1.8347443e-14
3697.1776999999793 1.7593926e-14
3699.318799999979 1.6825324e-14
3701.459899999979 1.6855237e-14
3703.6009999999787 1.6895348e-14
3705.7420999999786 1.5785574e-14
3707.8831999999784 1.466084e-14
3710.024299999978 1.4948065e-14
3712.165399999978 1.5254e-14
3714.306499999978 1.5468912e-14
3716.4475999999777 1.5682598e-14
3718.5886999999775 1.5120715e-14
3720.7297999999773 1.4548258e-14
3722.870899999977 1.3865707e-14
3725.011999999977 1.3181627e-14
3727.153099999977 1.28785795e-14
3729.2941999999766 1.2580911e-14
3731.4352999999765 1.28995935e-14
3733.5763999999763 1.3227124e-14
3735.717499999976 1.2816596e-14
3737.858599999976 1.2395367e-14
3739.9996999999757 1.2554299e-14
3742.1407999999756 1.2721782e-14
3744.2818999999754 1.26801e-14
3746.422999999975 1.26352845e-14
3748.564099999975 1.3102293e-14
3750.705199999975 1.3577042e-14
3752.8462999999747 1.4351747e-14
3754.9873999999745 1.513106e-14
3757.1284999999743 1.526637e-14
3759.269599999974 1.539163e-14
3761.410699999974 1.5381744e-14
3763.551799999974 1.5369716e-14
3765.6928999999736 1.5392227e-14
3767.8339999999735 1.5415293e-14
3769.9750999999733 1.5809267e-14
3772.116199999973 1.6209261e-14
3774.257299999973 1.6260156e-14
3776.3983999999728 1.63053e-14
3778.5394999999726 1.650885e-14
3780.6805999999724 1.671505e-14
3782.821699999972 1.6739057e-14
3784.962799999972 1.6759965e-14
3787.103899999972 1.6980663e-14
3789.2449999999717 1.7204804e-14
3791.3860999999715 1.717762e-14
3793.5271999999713 1.7146076e-14
3795.668299999971 1.68938e-14
3797.809399999971 1.663763e-14
3799.950499999971 1.6499233e-14
3802.0915999999706 1.6362942e-14
3804.2326999999705 1.6519789e-14
3806.3737999999703 1.6681946e-14
3808.51489999997 1.6137643e-14
3810.65599999997 1.5580438e-14
3812.7970999999698 1.5706859e-14
3814.9381999999696 1.5845928e-14
3817.0792999999694 1.6076607e-14
3819.2203999999692 1.6309004e-14
3821.361499999969 1.626529e-14
3823.502599999969 1.6216334e-14
3825.6436999999687 1.6408519e-14
3827.7847999999685 1.6605319e-14
3829.9258999999684 1.697977e-14
3832.066999999968 1.7357665e-14
3834.208099999968 1.7702474e-14
3836.349199999968 1.8046635e-14
3838.4902999999676 1.7805663e-14
3840.6313999999675 1.7553067e-14
3842.7724999999673 1.76307e-14
3844.913599999967 1.7714939e-14
3847.054699999967 1.8536222e-14
3849.1957999999668 1.937243e-14
3851.3368999999666 1.9461163e-14
3853.4779999999664 1.9534577e-14
3855.6190999999662 2.0196969e-14
3857.760199999966 2.0871575e-14
3859.901299999966 2.150371e-14
3862.0423999999657 2.2134953e-14
3864.1834999999655 2.2682526e-14
3866.3245999999654 2.322833e-14
3868.465699999965 2.3958288e-14
3870.606799999965 2.4692181e-14
3872.747899999965 2.5245666e-14
3874.8889999999647 2.5795245e-14
3877.0300999999645 2.6721894e-14
3879.1711999999643 2.7656805e-14
3881.312299999964 2.8299098e-14
3883.453399999964 2.893495e-14
3885.594499999964 2.9678642e-14
3887.7355999999636 3.0424736e-14
3889.8766999999634 3.1136162e-14
3892.0177999999632 3.1846813e-14
3894.158899999963 3.2168814e-14
3896.299999999963 3.2481962e-14
3898.4410999999627 3.2555627e-14
3900.5821999999625 3.262378e-14
3902.7232999999624 3.3443744e-14
3904.864399999962 3.4281134e-14
3907.005499999962 3.4850998e-14
3909.146599999962 3.5414597e-14
3911.2876999999617 3.5755975e-14
3913.4287999999615 3.609209e-14
3915.5698999999613 3.629628e-14
3917.710999999961 3.649731e-14
3919.852099999961 3.6430226e-14
3921.993199999961 3.635669e-14
3924.1342999999606 3.672149e-14
3926.2753999999604 3.7096946e-14
3928.4164999999603 3.718704e-14
3930.55759999996 3.7270127e-14
3932.69869999996 3.7087744e-14
3934.8397999999597 3.689878e-14
3936.9808999999595 3.754292e-14
3939.1219999999594 3.8207837e-14
3941.263099999959 3.840627e-14
3943.404199999959 3.8592952e-14
3945.545299999959 3.8761715e-14
3947.6863999999587 3.8930024e-14
3949.8274999999585 3.9498803e-14
3951.9685999999583 4.0077865e-14
3954.109699999958 4.0630283e-14
3956.250799999958 4.1182017e-14
3958.391899999958 4.1266527e-14
3960.5329999999576 4.1338853e-14
3962.6740999999574 4.1631036e-14
3964.8151999999573 4.1929005e-14
3966.956299999957 4.2337732e-14
3969.097399999957 4.2749407e-14
3971.2384999999567 4.2708296e-14
3973.3795999999566 4.2655024e-14
3975.5206999999564 4.2319846e-14
3977.661799999956 4.197707e-14
3979.802899999956 4.160095e-14
3981.943999999956 4.1223918e-14
3984.0850999999557 4.1012305e-14
3986.2261999999555 4.0805243e-14
3988.3672999999553 4.0009706e-14
3990.508399999955 3.919784e-14
3992.649499999955 3.8329505e-14
3994.790599999955 3.7459588e-14
3996.9316999999546 3.6787715e-14
3999.0727999999544 3.6121412e-14
4001.2138999999543 3.6016288e-14
4003.354999999954 3.59271e-14
4005.496099999954 3.543734e-14
4007.6371999999537 3.4936114e-14
4009.7782999999536 3.455089e-14
4011.9193999999534 3.4169018e-14
4014.060499999953 3.3428284e-14
4016.201599999953 3.2677135e-14
4018.342699999953 3.2715858e-14
4020.4837999999527 3.277771e-14
4022.6248999999525 3.2944577e-14
4024.7659999999523 3.3114546e-14
4026.907099999952 3.3221862e-14
4029.048199999952 3.332732e-14
4031.189299999952 3.313219e-14
4033.3303999999516 3.2928064e-14
4035.4714999999514 3.3286874e-14
4037.6125999999513 3.3662668e-14
4039.753699999951 3.3969643e-14
4041.894799999951 3.4274524e-14
4044.0358999999507 3.4533638e-14
4046.1769999999506 3.4791346e-14
4048.3180999999504 3.4804824e-14
4050.45919999995 3.4810777e-14
4052.60029999995 3.493462e-14
4054.74139999995 3.5062122e-14
4056.8824999999497 3.556549e-14
4059.0235999999495 3.6080642e-14
4061.1646999999493 3.628698e-14
4063.305799999949 3.6483556e-14
4065.446899999949 3.673899e-14
4067.587999999949 3.6996302e-14
4069.7290999999486 3.7323656e-14
4071.8701999999485 3.765325e-14
4074.0112999999483 3.7916044e-14
4076.152399999948 3.8176683e-14
4078.293499999948 3.820898e-14
4080.4345999999477 3.823385e-14
4082.5756999999476 3.8233458e-14
4084.7167999999474 3.8232235e-14
4086.857899999947 3.8042875e-14
4088.998999999947 3.7847306e-14
4091.140099999947 3.8056628e-14
4093.2811999999467 3.8279374e-14
4095.4222999999465 3.8135612e-14
4097.563399999946 3.7979612e-14
4099.704499999946 3.8335898e-14
4101.845599999946 3.870942e-14
4103.986699999946 3.8852544e-14
4106.127799999946 3.898786e-14
4108.2688999999455 3.8888506e-14
4110.409999999945 3.8781136e-14
4112.551099999945 3.8201664e-14
4114.692199999945 3.7606047e-14
4116.833299999945 3.7370772e-14
4118.974399999945 3.7147907e-14
4121.115499999944 3.720565e-14
4123.256599999944 3.727313e-14
4125.397699999944 3.726325e-14
4127.538799999944 3.725067e-14
4129.679899999944 3.6990308e-14
4131.8209999999435 3.6721226e-14
4133.962099999943 3.656561e-14
4136.103199999943 3.6414018e-14
4138.244299999943 3.6526236e-14
4140.385399999943 3.664789e-14
4142.526499999943 3.6161307e-14
4144.6675999999425 3.5652826e-14
4146.808699999942 3.5158345e-14
4148.949799999942 3.4664373e-14
4151.090899999942 3.4559347e-14
4153.231999999942 3.4468522e-14
4155.373099999942 3.443493e-14
4157.514199999941 3.440343e-14
4159.655299999941 3.4153402e-14
4161.796399999941 3.389534e-14
4163.937499999941 3.365225e-14
4166.078599999941 3.340971e-14
4168.2196999999405 3.3273416e-14
4170.36079999994 3.314109e-14
4172.50189999994 3.3282296e-14
4174.64299999994 3.343378e-14
4176.78409999994 3.3100875e-14
4178.92519999994 3.2749658e-14
4181.0662999999395 3.246774e-14
4183.207399999939 3.2188458e-14
4185.348499999939 3.2362e-14
4187.489599999939 3.2552896e-14
4189.630699999939 3.2415754e-14
4191.771799999939 3.2266026e-14
4193.912899999938 3.2345488e-14
4196.053999999938 3.24338e-14
4198.195099999938 3.231105e-14
4200.336199999938 3.21801e-14
4202.477299999938 3.2065357e-14
4204.6183999999375 3.195125e-14
4206.759499999937 3.155917e-14
4208.900599999937 3.115615e-14
4211.041699999937 3.095102e-14
4213.182799999937 3.0753737e-14
4215.323899999937 3.0449544e-14
4217.4649999999365 3.0141088e-14
4219.606099999936 2.9992708e-14
4221.747199999936 2.9850756e-14
4223.888299999936 2.9655752e-14
4226.029399999936 2.9458607e-14
4228.170499999936 2.8969452e-14
4230.311599999935 2.8468493e-14
4232.452699999935 2.829653e-14
4234.593799999935 2.8137953e-14
4236.734899999935 2.7870384e-14
4238.875999999935 2.7598353e-14
4241.0170999999345 2.7025116e-14
4243.158199999934 2.6439471e-14
4245.299299999934 2.6292445e-14
4247.440399999934 2.6163618e-14
4249.581499999934 2.597106e-14
4251.722599999934 2.5775841e-14
4253.8636999999335 2.5651983e-14
4256.004799999933 2.5531121e-14
4258.145899999933 2.547911e-14
4260.286999999933 2.5430008e-14
4262.428099999933 2.5095711e-14
4264.569199999933 2.4749293e-14
4266.710299999932 2.4619807e-14
4268.851399999932 2.4499544e-14
4270.992499999932 2.4198271e-14
4273.133599999932 2.3889248e-14
4275.274699999932 2.3841133e-14
4277.415799999932 2.3804255e-14
4279.556899999931 2.3496714e-14
4281.697999999931 2.3177447e-14
4283.839099999931 2.3028908e-14
4285.980199999931 2.2887808e-14
4288.121299999931 2.2465401e-14
4290.2623999999305 2.2030665e-14
4292.40349999993 2.1919739e-14
4294.54459999993 2.1823087e-14
4296.68569999993 2.1671922e-14
4298.82679999993 2.1518337e-14
4300.96789999993 2.1335032e-14
4303.108999999929 2.115041e-14
4305.250099999929 2.0996907e-14
4307.391199999929 2.0844791e-14
4309.532299999929 2.0834878e-14
4311.673399999929 2.0831349e-14
4313.814499999929 2.0487225e-14
4315.955599999928 2.0127724e-14
4318.096699999928 2.0031755e-14
4320.237799999928 1.9947753e-14
4322.378899999928 1.9917441e-14
4324.519999999928 1.9889584e-14
4326.6610999999275 1.9838188e-14
4328.802199999927 1.9785709e-14
4330.943299999927 1.9509507e-14
4333.084399999927 1.9222962e-14
4335.225499999927 1.9213999e-14
4337.366599999927 1.9217938e-14
4339.507699999926 1.9380698e-14
4341.648799999926 1.9550842e-14
4343.789899999926 1.988455e-14
4345.930999999926 2.0225905e-14
4348.072099999926 2.0483088e-14
4350.213199999926 2.073631e-14
4352.354299999925 2.0843799e-14
4354.495399999925 2.0944396e-14
4356.636499999925 2.115512e-14
4358.777599999925 2.1371082e-14
4360.918699999925 2.1381653e-14
4363.0597999999245 2.1382405e-14
4365.200899999924 2.1466764e-14
4367.341999999924 2.1555144e-14
4369.483099999924 2.1792274e-14
4371.624199999924 2.203659e-14
4373.765299999924 2.2089584e-14
4375.906399999923 2.2133322e-14
4378.047499999923 2.2369544e-14
4380.188599999923 2.2615127e-14
4382.329699999923 2.2705987e-14
4384.470799999923 2.2789283e-14
4386.611899999923 2.258223e-14
4388.752999999922 2.2360911e-14
4390.894099999922 2.2606722e-14
4393.035199999922 2.2875609e-14
4395.176299999922 2.3071265e-14
4397.317399999922 2.3263284e-14
4399.4584999999215 2.3274119e-14
4401.599599999921 2.327591e-14
4403.740699999921 2.332547e-14
4405.881799999921 2.3377428e-14
4408.022899999921 2.3363181e-14
4410.163999999921 2.3345592e-14
4412.3050999999205 2.3449633e-14
4414.44619999992 2.3559813e-14
4416.58729999992 2.3472149e-14
4418.72839999992 2.3374445e-14
4420.86949999992 2.3359719e-14
4423.01059999992 2.3349224e-14
4425.151699999919 2.3152633e-14
4427.292799999919 2.2946502e-14
4429.433899999919 2.2731418e-14
4431.574999999919 2.2515872e-14
4433.716099999919 2.227354e-14
4435.8571999999185 2.202982e-14
4437.998299999918 2.17788e-14
4440.139399999918 2.1527398e-14
4442.280499999918 2.1396447e-14
4444.421599999918 2.12718e-14
4446.562699999918 2.1158592e-14
4448.7037999999175 2.1045985e-14
4450.844899999917 2.086625e-14
4452.985999999917 2.0682967e-14
4455.127099999917 2.0544184e-14
4457.268199999917 2.0407756e-14
4459.409299999917 2.0572762e-14
4461.550399999916 2.0753796e-14
4463.691499999916 2.0944306e-14
4465.832599999916 2.1135322e-14
4467.973699999916 2.1351126e-14
4470.114799999916 2.1568257e-14
4472.2558999999155 2.1868675e-14
4474.396999999915 2.2173584e-14
4476.538099999915 2.244474e-14
4478.679199999915 2.2714066e-14
4480.820299999915 2.2847628e-14
4482.961399999915 2.2973787e-14
4485.1024999999145 2.3206318e-14
4487.243599999914 2.344465e-14
4489.384699999914 2.380948e-14
4491.525799999914 2.4181237e-14
4493.666899999914 2.438467e-14
4495.807999999914 2.457884e-14
4497.949099999913 2.4855528e-14
4500.090199999913 2.513678e-14
4502.231299999913 2.532043e-14
4504.372399999913 2.5498656e-14
4506.513499999913 2.5469073e-14
4508.6545999999125 2.5427878e-14
4510.795699999912 2.5628468e-14
4512.936799999912 2.584263e-14
4515.077899999912 2.592287e-14
4517.218999999912 2.5995561e-14
4519.360099999912 2.598584e-14
4521.5011999999115 2.5971448e-14
4523.642299999911 2.6084486e-14
4525.783399999911 2.6204779e-14
4527.924499999911 2.6367585e-14
4530.065599999911 2.653281e-14
4532.206699999911 2.6734383e-14
4534.34779999991 2.6938033e-14
4536.48889999991 2.6910352e-14
4538.62999999991 2.686937e-14
4540.77109999991 2.6862157e-14
4542.91219999991 2.6856894e-14
4545.0532999999095 2.689655e-14
4547.194399999909 2.6938812e-14
4549.335499999909 2.6985326e-14
4551.476599999909 2.7032086e-14
4553.617699999909 2.6930535e-14
4555.758799999909 2.6820302e-14
4557.8998999999085 2.6595805e-14
4560.040999999908 2.6364588e-14
4562.182099999908 2.6129369e-14
4564.323199999908 2.5893914e-14
4566.464299999908 2.599276e-14
4568.605399999908 2.6111368e-14
4570.746499999907 2.6011755e-14
4572.887599999907 2.5899184e-14
4575.028699999907 2.5852941e-14
4577.169799999907 2.5810652e-14
4579.310899999907 2.563337e-14
4581.451999999907 2.5448004e-14
4583.593099999906 2.5606717e-14
4585.734199999906 2.578613e-14
4587.875299999906 2.577061e-14
4590.016399999906 2.5743298e-14
4592.157499999906 2.5746549e-14
4594.2985999999055 2.5751655e-14
4596.439699999905 2.5766771e-14
4598.580799999905 2.5782495e-14
4600.721899999905 2.5858683e-14
4602.862999999905 2.5938558e-14
4605.004099999905 2.5996932e-14
4607.145199999904 2.605399e-14
4609.286299999904 2.594036e-14
4611.427399999904 2.5816228e-14
4613.568499999904 2.5906774e-14
4615.709599999904 2.6010596e-14
4617.850699999904 2.6101463e-14
4619.991799999903 2.6191523e-14
4622.132899999903 2.6148002e-14
4624.273999999903 2.6096152e-14
4626.415099999903 2.590576e-14
4628.556199999903 2.5706691e-14
4630.6972999999025 2.5665317e-14
4632.838399999902 2.5633861e-14
4634.979499999902 2.5642315e-14
4637.120599999902 2.5653287e-14
4639.261699999902 2.5526996e-14
4641.402799999902 2.5392028e-14
4643.543899999901 2.5219818e-14
4645.684999999901 2.5045243e-14
4647.826099999901 2.4819471e-14
4649.967199999901 2.4590435e-14
4652.108299999901 2.4263984e-14
4654.249399999901 2.3931298e-14
4656.3904999999 2.3650234e-14
4658.5315999999 2.3372488e-14
4660.6726999999 2.3105228e-14
4662.8137999999 2.2838644e-14
4664.9548999999 2.2490973e-14
4667.0959999998995 2.2138046e-14
4669.237099999899 2.1810522e-14
4671.378199999899 2.1484652e-14
4673.519299999899 2.128934e-14
4675.660399999899 2.1102528e-14
4677.801499999899 2.0785072e-14
4679.942599999898 2.0459075e-14
4682.083699999898 2.02591e-14
4684.224799999898 2.0067398e-14
4686.365899999898 2.009938e-14
4688.506999999898 2.0146108e-14
4690.648099999898 2.0013483e-14
4692.789199999897 1.9868989e-14
4694.930299999897 1.9860307e-14
4697.071399999897 1.9860656e-14
4699.212499999897 2.0014277e-14
4701.353599999897 2.017813e-14
4703.4946999998965 2.0134295e-14
4705.635799999896 2.007654e-14
4707.776899999896 2.0026832e-14
4709.917999999896 1.9977667e-14
4712.059099999896 1.9992305e-14
4714.200199999896 2.0011255e-14
4716.341299999895 2.0101174e-14
4718.482399999895 2.0195888e-14
4720.623499999895 2.0204138e-14
4722.764599999895 2.0206518e-14
4724.905699999895 2.0187412e-14
4727.046799999895 2.0166845e-14
4729.187899999894 2.0187777e-14
4731.328999999894 2.0211548e-14
4733.470099999894 2.0181031e-14
4735.611199999894 2.0146785e-14
4737.752299999894 2.0074e-14
4739.8933999998935 1.9998558e-14
4742.034499999893 1.9807296e-14
4744.175599999893 1.9608018e-14
4746.316699999893 1.9449528e-14
4748.457799999893 1.9293862e-14
4750.598899999893 1.9204756e-14
4752.7399999998925 1.9120278e-14
4754.881099999892 1.8871023e-14
4757.022199999892 1.8610266e-14
4759.163299999892 1.8304562e-14
4761.304399999892 1.799571e-14
4763.445499999892 1.7723082e-14
4765.586599999891 1.7453e-14
4767.727699999891 1.7307644e-14
4769.868799999891 1.7171093e-14
4772.009899999891 1.6995811e-14
4774.150999999891 1.6817783e-14
4776.2920999998905 1.6817534e-14
4778.43319999989 1.682994e-14
4780.57429999989 1.6788032e-14
4782.71539999989 1.6742241e-14
4784.85649999989 1.6712589e-14
4786.99759999989 1.6684091e-14
4789.1386999998895 1.6777993e-14
4791.279799999889 1.6880672e-14
4793.420899999889 1.693359e-14
4795.561999999889 1.6982924e-14
4797.703099999889 1.7107558e-14
4799.844199999889 1.723764e-14
4801.985299999888 1.7254319e-14
4804.126399999888 1.7262765e-14
4806.267499999888 1.734396e-14
4808.408599999888 1.7430456e-14
4810.549699999888 1.7677683e-14
4812.6907999998875 1.7936661e-14
4814.831899999887 1.7962154e-14
4816.972999999887 1.7970507e-14
4819.114099999887 1.8012166e-14
4821.255199999887 1.8056278e-14
4823.396299999887 1.7894879e-14
4825.5373999998865 1.7718286e-14
4827.678499999886 1.7656456e-14
4829.819599999886 1.7603117e-14
4831.960699999886 1.7500698e-14
4834.101799999886 1.7394636e-14
4836.242899999886 1.728604e-14
4838.383999999885 1.7177256e-14
4840.525099999885 1.7088791e-14
4842.666199999885 1.7001845e-14
4844.807299999885 1.6722941e-14
4846.948399999885 1.6429627e-14
4849.0894999998845 1.6102068e-14
4851.230599999884 1.5771928e-14
4853.371699999884 1.5655442e-14
4855.512799999884 1.5555121e-14
4857.653899999884 1.5326038e-14
4859.794999999884 1.508718e-14
4861.9360999998835 1.4871588e-14
4864.077199999883 1.4657763e-14
4866.218299999883 1.449866e-14
4868.359399999883 1.4343725e-14
4870.500499999883 1.4144128e-14
4872.641599999883 1.3941116e-14
4874.782699999882 1.3623796e-14
4876.923799999882 1.3297703e-14
4879.064899999882 1.3101813e-14
4881.205999999882 1.29159565e-14
4883.347099999882 1.2885539e-14
4885.4881999998815 1.2867142e-14
4887.629299999881 1.27952086e-14
4889.770399999881 1.271912e-14
4891.911499999881 1.2776764e-14
4894.052599999881 1.2844824e-14
4896.193699999881 1.2911799e-14
4898.3347999998805 1.2978689e-14
4900.47589999988 1.305097e-14
4902.61699999988 1.3123674e-14
4904.75809999988 1.3259303e-14
4906.89919999988 1.3399869e-14
4909.04029999988 1.3415313e-14
4911.181399999879 1.3420904e-14
4913.322499999879 1.3649328e-14
4915.463599999879 1.3895359e-14
4917.604699999879 1.4190047e-14
4919.745799999879 1.4488593e-14
4921.886899999879 1.444815e-14
4924.027999999878 1.4380732e-14
4926.169099999878 1.4515482e-14
4928.310199999878 1.4666372e-14
4930.451299999878 1.463805e-14
4932.592399999878 1.4595364e-14
4934.7334999998775 1.4522588e-14
4936.874599999877 1.4447402e-14
4939.015699999877 1.4492071e-14
4941.156799999877 1.4546381e-14
4943.297899999877 1.4702046e-14
4945.438999999877 1.4865889e-14
4947.580099999876 1.4864474e-14
4949.721199999876 1.4849678e-14
4951.862299999876 1.486159e-14
4954.003399999876 1.487567e-14
4956.144499999876 1.4902416e-14
4958.285599999876 1.4930196e-14
4960.426699999875 1.4919186e-14
4962.567799999875 1.4905e-14
4964.708899999875 1.4896284e-14
4966.849999999875 1.4888019e-14
4968.991099999875 1.4803268e-14
4971.1321999998745 1.4712215e-14
4973.273299999874 1.469784e-14
4975.414399999874 1.4689801e-14
4977.555499999874 1.4648617e-14
4979.696599999874 1.4604693e-14
4981.837699999874 1.46378e-14
4983.978799999873 1.46773e-14
4986.119899999873 1.4577864e-14
4988.260999999873 1.4466859e-14
4990.402099999873 1.438835e-14
4992.543199999873 1.431256e-14
4994.684299999873 1.419523e-14
4996.825399999872 1.4074419e-14
4998.966499999872 1.3960453e-14
5001.107599999872 1.38470625e-14
5003.248699999872 1.39252335e-14
5005.389799999872 1.40195676e-14
5007.5308999998715 1.4015272e-14
5009.671999999871 1.4002628e-14
5011.813099999871 1.4036058e-14
5013.954199999871 1.407339e-14
5016.095299999871 1.4073878e-14
5018.236399999871 1.4071235e-14
5020.37749999987 1.4113943e-14
5022.51859999987 1.4160518e-14
5024.65969999987 1.4216425e-14
5026.80079999987 1.4273129e-14
5028.94189999987 1.4274236e-14
5031.08299999987 1.4270574e-14
5033.224099999869 1.4336504e-14
5035.365199999869 1.4408425e-14
5037.506299999869 1.4499203e-14
5039.647399999869 1.4591611e-14
5041.788499999869 1.4769392e-14
5043.9295999998685 1.4954573e-14
5046.070699999868 1.4929066e-14
5048.211799999868 1.4885237e-14
5050.352899999868 1.4932696e-14
5052.493999999868 1.4988096e-14
5054.635099999868 1.5094962e-14
5056.7761999998675 1.5206318e-14
5058.917299999867 1.5193733e-14
5061.058399999867 1.51703e-14
5063.199499999867 1.5263673e-14
5065.340599999867 1.5367305e-14
5067.481699999867 1.5461651e-14
5069.622799999866 1.5555177e-14
5071.763899999866 1.5635129e-14
5073.904999999866 1.571388e-14
5076.046099999866 1.5833978e-14
5078.187199999866 1.5957743e-14
5080.3282999998655 1.6115825e-14
5082.469399999865 1.6276958e-14
5084.610499999865 1.637821e-14
5086.751599999865 1.647412e-14
5088.892699999865 1.6582955e-14
5091.033799999865 1.6692942e-14
5093.1748999998645 1.6806067e-14
5095.315999999864 1.6919471e-14
5097.457099999864 1.6988362e-14
5099.598199999864 1.7053253e-14
5101.739299999864 1.7235774e-14
5103.880399999864 1.7428896e-14
5106.021499999863 1.7592942e-14
5108.162599999863 1.7754363e-14
5110.303699999863 1.7847128e-14
5112.444799999863 1.7933668e-14
5114.585899999863 1.8004285e-14
5116.7269999998625 1.8073454e-14
5118.868099999862 1.8078487e-14
5121.009199999862 1.8077667e-14
5123.150299999862 1.8184012e-14
5125.291399999862 1.8300137e-14
5127.432499999862 1.8476123e-14
5129.5735999998615 1.865759e-14
5131.714699999861 1.8612597e-14
5133.855799999861 1.8546806e-14
5135.996899999861 1.8629902e-14
5138.137999999861 1.8726713e-14
5140.279099999861 1.8750763e-14
5142.42019999986 1.8768088e-14
5144.56129999986 1.8672115e-14
5146.70239999986 1.8565632e-14
5148.84349999986 1.8545963e-14
5150.98459999986 1.8534365e-14
5153.1256999998595 1.8350156e-14
5155.266799999859 1.8149843e-14
5157.407899999859 1.8057504e-14
5159.548999999859 1.7975269e-14
5161.690099999859 1.8041146e-14
5163.831199999859 1.8120882e-14
5165.9722999998585 1.8005703e-14
5168.113399999858 1.7872231e-14
5170.254499999858 1.7758698e-14
5172.395599999858 1.7647042e-14
5174.536699999858 1.7501656e-14
5176.677799999858 1.7353083e-14
5178.818899999857 1.734703e-14
5180.959999999857 1.735448e-14
5183.101099999857 1.7362761e-14
5185.242199999857 1.7371123e-14
5187.383299999857 1.7331346e-14
5189.5243999998565 1.7286982e-14
5191.665499999856 1.7349628e-14
5193.806599999856 1.7422502e-14
5195.947699999856 1.7409243e-14
5198.088799999856 1.7387745e-14
5200.229899999856 1.735596e-14
5202.3709999998555 1.7323187e-14
5204.512099999855 1.7519597e-14
5206.653199999855 1.7738054e-14
5208.794299999855 1.777744e-14
5210.935399999855 1.7799547e-14
5213.076499999855 1.7820852e-14
5215.217599999854 1.784208e-14
5217.358699999854 1.7814251e-14
5219.499799999854 1.7781663e-14
5221.640899999854 1.77813e-14
5223.781999999854 1.7784077e-14
5225.923099999854 1.7805735e-14
5228.064199999853 1.7829239e-14
5230.205299999853 1.7762925e-14
5232.346399999853 1.7687813e-14
5234.487499999853 1.7655448e-14
5236.628599999853 1.7627269e-14
5238.7696999998525 1.7551194e-14
5240.910799999852 1.7470412e-14
5243.051899999852 1.7322496e-14
5245.192999999852 1.7167967e-14
5247.334099999852 1.7026977e-14
5249.475199999852 1.6887326e-14
5251.616299999851 1.662291e-14
5253.757399999851 1.6346127e-14
5255.898499999851 1.5957152e-14
5258.039599999851 1.5557026e-14
5260.180699999851 1.5225617e-14
5262.321799999851 1.490106e-14
5264.46289999985 1.4716449e-14
5266.60399999985 1.4545827e-14
5268.74509999985 1.4211324e-14
5270.88619999985 1.3860388e-14
5273.02729999985 1.3624921e-14
5275.1683999998495 1.3401065e-14
5277.309499999849 1.3136142e-14
5279.450599999849 1.2867088e-14
5281.591699999849 1.2601192e-14
5283.732799999849 1.2335616e-14
5285.873899999849 1.223233e-14
5288.014999999848 1.2145461e-14
5290.156099999848 1.1967007e-14
5292.297199999848 1.1779263e-14
5294.438299999848 1.1607966e-14
5296.579399999848 1.1438343e-14
5298.720499999848 1.13889695e-14
5300.861599999847 1.13518636e-14
5303.002699999847 1.1262661e-14
5305.143799999847 1.1168125e-14
5307.284899999847 1.1089877e-14
5309.425999999847 1.1013295e-14
5311.5670999998465 1.1073789e-14
5313.708199999846 1.1148353e-14
5315.849299999846 1.118886e-14
5317.990399999846 1.12258615e-14
5320.131499999846 1.1225234e-14
5322.272599999846 1.1220722e-14
5324.413699999845 1.1299545e-14
5326.554799999845 1.1386992e-14
5328.695899999845 1.1388112e-14
5330.836999999845 1.13802705e-14
5332.978099999845 1.1357995e-14
5335.119199999845 1.13342165e-14
5337.260299999844 1.1406062e-14
5339.401399999844 1.14878894e-14
5341.542499999844 1.15448575e-14
5343.683599999844 1.1599223e-14
5345.824699999844 1.1647121e-14
5347.9657999998435 1.1694339e-14
5350.106899999843 1.1725302e-14
5352.247999999843 1.1754558e-14
5354.389099999843 1.1814283e-14
5356.530199999843 1.1877216e-14
5358.671299999843 1.2021905e-14
5360.8123999998425 1.2175227e-14
5362.953499999842 1.2258394e-14
5365.094599999842 1.2334133e-14
5367.235699999842 1.2468502e-14
5369.376799999842 1.2609096e-14
5371.517899999842 1.2761097e-14
5373.658999999841 1.2914311e-14
5375.800099999841 1.29201984e-14
5377.941199999841 1.291036e-14
5380.082299999841 1.28892826e-14
5382.223399999841 1.2867005e-14
5384.3644999998405 1.299487e-14
5386.50559999984 1.3138813e-14
5388.64669999984 1.31175054e-14
5390.78779999984 1.3078455e-14
5392.92889999984 1.3027481e-14
5395.06999999984 1.2975224e-14
5397.2110999998395 1.2971353e-14
5399.352199999839 1.2972705e-14
5401.493299999839 1.3121366e-14
5403.634399999839 1.3285972e-14
5405.775499999839 1.3266691e-14
5407.916599999839 1.3227444e-14
5410.057699999838 1.3237435e-14
5412.198799999838 1.3252786e-14
5414.339899999838 1.32143476e-14
5416.480999999838 1.3170037e-14
5418.622099999838 1.3051633e-14
5420.7631999998375 1.2925121e-14
5422.904299999837 1.2931369e-14
5425.045399999837 1.2952145e-14
5427.186499999837 1.2876926e-14
5429.327599999837 1.2791173e-14
5431.468699999837 1.2726396e-14
5433.6097999998365 1.2663926e-14
5435.750899999836 1.2622232e-14
5437.891999999836 1.258283e-14
5440.033099999836 1.2506767e-14
5442.174199999836 1.24266476e-14
5444.315299999836 1.2296698e-14
5446.456399999835 1.2161221e-14
5448.597499999835 1.2030547e-14
5450.738599999835 1.1900407e-14
5452.879699999835 1.1684362e-14
5455.020799999835 1.1458739e-14
5457.1618999998345 1.13020995e-14
5459.302999999834 1.11531725e-14
5461.444099999834 1.113664e-14
5463.585199999834 1.1134916e-14
5465.726299999834 1.0950758e-14
5467.867399999834 1.0746141e-14
5470.0084999998335 1.0628588e-14
5472.149599999833 1.05208234e-14
5474.290699999833 1.0514829e-14
5476.431799999833 1.0520305e-14
5478.572899999833 1.0431109e-14
5480.713999999833 1.03312134e-14
5482.855099999832 1.0347846e-14
5484.996199999832 1.037768e-14
5487.137299999832 1.03890065e-14
5489.278399999832 1.039823e-14
5491.419499999832 1.0464654e-14
5493.5605999998315 1.0537596e-14
5495.701699999831 1.0510173e-14
5497.842799999831 1.04713135e-14
5499.983899999831 1.0476723e-14
5502.124999999831 1.0487189e-14
5504.266099999831 1.065747e-14
5506.4071999998305 1.0846053e-14
5508.54829999983 1.087939e-14
5510.68939999983 1.08949045e-14
5512.83049999983 1.1032897e-14
5514.97159999983 1.1184993e-14
5517.11269999983 1.1434872e-14
5519.253799999829 1.1696039e-14
5521.394899999829 1.18939765e-14
5523.535999999829 1.2084595e-14
5525.677099999829 1.2295377e-14
5527.818199999829 1.2508498e-14
5529.9592999998285 1.259699e-14
5532.100399999828 1.2670985e-14
5534.241499999828 1.2771397e-14
5536.382599999828 1.2874888e-14
5538.523699999828 1.30458515e-14
5540.664799999828 1.3224686e-14
5542.8058999998275 1.3367018e-14
5544.946999999827 1.3505081e-14
5547.088099999827 1.35921564e-14
5549.229199999827 1.3673253e-14
5551.370299999827 1.3793746e-14
5553.511399999827 1.3918871e-14
5555.652499999826 1.4078707e-14
5557.793599999826 1.4242635e-14
5559.934699999826 1.4358193e-14
5562.075799999826 1.4468038e-14
5564.216899999826 1.4511645e-14
5566.357999999826 1.4547408e-14
5568.499099999825 1.4569766e-14
5570.640199999825 1.4590536e-14
5572.781299999825 1.472288e-14
5574.922399999825 1.4868472e-14
5577.063499999825 1.4958583e-14
5579.2045999998245 1.5042089e-14
5581.345699999824 1.5008421e-14
5583.486799999824 1.496077e-14
5585.627899999824 1.4932816e-14
5587.768999999824 1.490722e-14
5589.910099999824 1.4826729e-14
5592.051199999823 1.4739654e-14
5594.192299999823 1.454538e-14
5596.333399999823 1.4338213e-14
5598.474499999823 1.4205845e-14
5600.615599999823 1.4082498e-14
5602.756699999823 1.40960335e-14
5604.897799999822 1.4126116e-14
5607.038899999822 1.415694e-14
5609.179999999822 1.4187855e-14
5611.321099999822 1.4339556e-14
5613.462199999822 1.4505895e-14
5615.6032999998215 1.4502158e-14
5617.744399999821 1.4477762e-14
5619.885499999821 1.4515082e-14
5622.026599999821 1.4559922e-14
5624.167699999821 1.460674e-14
5626.308799999821 1.46538e-14
5628.44989999982 1.4729007e-14
5630.59099999982 1.480766e-14
5632.73209999982 1.4840392e-14
5634.87319999982 1.486749e-14
5637.01429999982 1.4830373e-14
5639.15539999982 1.478536e-14
5641.296499999819 1.479393e-14
5643.437599999819 1.4809107e-14
5645.578699999819 1.4903689e-14
5647.719799999819 1.5008065e-14
5649.860899999819 1.4993537e-14
5652.0019999998185 1.4964307e-14
5654.143099999818 1.4941734e-14
5656.284199999818 1.4919986e-14
5658.425299999818 1.4885127e-14
5660.566399999818 1.484864e-14
5662.707499999818 1.4865986e-14
5664.848599999817 1.4890036e-14
5666.989699999817 1.4853748e-14
5669.130799999817 1.4809926e-14
5671.271899999817 1.4846372e-14
5673.412999999817 1.4892865e-14
5675.554099999817 1.4864591e-14
5677.695199999816 1.4826937e-14
5679.836299999816 1.471912e-14
5681.977399999816 1.460248e-14
5684.118499999816 1.468657e-14
5686.259599999816 1.4795907e-14
5688.4006999998155 1.4875659e-14
5690.541799999815 1.495168e-14
5692.682899999815 1.4934961e-14
5694.823999999815 1.4906525e-14
5696.965099999815 1.4862963e-14
5699.106199999815 1.4817488e-14
5701.2472999998145 1.4794338e-14
5703.388399999814 1.4774027e-14
5705.529499999814 1.4796671e-14
5707.670599999814 1.4824786e-14
5709.811699999814 1.4802528e-14
5711.952799999814 1.4773842e-14
5714.093899999813 1.479145e-14
5716.234999999813 1.4814979e-14
5718.376099999813 1.4762632e-14
5720.517199999813 1.470056e-14
5722.658299999813 1.474893e-14
5724.7993999998125 1.4811467e-14
5726.940499999812 1.4727513e-14
5729.081599999812 1.4624727e-14
5731.222699999812 1.4554157e-14
5733.363799999812 1.4487738e-14
5735.504899999812 1.4471099e-14
5737.6459999998115 1.4460889e-14
5739.787099999811 1.4459239e-14
5741.928199999811 1.4458695e-14
5744.069299999811 1.449345e-14
5746.210399999811 1.4532785e-14
5748.351499999811 1.434645e-14
5750.49259999981 1.4130767e-14
5752.63369999981 1.4100678e-14
5754.77479999981 1.4094791e-14
5756.91589999981 1.4053338e-14
5759.05699999981 1.4007247e-14
5761.1980999998095 1.3976327e-14
5763.339199999809 1.3947392e-14
5765.480299999809 1.3837934e-14
5767.621399999809 1.3717928e-14
5769.762499999809 1.3568831e-14
5771.903599999809 1.34159134e-14
5774.0446999998085 1.3351724e-14
5776.185799999808 1.3299211e-14
5778.326899999808 1.32828225e-14
5780.467999999808 1.32712e-14
5782.609099999808 1.3179614e-14
5784.750199999808 1.3077453e-14
5786.891299999807 1.29647405e-14
5789.032399999807 1.2850631e-14
5791.173499999807 1.2904778e-14
5793.314599999807 1.2981281e-14
5795.455699999807 1.30323735e-14
5797.5967999998065 1.30800894e-14
5799.737899999806 1.3049801e-14
5801.878999999806 1.3009125e-14
5804.020099999806 1.3016413e-14
5806.161199999806 1.3030104e-14
5808.302299999806 1.29906495e-14
5810.4433999998055 1.2944084e-14
5812.584499999805 1.2900444e-14
5814.725599999805 1.2857196e-14
5816.866699999805 1.2859403e-14
5819.007799999805 1.2867719e-14
5821.148899999805 1.2880288e-14
5823.289999999804 1.289343e-14
5825.431099999804 1.288593e-14
5827.572199999804 1.2875643e-14
5829.713299999804 1.2917268e-14
5831.854399999804 1.29659035e-14
5833.9954999998035 1.3029899e-14
5836.136599999803 1.3095975e-14
5838.277699999803 1.31320625e-14
5840.418799999803 1.3164081e-14
5842.559899999803 1.3191874e-14
5844.700999999803 1.3219092e-14
5846.8420999998025 1.31625185e-14
5848.983199999802 1.30945254e-14
5851.124299999802 1.3149995e-14
5853.265399999802 1.3222327e-14
5855.406499999802 1.3273165e-14
5857.547599999802 1.3321061e-14
5859.688699999801 1.3238662e-14
5861.829799999801 1.3138379e-14
5863.970899999801 1.31833944e-14
5866.111999999801 1.3248396e-14
5868.253099999801 1.3324112e-14
5870.394199999801 1.3401301e-14
5872.5352999998 1.3324625e-14
5874.6763999998 1.3226738e-14
5876.8174999998 1.31843965e-14
5878.9585999998 1.3149728e-14
5881.0996999998 1.3121658e-14
5883.2407999997995 1.3094502e-14
5885.381899999799 1.3064495e-14
5887.522999999799 1.3034092e-14
5889.664099999799 1.301763e-14
5891.805199999799 1.3003108e-14
5893.946299999799 1.29564565e-14
5896.087399999798 1.29053245e-14
5898.228499999798 1.29247944e-14
5900.369599999798 1.295413e-14
5902.510699999798 1.30243056e-14
5904.651799999798 1.31002e-14
5906.792899999798 1.3132895e-14
5908.933999999797 1.3159528e-14
5911.075099999797 1.3185252e-14
5913.216199999797 1.32108485e-14
5915.357299999797 1.3193676e-14
5917.498399999797 1.3170484e-14
5919.6394999997965 1.316237e-14
5921.780599999796 1.31563826e-14
5923.921699999796 1.3204432e-14
5926.062799999796 1.3260117e-14
5928.203899999796 1.3267147e-14
5930.344999999796 1.3267288e-14
5932.486099999795 1.31790305e-14
5934.627199999795 1.3078227e-14
5936.768299999795 1.3082281e-14
5938.909399999795 1.3101253e-14
5941.050499999795 1.3112528e-14
5943.191599999795 1.3122707e-14
5945.332699999794 1.3207749e-14
5947.473799999794 1.33034664e-14
5949.614899999794 1.328759e-14
5951.755999999794 1.32557675e-14
5953.897099999794 1.3184402e-14
5956.0381999997935 1.3107375e-14
5958.179299999793 1.31078704e-14
5960.320399999793 1.311949e-14
5962.461499999793 1.3132642e-14
5964.602599999793 1.3146013e-14
5966.743699999793 1.3195096e-14
5968.884799999792 1.3249328e-14
5971.025899999792 1.333406e-14
5973.166999999792 1.3423199e-14
5975.308099999792 1.3390681e-14
5977.449199999792 1.3340549e-14
5979.590299999792 1.3271275e-14
5981.731399999791 1.3199225e-14
5983.872499999791 1.3167285e-14
5986.013599999791 1.3141165e-14
5988.154699999791 1.3147871e-14
5990.295799999791 1.3159351e-14
5992.4368999997905 1.3239217e-14
5994.57799999979 1.3329051e-14
5996.71909999979 1.3342973e-14
5998.86019999979 1.3345805e-14
6001.00129999979 1.326818e-14
6003.14239999979 1.3178777e-14
6005.2834999997895 1.3115731e-14
6007.424599999789 1.3056551e-14
6009.565699999789 1.299534e-14
6011.706799999789 1.29338306e-14
6013.847899999789 1.2934516e-14
6015.988999999789 1.29443634e-14
6018.130099999788 1.2950077e-14
6020.271199999788 1.295518e-14
6022.412299999788 1.2973122e-14
6024.553399999788 1.29929586e-14
6026.694499999788 1.2864746e-14
6028.8355999997875 1.27146235e-14
6030.976699999787 1.2665578e-14
6033.117799999787 1.2631521e-14
6035.258899999787 1.2566872e-14
6037.399999999787 1.2497677e-14
6039.541099999787 1.2492675e-14
6041.6821999997865 1.249723e-14
6043.823299999786 1.2531504e-14
6045.964399999786 1.2570214e-14
6048.105499999786 1.25097136e-14
6050.246599999786 1.24343725e-14
6052.387699999786 1.2304738e-14
6054.528799999785 1.2166966e-14
6056.669899999785 1.2093283e-14
6058.810999999785 1.2029206e-14
6060.952099999785 1.2038804e-14
6063.093199999785 1.2059468e-14
6065.2342999997845 1.200829e-14
6067.375399999784 1.19463e-14
6069.516499999784 1.18847845e-14
6071.657599999784 1.1823341e-14
6073.798699999784 1.1708617e-14
6075.939799999784 1.1585838e-14
6078.0808999997835 1.14226145e-14
6080.221999999783 1.1253264e-14
6082.363099999783 1.1121226e-14
6084.504199999783 1.0994852e-14
6086.645299999783 1.0860789e-14
6088.786399999783 1.0725555e-14
6090.927499999782 1.0634041e-14
6093.068599999782 1.0549192e-14
6095.209699999782 1.0340469e-14
6097.350799999782 1.0112856e-14
6099.491899999782 9.865049e-15
6101.6329999997815 9.614156e-15
6103.774099999781 9.333819e-15
6105.915199999781 9.048974e-15
6108.056299999781 8.781701e-15
6110.197399999781 8.517125e-15
6112.338499999781 8.249377e-15
6114.4795999997805 7.981142e-15
6116.62069999978 7.845615e-15
6118.76179999978 7.730532e-15
6120.90289999978 7.5002e-15
6123.04399999978 7.252072e-15
6125.18509999978 7.0453477e-15
6127.326199999779 6.8450304e-15
6129.467299999779 6.622492e-15
6131.608399999779 6.396515e-15
6133.749499999779 6.2604997e-15
6135.890599999779 6.1384317e-15
6138.0316999997785 5.970141e-15
6140.172799999778 5.794669e-15
6142.313899999778 5.7125723e-15
6144.454999999778 5.645011e-15
6146.596099999778 5.550189e-15
6148.737199999778 5.451113e-15
6150.8782999997775 5.269422e-15
6153.019399999777 5.074814e-15
6155.160499999777 4.969868e-15
6157.301599999777 4.8789686e-15
6159.442699999777 4.8624384e-15
6161.583799999777 4.8575823e-15
6163.724899999776 4.7822006e-15
6165.865999999776 4.695726e-15
6168.007099999776 4.674059e-15
6170.148199999776 4.662606e-15
6172.289299999776 4.7386085e-15
6174.430399999776 4.8283995e-15
6176.571499999775 4.818814e-15
6178.712599999775 4.7935297e-15
6180.853699999775 4.8237556e-15
6182.994799999775 4.8627687e-15
6185.135899999775 4.836436e-15
6187.2769999997745 4.7997397e-15
6189.418099999774 4.857204e-15
6191.559199999774 4.9296322e-15
6193.700299999774 5.0196155e-15
6195.841399999774 5.112394e-15
6197.982499999774 5.1416446e-15
6200.123599999773 5.1607596e-15
6202.264699999773 5.2845547e-15
6204.405799999773 5.4250576e-15
6206.546899999773 5.482993e-15
6208.687999999773 5.5277243e-15
6210.829099999773 5.7052103e-15
6212.970199999772 5.9039687e-15
6215.111299999772 6.020936e-15
6217.252399999772 6.124771e-15
6219.393499999772 6.286046e-15
6221.534599999772 6.4565603e-15
6223.6756999997715 6.6095e-15
6225.816799999771 6.7596067e-15
6227.957899999771 6.893817e-15
6230.098999999771 7.0254586e-15
6232.240099999771 7.075404e-15
6234.381199999771 7.112124e-15
6236.52229999977 7.231535e-15
6238.66339999977 7.3643586e-15
6240.80449999977 7.527618e-15
6242.94559999977 7.6958246e-15
6245.08669999977 7.780378e-15
6247.22779999977 7.851337e-15
6249.368899999769 8.008053e-15
6251.509999999769 8.178731e-15
6253.651099999769 8.33199e-15
6255.792199999769 8.482407e-15
6257.933299999769 8.534213e-15
6260.0743999997685 8.569895e-15
6262.215499999768 8.634351e-15
6264.356599999768 8.703522e-15
6266.497699999768 8.769882e-15
6268.638799999768 8.83578e-15
6270.779899999768 8.8985665e-15
6272.920999999767 8.96084e-15
6275.062099999767 8.989038e-15
6277.203199999767 9.011621e-15
6279.344299999767 9.110421e-15
6281.485399999767 9.221787e-15
6283.626499999767 9.285265e-15
6285.767599999766 9.3408345e-15
6287.908699999766 9.396268e-15
6290.049799999766 9.451677e-15
6292.190899999766 9.559078e-15
6294.331999999766 9.675098e-15
6296.4730999997655 9.74025e-15
6298.614199999765 9.7969525e-15
6300.755299999765 9.87193e-15
6302.896399999765 9.94995e-15
6305.037499999765 9.994442e-15
6307.178599999765 1.0033342e-14
6309.319699999764 1.0069807e-14
6311.460799999764 1.0105865e-14
6313.601899999764 1.0203063e-14
6315.742999999764 1.0310499e-14
6317.884099999764 1.03781365e-14
6320.025199999764 1.0439109e-14
6322.166299999763 1.0449191e-14
6324.307399999763 1.0450735e-14
6326.448499999763 1.0466025e-14
6328.589599999763 1.0483625e-14
6330.730699999763 1.04698964e-14
6332.8717999997625 1.0450892e-14
6335.012899999762 1.0452457e-14
6337.153999999762 1.0457493e-14
6339.295099999762 1.0497702e-14
6341.436199999762 1.05438585e-14
6343.577299999762 1.0549761e-14
6345.7183999997615 1.0548842e-14
6347.859499999761 1.063372e-14
6350.000599999761 1.0733163e-14
6352.141699999761 1.0730688e-14
6354.282799999761 1.0710881e-14
6356.423899999761 1.0705848e-14
6358.56499999976 1.0703331e-14
6360.70609999976 1.0716458e-14
6362.84719999976 1.0732251e-14
6364.98829999976 1.0721255e-14
6367.12939999976 1.0705684e-14
6369.2704999997595 1.0701297e-14
6371.411599999759 1.0698825e-14
6373.552699999759 1.0740503e-14
6375.693799999759 1.0789749e-14
6377.834899999759 1.0686922e-14
6379.975999999759 1.0557982e-14
6382.1170999997585 1.05650555e-14
6384.258199999758 1.059553e-14
6386.399299999758 1.0599906e-14
6388.540399999758 1.0599781e-14
6390.681499999758 1.057158e-14
6392.822599999758 1.05385374e-14
6394.963699999757 1.0563535e-14
6397.104799999757 1.0598559e-14
6399.245899999757 1.0561898e-14
6401.386999999757 1.0512828e-14
6403.528099999757 1.0476214e-14
6405.6691999997565 1.044176e-14
6407.810299999756 1.0457662e-14
6409.951399999756 1.0482312e-14
6412.092499999756 1.0446587e-14
6414.233599999756 1.0400349e-14
6416.374699999756 1.0359833e-14
6418.5157999997555 1.0320315e-14
6420.656899999755 1.0317769e-14
6422.797999999755 1.0321685e-14
6424.939099999755 1.0323213e-14
6427.080199999755 1.0324323e-14
6429.221299999755 1.0257299e-14
6431.362399999754 1.0178326e-14
6433.503499999754 1.0128779e-14
6435.644599999754 1.0084394e-14
6437.785699999754 1.0099136e-14
6439.926799999754 1.0124271e-14
6442.0678999997535 1.01065515e-14
6444.208999999753 1.00812845e-14
6446.350099999753 1.0013297e-14
6448.491199999753 9.937773e-15
6450.632299999753 9.873942e-15
6452.773399999753 9.812175e-15
6454.9144999997525 9.757935e-15
6457.055599999752 9.705026e-15
6459.196699999752 9.67416e-15
6461.337799999752 9.647204e-15
6463.478899999752 9.627596e-15
6465.619999999752 9.6092915e-15
6467.761099999751 9.5818374e-15
6469.902199999751 9.552755e-15
6472.043299999751 9.512856e-15
6474.184399999751 9.471029e-15
6476.325499999751 9.347493e-15
6478.4665999997505 9.2093784e-15
6480.60769999975 9.199191e-15
6482.74879999975 9.211871e-15
6484.88989999975 9.288194e-15
6487.03099999975 9.3759136e-15
6489.17209999975 9.303404e-15
6491.3131999997495 9.202148e-15
6493.454299999749 9.1540985e-15
6495.595399999749 9.115614e-15
6497.736499999749 9.127749e-15
6499.877599999749 9.149002e-15
6502.018699999749 9.135842e-15
6504.159799999748 9.116474e-15
6506.300899999748 9.029045e-15
6508.441999999748 8.929334e-15
6510.583099999748 8.96334e-15
6512.724199999748 9.021518e-15
6514.865299999748 8.990134e-15
6517.006399999747 8.94253e-15
6519.147499999747 8.937004e-15
6521.288599999747 8.939115e-15
6523.429699999747 8.944311e-15
6525.570799999747 8.9500695e-15
6527.7118999997465 8.923478e-15
6529.852999999746 8.890994e-15
6531.994099999746 8.8359606e-15
6534.135199999746 8.776811e-15
6536.276299999746 8.7710465e-15
6538.417399999746 8.775039e-15
6540.558499999745 8.767028e-15
6542.699599999745 8.756819e-15
6544.840699999745 8.745031e-15
6546.981799999745 8.732954e-15
6549.122899999745 8.7297375e-15
6551.263999999745 8.728147e-15
6553.405099999744 8.671866e-15
6555.546199999744 8.60553e-15
6557.687299999744 8.560296e-15
6559.828399999744 8.518948e-15
6561.969499999744 8.583464e-15
6564.1105999997435 8.667512e-15
6566.251699999743 8.7019845e-15
6568.392799999743 8.727295e-15
6570.533899999743 8.683579e-15
6572.674999999743 8.6270805e-15
6574.816099999743 8.5830425e-15
6576.957199999742 8.541316e-15
6579.098299999742 8.415591e-15
6581.239399999742 8.2742795e-15
6583.380499999742 8.319045e-15
6585.521599999742 8.398397e-15
6587.662699999742 8.416458e-15
6589.803799999741 8.423106e-15
6591.944899999741 8.394739e-15
6594.085999999741 8.359841e-15
6596.227099999741 8.25806e-15
6598.368199999741 8.143776e-15
6600.5092999997405 8.1591355e-15
6602.65039999974 8.1987716e-15
6604.79149999974 8.151411e-15
6606.93259999974 8.0877315e-15
6609.07369999974 8.177695e-15
6611.21479999974 8.296529e-15
6613.355899999739 8.265162e-15
6615.496999999739 8.20552e-15
6617.638099999739 8.059523e-15
6619.779199999739 7.89727e-15
6621.920299999739 7.97132e-15
6624.061399999739 8.089947e-15
6626.202499999738 8.137058e-15
6628.343599999738 8.1706535e-15
6630.484699999738 8.01217e-15
6632.625799999738 7.8173255e-15
6634.766899999738 7.759561e-15
6636.9079999997375 7.7277924e-15
6639.049099999737 7.770718e-15
6641.190199999737 7.827833e-15
6643.331299999737 7.7838415e-15
6645.472399999737 7.72061e-15
6647.613499999737 7.669204e-15
6649.7545999997365 7.620053e-15
6651.895699999736 7.580061e-15
6654.036799999736 7.541816e-15
6656.177899999736 7.553588e-15
6658.318999999736 7.574915e-15
6660.460099999736 7.600708e-15
6662.601199999735 7.6273555e-15
6664.742299999735 7.592183e-15
6666.883399999735 7.545161e-15
6669.024499999735 7.498647e-15
6671.165599999735 7.4522314e-15
6673.3066999997345 7.47588e-15
6675.447799999734 7.513005e-15
6677.588899999734 7.496666e-15
6679.729999999734 7.470021e-15
6681.871099999734 7.444773e-15
6684.012199999734 7.419796e-15
6686.1532999997335 7.407482e-15
6688.294399999733 7.397617e-15
6690.435499999733 7.417388e-15
6692.576599999733 7.442891e-15
6694.717699999733 7.43964e-15
6696.858799999733 7.4308185e-15
6698.999899999732 7.391239e-15
6701.140999999732 7.345692e-15
6703.282099999732 7.298786e-15
6705.423199999732 7.251616e-15
6707.564299999732 7.241414e-15
6709.7053999997315 7.238414e-15
6711.846499999731 7.290042e-15
6713.987599999731 7.35233e-15
6716.128699999731 7.341074e-15
6718.269799999731 7.3154416e-15
6720.410899999731 7.242574e-15
6722.5519999997305 7.160458e-15
6724.69309999973 7.170699e-15
6726.83419999973 7.199056e-15
6728.97529999973 7.15074e-15
6731.11639999973 7.08738e-15
6733.25749999973 7.0195657e-15
6735.398599999729 6.950876e-15
6737.539699999729 6.9510323e-15
6739.680799999729 6.964743e-15
6741.821899999729 6.99143e-15
6743.962999999729 7.0206758e-15
6746.1040999997285 6.9582588e-15
6748.245199999728 6.877734e-15
6750.386299999728 6.8456106e-15
6752.527399999728 6.823066e-15
6754.668499999728 6.8392917e-15
6756.809599999728 6.8632026e-15
6758.9506999997275 6.849351e-15
6761.091799999727 6.8279987e-15
6763.232899999727 6.7354984e-15
6765.373999999727 6.628866e-15
6767.515099999727 6.6398913e-15
6769.656199999727 6.6743257e-15
6771.797299999726 6.676935e-15
6773.938399999726 6.6732013e-15
6776.079499999726 6.642284e-15
6778.220599999726 6.6059405e-15
6780.361699999726 6.6106115e-15
6782.5027999997255 6.6234842e-15
6784.643899999725 6.661101e-15
6786.784999999725 6.7036754e-15
6788.926099999725 6.7077166e-15
6791.067199999725 6.7040235e-15
6793.208299999725 6.6124707e-15
6795.3493999997245 6.5032543e-15
6797.490499999724 6.4806288e-15
6799.631599999724 6.475441e-15
6801.772699999724 6.405525e-15
6803.913799999724 6.3225517e-15
6806.054899999724 6.344856e-15
6808.195999999723 6.3883966e-15
6810.337099999723 6.328802e-15
6812.478199999723 6.248361e-15
6814.619299999723 6.247321e-15
6816.760399999723 6.2623573e-15
6818.901499999723 6.2669562e-15
6821.042599999722 6.2694384e-15
6823.183699999722 6.264733e-15
6825.324799999722 6.2585676e-15
6827.465899999722 6.2555446e-15
6829.606999999722 6.253161e-15
6831.7480999997215 6.238706e-15
6833.889199999721 6.2217907e-15
6836.030299999721 6.2136135e-15
6838.171399999721 6.207217e-15
6840.312499999721 6.2043092e-15
6842.453599999721 6.2021133e-15
6844.59469999972 6.1431823e-15
6846.73579999972 6.0726456e-15
6848.87689999972 6.040235e-15
6851.01799999972 6.0156365e-15
6853.15909999972 6.0029653e-15
6855.30019999972 5.9927424e-15
6857.441299999719 5.9713925e-15
6859.582399999719 5.9477552e-15
6861.723499999719 5.9649e-15
6863.864599999719 5.9904457e-15
6866.005699999719 5.9435036e-15
6868.1467999997185 5.8816058e-15
6870.287899999718 5.782541e-15
6872.428999999718 5.675795e-15
6874.570099999718 5.6228745e-15
6876.711199999718 5.5810954e-15
6878.852299999718 5.5934803e-15
6880.993399999717 5.6170774e-15
6883.134499999717 5.6192682e-15
6885.275599999717 5.617021e-15
6887.416699999717 5.6003625e-15
6889.557799999717 5.5807096e-15
6891.698899999717 5.5847135e-15
6893.839999999716 5.5936404e-15
6895.981099999716 5.534909e-15
6898.122199999716 5.462075e-15
6900.263299999716 5.4530173e-15
6902.404399999716 5.4572745e-15
6904.5454999997155 5.4485233e-15
6906.686599999715 5.437052e-15
6908.827699999715 5.4003543e-15
6910.968799999715 5.358373e-15
6913.109899999715 5.3314816e-15
6915.250999999715 5.307756e-15
6917.392099999714 5.3703613e-15
6919.533199999714 5.4510843e-15
6921.674299999714 5.486439e-15
6923.815399999714 5.5122575e-15
6925.956499999714 5.453501e-15
6928.097599999714 5.376937e-15
6930.238699999713 5.321077e-15
6932.379799999713 5.2695834e-15
6934.520899999713 5.246758e-15
6936.661999999713 5.229989e-15
6938.803099999713 5.2383533e-15
6940.9441999997125 5.2520354e-15
6943.085299999712 5.235879e-15
6945.226399999712 5.213397e-15
6947.367499999712 5.234062e-15
6949.508599999712 5.263888e-15
6951.649699999712 5.263274e-15
6953.790799999711 5.256196e-15
6955.931899999711 5.217355e-15
6958.072999999711 5.1717587e-15
6960.214099999711 5.1933123e-15
6962.355199999711 5.2291698e-15
6964.496299999711 5.2791722e-15
6966.63739999971 5.332193e-15
6968.77849999971 5.2909934e-15
6970.91959999971 5.229652e-15
6973.06069999971 5.2652237e-15
6975.20179999971 5.3215463e-15
6977.3428999997095 5.3518464e-15
6979.483999999709 5.3765653e-15
6981.625099999709 5.2589027e-15
6983.766199999709 5.1106554e-15
6985.907299999709 5.0731497e-15
6988.048399999709 5.05947e-15
6990.1894999997085 5.1010276e-15
6992.330599999708 5.1544886e-15
6994.471699999708 5.1790512e-15
6996.612799999708 5.1973844e-15
6998.753899999708 5.170175e-15
7000.894999999708 5.133133e-15
7003.036099999707 5.0473647e-15
7005.177199999707 4.9510588e-15
7007.318299999707 4.908695e-15
7009.459399999707 4.8780145e-15
7011.600499999707 4.8622973e-15
7013.7415999997065 4.849826e-15
7015.882699999706 4.9033797e-15
7018.023799999706 4.9712804e-15
7020.164899999706 4.9526287e-15
7022.305999999706 4.9151395e-15
7024.447099999706 4.840255e-15
7026.5881999997055 4.757229e-15
7028.729299999705 4.8317656e-15
7030.870399999705 4.9406597e-15
7033.011499999705 4.8835985e-15
7035.152599999705 4.7902915e-15
7037.293699999705 4.8665092e-15
7039.434799999704 4.97981e-15
7041.575899999704 4.9098582e-15
7043.716999999704 4.7997567e-15
7045.858099999704 4.7517833e-15
7047.999199999704 4.717448e-15
7050.1402999997035 4.749169e-15
7052.281399999703 4.7954127e-15
7054.422499999703 4.8027687e-15
7056.563599999703 4.801561e-15
7058.704699999703 4.791261e-15
7060.845799999703 4.7789552e-15
7062.9868999997025 4.7665424e-15
7065.127999999702 4.7541054e-15
7067.269099999702 4.7491227e-15
7069.410199999702 4.7457863e-15
7071.551299999702 4.780325e-15
7073.692399999702 4.823246e-15
7075.833499999701 4.8291326e-15
7077.974599999701 4.826809e-15
7080.115699999701 4.777064e-15
7082.256799999701 4.71679e-15
7084.397899999701 4.7196083e-15
7086.5389999997005 4.7364558e-15
7088.6800999997 4.7095e-15
7090.8211999997 4.6727877e-15
7092.9622999997 4.7085664e-15
7095.1033999997 4.7605157e-15
7097.2444999997 4.7682775e-15
7099.3855999996995 4.766167e-15
7101.526699999699 4.7127202e-15
7103.667799999699 4.6478e-15
7105.808899999699 4.6953734e-15
7107.949999999699 4.768127e-15
7110.091099999699 4.760075e-15
7112.232199999698 4.733907e-15
7114.373299999698 4.743761e-15
7116.514399999698 4.761703e-15
7118.655499999698 4.7503484e-15
7120.796599999698 4.7324053e-15
7122.9376999996975 4.7413766e-15
7125.078799999697 4.75641e-15
7127.219899999697 4.7537357e-15
7129.360999999697 4.7470653e-15
7131.502099999697 4.77092e-15
7133.643199999697 4.801673e-15
7135.7842999996965 4.8350826e-15
7137.925399999696 4.869093e-15
7140.066499999696 4.8257174e-15
7142.207599999696 4.7648246e-15
7144.348699999696 4.7628222e-15
7146.489799999696 4.7741708e-15
7148.630899999695 4.812305e-15
7150.771999999695 4.856521e-15
7152.913099999695 4.8370384e-15
7155.054199999695 4.803065e-15
7157.195299999695 4.7965583e-15
7159.336399999695 4.7963092e-15
7161.477499999694 4.7387504e-15
7163.618599999694 4.6681146e-15
7165.759699999694 4.6320255e-15
7167.900799999694 4.6038316e-15
7170.041899999694 4.6520066e-15
7172.1829999996935 4.717662e-15
7174.324099999693 4.8076963e-15
7176.465199999693 4.90332e-15
7178.606299999693 4.8471215e-15
7180.747399999693 4.7561074e-15
7182.888499999693 4.7245164e-15
7185.029599999692 4.7065733e-15
7187.170699999692 4.7080446e-15
7189.311799999692 4.7139814e-15
7191.452899999692 4.6810264e-15
7193.593999999692 4.6391114e-15
7195.735099999692 4.6467906e-15
7197.876199999691 4.6659128e-15
7200.017299999691 4.6438844e-15
7202.158399999691 4.612347e-15
7204.299499999691 4.5961833e-15
7206.440599999691 4.583578e-15
7208.5816999996905 4.5977846e-15
7210.72279999969 4.618208e-15
7212.86389999969 4.6086876e-15
7215.00499999969 4.592225e-15
7217.14609999969 4.641502e-15
7219.28719999969 4.706045e-15
7221.428299999689 4.729749e-15
7223.569399999689 4.7439546e-15
7225.710499999689 4.6942223e-15
7227.851599999689 4.629597e-15
7229.992699999689 4.6551266e-15
7232.133799999689 4.701688e-15
7234.274899999688 4.668314e-15
7236.415999999688 4.616259e-15
7238.557099999688 4.551816e-15
7240.698199999688 4.484474e-15
7242.839299999688 4.4675554e-15
7244.9803999996875 4.462457e-15
7247.121499999687 4.4974925e-15
7249.262599999687 4.5419508e-15
7251.403699999687 4.575322e-15
7253.544799999687 4.606087e-15
7255.685899999687 4.561872e-15
7257.826999999686 4.500027e-15
7259.968099999686 4.494416e-15
7262.109199999686 4.5020517e-15
7264.250299999686 4.523509e-15
7266.391399999686 4.5482273e-15
7268.532499999686 4.5286748e-15
7270.673599999685 4.4986623e-15
7272.814699999685 4.490487e-15
7274.955799999685 4.4874793e-15
7277.096899999685 4.470748e-15
7279.237999999685 4.4507634e-15
7281.3790999996845 4.412397e-15
7283.520199999684 4.369668e-15
7285.661299999684 4.3755524e-15
7287.802399999684 4.3929784e-15
7289.943499999684 4.402742e-15
7292.084599999684 4.4106844e-15
7294.2256999996835 4.4127956e-15
7296.366799999683 4.4135185e-15
7298.507899999683 4.4573872e-15
7300.648999999683 4.5115457e-15
7302.790099999683 4.5154606e-15
7304.931199999683 4.5073753e-15
7307.072299999682 4.474436e-15
7309.213399999682 4.4355516e-15
7311.354499999682 4.4171193e-15
7313.495599999682 4.4035883e-15
7315.636699999682 4.4409925e-15
7317.7777999996815 4.4906206e-15
7319.918899999681 4.407915e-15
7322.059999999681 4.293402e-15
7324.201099999681 4.3048014e-15
7326.342199999681 4.3465098e-15
7328.483299999681 4.351642e-15
7330.6243999996805 4.3479696e-15
7332.76549999968 4.367035e-15
7334.90659999968 4.3915817e-15
7337.04769999968 4.4202677e-15
7339.18879999968 4.4499537e-15
7341.32989999968 4.4159355e-15
7343.470999999679 4.3665095e-15
7345.612099999679 4.328732e-15
7347.753199999679 4.2937756e-15
7349.894299999679 4.2860735e-15
7352.035399999679 4.2849834e-15
7354.1764999996785 4.260797e-15
7356.317599999678 4.230999e-15
7358.458699999678 4.200328e-15
7360.599799999678 4.169444e-15
7362.740899999678 4.2123173e-15
7364.881999999678 4.2731635e-15
7367.0230999996775 4.2593285e-15
7369.164199999677 4.2272907e-15
7371.305299999677 4.2561517e-15
7373.446399999677 4.299878e-15
7375.587499999677 4.35518e-15
7377.728599999677 4.4133123e-15
7379.869699999676 4.4166263e-15
7382.010799999676 4.4065195e-15
7384.151899999676 4.3597302e-15
7386.292999999676 4.3039468e-15
7388.434099999676 4.300428e-15
7390.5751999996755 4.3097426e-15
7392.716299999675 4.3072104e-15
7394.857399999675 4.301764e-15
7396.998499999675 4.2238628e-15
7399.139599999675 4.128112e-15
7401.280699999675 4.155993e-15
7403.4217999996745 4.2143303e-15
7405.562899999674 4.2696784e-15
7407.703999999674 4.3242883e-15
7409.845099999674 4.316038e-15
7411.986199999674 4.2922573e-15
7414.127299999674 4.3099014e-15
7416.268399999673 4.3377963e-15
7418.409499999673 4.3445773e-15
7420.550599999673 4.346125e-15
7422.691699999673 4.337572e-15
7424.832799999673 4.3265113e-15
7426.9738999996725 4.3508614e-15
7429.114999999672 4.3840147e-15
7431.256099999672 4.3972297e-15
7433.397199999672 4.405481e-15
7435.538299999672 4.407575e-15
7437.679399999672 4.408134e-15
7439.8204999996715 4.45048e-15
7441.961599999671 4.5032447e-15
7444.102699999671 4.4835614e-15
7446.243799999671 4.445783e-15
7448.384899999671 4.431756e-15
7450.525999999671 4.4236702e-15
7452.66709999967 4.4773518e-15
7454.80819999967 4.5465057e-15
7456.94929999967 4.5351127e-15
7459.09039999967 4.5035132e-15
7461.23149999967 4.4421986e-15
7463.37259999967 4.3734187e-15
7465.513699999669 4.339515e-15
7467.654799999669 4.3143856e-15
7469.795899999669 4.346332e-15
7471.936999999669 4.3926587e-15
7474.078099999669 4.383753e-15
7476.2191999996685 4.360927e-15
7478.360299999668 4.343261e-15
7480.501399999668 4.3268976e-15
7482.642499999668 4.318237e-15
7484.783599999668 4.3115243e-15
7486.924699999668 4.271203e-15
7489.065799999667 4.222375e-15
7491.206899999667 4.232475e-15
7493.347999999667 4.2575137e-15
7495.489099999667 4.2389904e-15
7497.630199999667 4.2094077e-15
7499.771299999667 4.1623716e-15
7501.912399999666 4.1108965e-15
7504.053499999666 4.069032e-15
7506.194599999666 4.0296144e-15
7508.335699999666 4.0295987e-15
7510.476799999666 4.0396323e-15
7512.6178999996655 4.032943e-15
7514.758999999665 4.021988e-15
7516.900099999665 3.9605575e-15
7519.041199999665 3.8862346e-15
7521.182299999665 3.8240446e-15
7523.323399999665 3.7649585e-15
7525.464499999664 3.7658733e-15
7527.605599999664 3.7821614e-15
7529.746699999664 3.8439562e-15
7531.887799999664 3.9174274e-15
7534.028899999664 3.969885e-15
7536.169999999664 4.0169432e-15
7538.311099999663 4.0535016e-15
7540.452199999663 4.087358e-15
7542.593299999663 4.132256e-15
7544.734399999663 4.179999e-15
7546.875499999663 4.181493e-15
7549.0165999996625 4.171051e-15
7551.157699999662 4.1784627e-15
7553.298799999662 4.190483e-15
7555.439899999662 4.2231e-15
7557.580999999662 4.261042e-15
7559.722099999662 4.2325127e-15
7561.863199999661 4.186776e-15
7564.004299999661 4.1812583e-15
7566.145399999661 4.1861677e-15
7568.286499999661 4.181088e-15
7570.427599999661 4.173415e-15
7572.568699999661 4.2100735e-15
7574.70979999966 4.2582582e-15
7576.85089999966 4.295201e-15
7578.99199999966 4.3292167e-15
7581.13309999966 4.3555213e-15
7583.27419999966 4.3798147e-15
7585.4152999996595 4.407966e-15
7587.556399999659 4.437123e-15
7589.697499999659 4.414009e-15
7591.838599999659 4.377243e-15
7593.979699999659 4.353208e-15
7596.120799999659 4.3325024e-15
7598.261899999658 4.404365e-15
7600.402999999658 4.500474e-15
7602.544099999658 4.5633616e-15
7604.685199999658 4.6175328e-15
7606.826299999658 4.5276922e-15
7608.967399999658 4.4000134e-15
7611.108499999657 4.2729356e-15
7613.249599999657 4.146016e-15
7615.390699999657 4.0920585e-15
7617.531799999657 4.057326e-15
7619.672899999657 4.081771e-15
7621.8139999996565 4.1218305e-15
7623.955099999656 4.1250704e-15
7626.096199999656 4.118581e-15
7628.237299999656 4.0546993e-15
7630.378399999656 3.9756487e-15
7632.519499999656 4.0257096e-15
7634.6605999996555 4.109943e-15
7636.801699999655 4.1139336e-15
7638.942799999655 4.0966554e-15
7641.083899999655 4.071951e-15
7643.224999999655 4.045275e-15
7645.366099999655 4.0687825e-15
7647.507199999654 4.1056276e-15
7649.648299999654 4.156639e-15
7651.789399999654 4.2114203e-15
7653.930499999654 4.1411466e-15
7656.071599999654 4.0375392e-15
7658.2126999996535 3.951971e-15
7660.353799999653 3.871213e-15
7662.494899999653 3.9161925e-15
7664.635999999653 3.9947438e-15
7666.777099999653 4.064883e-15
7668.918199999653 4.1327737e-15
7671.0592999996525 4.123721e-15
7673.200399999652 4.0940673e-15
7675.341499999652 4.0494756e-15
7677.482599999652 4.000879e-15
7679.623699999652 4.0452765e-15
7681.764799999652 4.114643e-15
7683.905899999651 4.149366e-15
7686.046999999651 4.174771e-15
7688.188099999651 4.091371e-15
7690.329199999651 3.9786675e-15
7692.470299999651 3.930431e-15
7694.6113999996505 3.8995817e-15
7696.75249999965 3.9040227e-15
7698.89359999965 3.9179945e-15
7701.03469999965 3.9765575e-15
7703.17579999965 4.047164e-15
7705.31689999965 4.043441e-15
7707.4579999996495 4.0196148e-15
7709.599099999649 4.0286975e-15
7711.740199999649 4.0466957e-15
7713.881299999649 4.057651e-15
7716.022399999649 4.0666962e-15
7718.163499999649 4.061173e-15
7720.304599999648 4.0516923e-15
7722.445699999648 4.0902637e-15
7724.586799999648 4.1419073e-15
7726.727899999648 4.143147e-15
7728.868999999648 4.1306553e-15
7731.0100999996475 4.078713e-15
7733.151199999647 4.016009e-15
7735.292299999647 4.07324e-15
7737.433399999647 4.1631974e-15
7739.574499999647 4.253685e-15
7741.715599999647 4.3443172e-15
7743.8566999996465 4.3363365e-15
7745.997799999646 4.3013722e-15
7748.138899999646 4.29669e-15
7750.279999999646 4.3003045e-15
7752.421099999646 4.3207536e-15
7754.562199999646 4.345822e-15
7756.703299999645 4.3362937e-15
7758.844399999645 4.3172587e-15
7760.985499999645 4.3435816e-15
7763.126599999645 4.382388e-15
7765.267699999645 4.4105323e-15
7767.4087999996445 4.4357375e-15
7769.549899999644 4.4435158e-15
7771.690999999644 4.446484e-15
7773.832099999644 4.4294275e-15
7775.973199999644 4.4068443e-15
