3300.916 7.580006e-15
3302.3896 8.496939e-15
3303.8632 9.4138725e-15
3305.3367999999996 9.012935e-15
3306.8103999999994 8.611461e-15
3308.283999999999 8.040329e-15
3309.757599999999 7.4690925e-15
3311.231199999999 7.261319e-15
3312.7047999999986 7.053842e-15
3314.1783999999984 7.422689e-15
3315.651999999998 7.792201e-15
3317.125599999998 8.053141e-15
3318.599199999998 8.313927e-15
3320.0727999999976 7.588839e-15
3321.5463999999974 6.8620087e-15
3323.0199999999973 7.232768e-15
3324.493599999997 7.605692e-15
3325.967199999997 8.185579e-15
3327.4407999999967 8.76596e-15
3328.9143999999965 7.431739e-15
3330.3879999999963 6.092569e-15
3331.861599999996 8.000892e-15
3333.335199999996 9.9182755e-15
3334.8087999999957 8.174148e-15
3336.2823999999955 6.4185548e-15
3337.7559999999953 6.0121e-15
3339.229599999995 5.6102384e-15
3340.703199999995 5.581985e-15
3342.1767999999947 5.555131e-15
3343.6503999999945 5.7890268e-15
3345.1239999999943 6.023953e-15
3346.597599999994 6.866691e-15
3348.071199999994 7.712081e-15
3349.5447999999938 5.583186e-15
3351.0183999999936 3.4407056e-15
3352.4919999999934 4.064606e-15
3353.965599999993 4.7017105e-15
3355.439199999993 5.351752e-15
3356.912799999993 6.00186e-15
3358.3863999999926 5.0295736e-15
3359.8599999999924 4.048543e-15
3361.333599999992 5.6506894e-15
3362.807199999992 7.267645e-15
3364.280799999992 6.4711865e-15
3365.7543999999916 5.660395e-15
3367.2279999999914 6.408773e-15
3368.7015999999912 7.167053e-15
3370.175199999991 7.6268075e-15
3371.648799999991 8.084604e-15
3373.1223999999906 6.8949905e-15
3374.5959999999905 5.694235e-15
3376.0695999999903 6.5193297e-15
3377.54319999999 7.358824e-15
3379.01679999999 7.205715e-15
3380.4903999999897 7.0452783e-15
3381.9639999999895 7.102096e-15
3383.4375999999893 7.160593e-15
3384.911199999989 6.6495597e-15
3386.384799999989 6.134008e-15
3387.8583999999887 5.7774707e-15
3389.3319999999885 5.4222607e-15
3390.8055999999883 6.9206776e-15
3392.279199999988 8.434952e-15
3393.752799999988 7.975277e-15
3395.2263999999877 7.498305e-15
3396.6999999999875 7.130159e-15
3398.1735999999873 6.7630045e-15
3399.647199999987 6.9326928e-15
3401.120799999987 7.107419e-15
3402.5943999999868 7.491682e-15
3404.0679999999866 7.877983e-15
3405.5415999999864 6.638655e-15
3407.015199999986 5.3831714e-15
3408.488799999986 5.63438e-15
3409.962399999986 5.901188e-15
3411.4359999999856 6.158827e-15
3412.9095999999854 6.4163694e-15
3414.383199999985 6.3962465e-15
3415.856799999985 6.373133e-15
3417.330399999985 6.5669516e-15
3418.8039999999846 6.7631816e-15
3420.2775999999844 6.8624653e-15
3421.7511999999842 6.960644e-15
3423.224799999984 6.639923e-15
3424.698399999984 6.3142838e-15
3426.1719999999837 6.6759334e-15
3427.6455999999835 7.0457954e-15
3429.1191999999833 7.598487e-15
3430.592799999983 8.153439e-15
3432.066399999983 7.946367e-15
3433.5399999999827 7.729713e-15
3435.0135999999825 7.75409e-15
3436.4871999999823 7.78155e-15
3437.960799999982 7.2486835e-15
3439.434399999982 6.7084594e-15
3440.9079999999817 6.6679933e-15
3442.3815999999815 6.6342297e-15
3443.8551999999813 7.1641e-15
3445.328799999981 7.701724e-15
3446.802399999981 7.534701e-15
3448.2759999999807 7.3578356e-15
3449.7495999999805 7.335817e-15
3451.2231999999804 7.316027e-15
3452.69679999998 7.434263e-15
3454.17039999998 7.554515e-15
3455.6439999999798 7.6712886e-15
3457.1175999999796 7.78801e-15
3458.5911999999794 7.7798e-15
3460.064799999979 7.769697e-15
3461.538399999979 7.7875735e-15
3463.011999999979 7.805886e-15
3464.4855999999786 8.3113795e-15
3465.9591999999784 8.824562e-15
3467.432799999978 8.514855e-15
3468.906399999978 8.191985e-15
3470.379999999978 8.128836e-15
3471.8535999999776 8.069952e-15
3473.3271999999774 8.058981e-15
3474.8007999999772 8.048805e-15
3476.274399999977 7.780571e-15
3477.747999999977 7.507992e-15
3479.2215999999767 7.787312e-15
3480.6951999999765 8.076118e-15
3482.1687999999763 7.961641e-15
3483.642399999976 7.840063e-15
3485.115999999976 7.9549955e-15
3486.5895999999757 8.0741425e-15
3488.0631999999755 8.290507e-15
3489.5367999999753 8.508625e-15
3491.010399999975 8.3621574e-15
3492.483999999975 8.208963e-15
3493.9575999999747 8.27938e-15
3495.4311999999745 8.353971e-15
3496.9047999999743 8.480592e-15
3498.378399999974 8.608196e-15
3499.851999999974 8.5419215e-15
3501.3255999999737 8.471919e-15
3502.7991999999736 8.728015e-15
3504.2727999999734 8.990518e-15
3505.746399999973 9.237196e-15
3507.219999999973 9.4835604e-15
3508.693599999973 9.658455e-15
3510.1671999999726 9.831915e-15
3511.6407999999724 9.788902e-15
3513.114399999972 9.741452e-15
3514.587999999972 1.0099619e-14
3516.061599999972 1.0466187e-14
3517.5351999999716 1.0702106e-14
3519.0087999999714 1.0935291e-14
3520.482399999971 1.0888357e-14
3521.955999999971 1.0835443e-14
3523.429599999971 1.1157209e-14
3524.9031999999706 1.1487105e-14
3526.3767999999704 1.16121475e-14
3527.8503999999703 1.1732701e-14
3529.32399999997 1.190321e-14
3530.79759999997 1.2074825e-14
3532.2711999999697 1.23473145e-14
3533.7447999999695 1.2622079e-14
3535.2183999999693 1.2464283e-14
3536.691999999969 1.229664e-14
3538.165599999969 1.25539e-14
3539.6391999999687 1.2820924e-14
3541.1127999999685 1.31637475e-14
3542.5863999999683 1.3508345e-14
3544.059999999968 1.3432498e-14
3545.533599999968 1.3346662e-14
3547.0071999999677 1.36158336e-14
3548.4807999999675 1.3893516e-14
3549.9543999999673 1.3725228e-14
3551.427999999967 1.35461515e-14
3552.901599999967 1.4055168e-14
3554.3751999999668 1.4581122e-14
3555.8487999999666 1.4557144e-14
3557.3223999999664 1.4519514e-14
3558.795999999966 1.479492e-14
3560.269599999966 1.5078164e-14
3561.743199999966 1.4881703e-14
3563.2167999999656 1.4673023e-14
3564.6903999999654 1.4780528e-14
3566.163999999965 1.4896201e-14
3567.637599999965 1.507947e-14
3569.111199999965 1.52645e-14
3570.5847999999646 1.5487157e-14
3572.0583999999644 1.5710804e-14
3573.5319999999642 1.5837661e-14
3575.005599999964 1.5961936e-14
3576.479199999964 1.6209881e-14
3577.9527999999636 1.6461152e-14
3579.4263999999635 1.6555205e-14
3580.8999999999633 1.6644995e-14
3582.373599999963 1.6646115e-14
3583.847199999963 1.664479e-14
3585.3207999999627 1.6673542e-14
3586.7943999999625 1.6703132e-14
3588.2679999999623 1.6979724e-14
3589.741599999962 1.7263262e-14
3591.215199999962 1.7304363e-14
3592.6887999999617 1.7338597e-14
3594.1623999999615 1.7502545e-14
3595.6359999999613 1.7670225e-14
3597.109599999961 1.7766479e-14
3598.583199999961 1.7860662e-14
3600.0567999999607 1.7931559e-14
3601.5303999999605 1.8001776e-14
3603.0039999999603 1.799473e-14
3604.47759999996 1.7985394e-14
3605.95119999996 1.827554e-14
3607.4247999999598 1.8574667e-14
3608.8983999999596 1.8458196e-14
3610.3719999999594 1.8329173e-14
3611.845599999959 1.8057784e-14
3613.319199999959 1.7782064e-14
3614.792799999959 1.7689063e-14
3616.2663999999586 1.76017e-14
3617.7399999999584 1.7372353e-14
3619.213599999958 1.7138595e-14
3620.687199999958 1.703939e-14
3622.160799999958 1.6944394e-14
3623.6343999999576 1.6734683e-14
3625.1079999999574 1.652133e-14
3626.5815999999572 1.670241e-14
3628.055199999957 1.689614e-14
3629.528799999957 1.696296e-14
3631.0023999999567 1.702568e-14
3632.4759999999565 1.6916334e-14
3633.9495999999563 1.6801393e-14
3635.423199999956 1.6808053e-14
3636.896799999956 1.6818718e-14
3638.3703999999557 1.6657738e-14
3639.8439999999555 1.6491067e-14
3641.3175999999553 1.6469471e-14
3642.791199999955 1.6452717e-14
3644.264799999955 1.661335e-14
3645.7383999999547 1.677998e-14
3647.2119999999545 1.692663e-14
3648.6855999999543 1.7072596e-14
3650.159199999954 1.7115612e-14
3651.632799999954 1.7155085e-14
3653.1063999999537 1.7134487e-14
3654.5799999999535 1.711181e-14
3656.0535999999533 1.7170339e-14
3657.527199999953 1.7231713e-14
3659.000799999953 1.7591124e-14
3660.4743999999528 1.7961047e-14
3661.9479999999526 1.7995288e-14
3663.4215999999524 1.8017617e-14
3664.895199999952 1.7914544e-14
3666.368799999952 1.7806965e-14
3667.842399999952 1.7838119e-14
3669.3159999999516 1.7874306e-14
3670.7895999999514 1.822087e-14
3672.263199999951 1.8578763e-14
3673.736799999951 1.840808e-14
3675.210399999951 1.8217986e-14
3676.6839999999506 1.8229543e-14
3678.1575999999504 1.8248595e-14
3679.6311999999502 1.858782e-14
3681.10479999995 1.8939013e-14
3682.57839999995 1.911367e-14
3684.0519999999497 1.9281685e-14
3685.5255999999495 1.9477926e-14
3686.9991999999493 1.9675239e-14
3688.472799999949 1.9698322e-14
3689.946399999949 1.9714714e-14
3691.4199999999487 2.0109882e-14
3692.8935999999485 2.0519681e-14
3694.3671999999483 2.0158373e-14
3695.840799999948 1.976711e-14
3697.314399999948 1.9625433e-14
3698.7879999999477 1.949356e-14
3700.2615999999475 1.9484993e-14
3701.7351999999473 1.9481297e-14
3703.208799999947 1.9496452e-14
3704.682399999947 1.9512358e-14
3706.1559999999467 1.9082197e-14
3707.6295999999465 1.8634122e-14
3709.1031999999464 1.8330625e-14
3710.576799999946 1.8032986e-14
3712.050399999946 1.7897727e-14
3713.5239999999458 1.7769083e-14
3714.9975999999456 1.7325657e-14
3716.4711999999454 1.6869334e-14
3717.944799999945 1.63966e-14
3719.418399999945 1.5923186e-14
3720.891999999945 1.5603382e-14
3722.3655999999446 1.5289971e-14
3723.8391999999444 1.5114266e-14
3725.312799999944 1.4944345e-14
3726.786399999944 1.4691963e-14
3728.259999999944 1.4436093e-14
3729.7335999999436 1.4158095e-14
3731.2071999999434 1.3879153e-14
3732.6807999999432 1.3499808e-14
3734.154399999943 1.3116156e-14
3735.627999999943 1.2988419e-14
3737.1015999999427 1.2871714e-14
3738.5751999999425 1.2614991e-14
3740.0487999999423 1.235217e-14
3741.522399999942 1.2296464e-14
3742.995999999942 1.2249824e-14
3744.4695999999417 1.2343303e-14
3745.9431999999415 1.24429665e-14
3747.4167999999413 1.2288284e-14
3748.890399999941 1.21222985e-14
3750.363999999941 1.2066926e-14
3751.8375999999407 1.2016509e-14
3753.3111999999405 1.1904341e-14
3754.7847999999403 1.1789392e-14
3756.25839999994 1.1991914e-14
3757.73199999994 1.22088026e-14
3759.2055999999397 1.2135147e-14
3760.6791999999396 1.2048215e-14
3762.1527999999394 1.1875547e-14
3763.626399999939 1.1698941e-14
3765.099999999939 1.179207e-14
3766.573599999939 1.1897705e-14
3768.0471999999386 1.18744626e-14
3769.5207999999384 1.18452145e-14
3770.994399999938 1.2097873e-14
3772.467999999938 1.236377e-14
3773.941599999938 1.21790725e-14
3775.4151999999376 1.1973114e-14
3776.8887999999374 1.1968383e-14
3778.362399999937 1.1973191e-14
3779.835999999937 1.1997416e-14
3781.309599999937 1.20225705e-14
3782.7831999999366 1.1794905e-14
3784.2567999999364 1.1555085e-14
3785.7303999999363 1.1450724e-14
3787.203999999936 1.1352937e-14
3788.677599999936 1.1279569e-14
3790.1511999999357 1.1207393e-14
3791.6247999999355 1.1041189e-14
3793.0983999999353 1.0870365e-14
3794.571999999935 1.08317896e-14
3796.045599999935 1.079974e-14
3797.5191999999347 1.08346085e-14
3798.9927999999345 1.0872794e-14
3800.4663999999343 1.0713097e-14
3801.939999999934 1.0543502e-14
3803.413599999934 1.0541652e-14
3804.8871999999337 1.0548231e-14
3806.3607999999335 1.0617939e-14
3807.8343999999333 1.06908475e-14
3809.307999999933 1.0564456e-14
3810.781599999933 1.0427916e-14
3812.2551999999328 1.0359042e-14
3813.7287999999326 1.0293638e-14
3815.2023999999324 1.0441166e-14
3816.675999999932 1.0599663e-14
3818.149599999932 1.0531396e-14
3819.623199999932 1.04513955e-14
3821.0967999999316 1.04216494e-14
3822.5703999999314 1.0394526e-14
3824.043999999931 1.0430922e-14
3825.517599999931 1.0470647e-14
3826.991199999931 1.0449494e-14
3828.4647999999306 1.0425122e-14
3829.9383999999304 1.0320994e-14
3831.4119999999302 1.02126305e-14
3832.88559999993 1.0456555e-14
3834.35919999993 1.0719318e-14
3835.8327999999296 1.0930276e-14
3837.3063999999295 1.1138452e-14
3838.7799999999293 1.1253642e-14
3840.253599999929 1.1363816e-14
3841.727199999929 1.1475996e-14
3843.2007999999287 1.1588285e-14
3844.6743999999285 1.1833732e-14
3846.1479999999283 1.20864495e-14
3847.621599999928 1.2246514e-14
3849.095199999928 1.2401478e-14
3850.5687999999277 1.2581787e-14
3852.0423999999275 1.27634965e-14
3853.5159999999273 1.2985832e-14
3854.989599999927 1.32104275e-14
3856.463199999927 1.3533416e-14
3857.9367999999267 1.3861905e-14
3859.4103999999265 1.3977076e-14
3860.8839999999263 1.4080276e-14
3862.357599999926 1.4380314e-14
3863.831199999926 1.4691487e-14
3865.3047999999258 1.506028e-14
3866.7783999999256 1.5432344e-14
3868.2519999999254 1.56446e-14
3869.725599999925 1.5847707e-14
3871.199199999925 1.6285765e-14
3872.672799999925 1.6737327e-14
3874.1463999999246 1.6994274e-14
3875.6199999999244 1.7239961e-14
3877.093599999924 1.7717251e-14
3878.567199999924 1.8207995e-14
3880.040799999924 1.8539327e-14
3881.5143999999236 1.8861365e-14
3882.9879999999234 1.9216567e-14
3884.4615999999232 1.9573718e-14
3885.935199999923 1.9928266e-14
3887.408799999923 2.0282661e-14
3888.8823999999227 2.0718112e-14
3890.3559999999225 2.1158382e-14
3891.8295999999223 2.1657475e-14
3893.303199999922 2.2160081e-14
3894.776799999922 2.2588914e-14
3896.2503999999217 2.3013316e-14
3897.7239999999215 2.3561016e-14
3899.1975999999213 2.4116151e-14
3900.671199999921 2.434951e-14
3902.144799999921 2.4563395e-14
3903.6183999999207 2.5091416e-14
3905.0919999999205 2.5638596e-14
3906.5655999999203 2.6072868e-14
3908.03919999992 2.6500229e-14
3909.51279999992 2.6827593e-14
3910.9863999999197 2.7148792e-14
3912.4599999999195 2.7471542e-14
3913.9335999999194 2.7794387e-14
3915.407199999919 2.8119878e-14
3916.880799999919 2.844553e-14
3918.3543999999188 2.8646268e-14
3919.8279999999186 2.88392e-14
3921.3015999999184 2.890338e-14
3922.775199999918 2.8959484e-14
3924.248799999918 2.9067145e-14
3925.722399999918 2.917807e-14
3927.1959999999176 2.922952e-14
3928.6695999999174 2.9277203e-14
3930.143199999917 2.9368177e-14
3931.616799999917 2.946192e-14
3933.090399999917 2.939614e-14
3934.5639999999166 2.932013e-14
3936.0375999999164 2.937178e-14
3937.5111999999162 2.943166e-14
3938.984799999916 2.9565014e-14
3940.458399999916 2.9703125e-14
3941.9319999999157 2.9985363e-14
3943.4055999999155 3.0276966e-14
3944.8791999999153 3.032644e-14
3946.352799999915 3.036007e-14
3947.826399999915 3.042184e-14
3949.2999999999147 3.048545e-14
3950.7735999999145 3.0584696e-14
3952.2471999999143 3.0686296e-14
3953.720799999914 3.0705422e-14
3955.194399999914 3.071907e-14
3956.6679999999137 3.0765643e-14
3958.1415999999135 3.081441e-14
3959.6151999999133 3.0913538e-14
3961.088799999913 3.1016036e-14
3962.562399999913 3.125676e-14
3964.0359999999127 3.1506773e-14
3965.5095999999126 3.136936e-14
3966.9831999999124 3.120573e-14
3968.456799999912 3.1356967e-14
3969.930399999912 3.1529585e-14
3971.403999999912 3.1601735e-14
3972.8775999999116 3.1667018e-14
3974.3511999999114 3.1818305e-14
3975.824799999911 3.197549e-14
3977.298399999911 3.2011574e-14
3978.771999999911 3.2039302e-14
3980.2455999999106 3.18462e-14
3981.7191999999104 3.163781e-14
3983.19279999991 3.125654e-14
3984.66639999991 3.086326e-14
3986.13999999991 3.0626147e-14
3987.6135999999096 3.0399945e-14
3989.0871999999094 2.995654e-14
3990.5607999999092 2.9497895e-14
3992.034399999909 2.8939992e-14
3993.507999999909 2.8375082e-14
3994.9815999999087 2.8064655e-14
3996.4551999999085 2.7772257e-14
3997.9287999999083 2.723139e-14
3999.402399999908 2.6672859e-14
4000.875999999908 2.6392181e-14
4002.3495999999077 2.6131363e-14
4003.8231999999075 2.567365e-14
4005.2967999999073 2.5201815e-14
4006.770399999907 2.4867637e-14
4008.243999999907 2.4543395e-14
4009.7175999999067 2.438116e-14
4011.1911999999065 2.4230656e-14
4012.6647999999063 2.3972227e-14
4014.138399999906 2.370593e-14
4015.611999999906 2.3521426e-14
4017.0855999999058 2.3342903e-14
4018.5591999999056 2.3093237e-14
4020.0327999999054 2.2838353e-14
4021.506399999905 2.2782655e-14
4022.979999999905 2.2741645e-14
4024.453599999905 2.2480564e-14
4025.9271999999046 2.2203207e-14
4027.4007999999044 2.2090834e-14
4028.874399999904 2.1990744e-14
4030.347999999904 2.1966842e-14
4031.821599999904 2.194863e-14
4033.2951999999036 2.1940508e-14
4034.7687999999034 2.1933146e-14
4036.2423999999032 2.2172077e-14
4037.715999999903 2.2429576e-14
4039.189599999903 2.245968e-14
4040.6631999999026 2.247259e-14
4042.1367999999025 2.2489392e-14
4043.6103999999023 2.2506489e-14
4045.083999999902 2.2596886e-14
4046.557599999902 2.2692872e-14
4048.0311999999017 2.2874257e-14
4049.5047999999015 2.3062193e-14
4050.9783999999013 2.3195132e-14
4052.451999999901 2.3323838e-14
4053.925599999901 2.3604069e-14
4055.3991999999007 2.3896033e-14
4056.8727999999005 2.4078755e-14
4058.3463999999003 2.4252991e-14
4059.8199999999 2.4332883e-14
4061.2935999999 2.4405425e-14
4062.7671999998997 2.4633951e-14
4064.2407999998995 2.4874688e-14
4065.7143999998993 2.5088557e-14
4067.187999999899 2.5300315e-14
4068.661599999899 2.5405332e-14
4070.1351999998988 2.5501914e-14
4071.6087999998986 2.581154e-14
4073.0823999998984 2.613805e-14
4074.555999999898 2.6268899e-14
4076.029599999898 2.6384151e-14
4077.503199999898 2.6404533e-14
4078.9767999998976 2.6417326e-14
4080.4503999998974 2.6477892e-14
4081.923999999897 2.6542289e-14
4083.397599999897 2.6578393e-14
4084.871199999897 2.6612217e-14
4086.3447999998966 2.6644514e-14
4087.8183999998964 2.6676688e-14
4089.2919999998962 2.6749875e-14
4090.765599999896 2.6826394e-14
4092.239199999896 2.6945165e-14
4093.7127999998957 2.7067378e-14
4095.1863999998955 2.6883374e-14
4096.659999999895 2.6674253e-14
4098.1335999998955 2.6745006e-14
4099.607199999896 2.6838778e-14
4101.080799999896 2.6900913e-14
4102.554399999896 2.6960432e-14
4104.027999999897 2.6863599e-14
4105.501599999897 2.6753829e-14
4106.975199999897 2.6693745e-14
4108.448799999897 2.6637794e-14
4109.922399999898 2.6592003e-14
4111.395999999898 2.6547061e-14
4112.869599999898 2.6548274e-14
4114.343199999898 2.6553368e-14
4115.816799999899 2.6609926e-14
4117.290399999899 2.667081e-14
4118.763999999899 2.6525531e-14
4120.237599999899 2.636282e-14
4121.7111999999 2.6259436e-14
4123.1847999999 2.6161092e-14
4124.6583999999 2.6103562e-14
4126.1319999999005 2.6049502e-14
4127.605599999901 2.5993927e-14
4129.079199999901 2.5938222e-14
4130.552799999901 2.5843556e-14
4132.0263999999015 2.5745543e-14
4133.499999999902 2.5768494e-14
4134.973599999902 2.5801898e-14
4136.447199999902 2.57869e-14
4137.920799999903 2.576772e-14
4139.394399999903 2.5665422e-14
4140.867999999903 2.5555904e-14
4142.341599999903 2.558031e-14
4143.815199999904 2.5616406e-14
4145.288799999904 2.5563419e-14
4146.762399999904 2.5502648e-14
4148.235999999904 2.557721e-14
4149.709599999905 2.5663652e-14
4151.183199999905 2.5665684e-14
4152.656799999905 2.5660267e-14
4154.130399999905 2.555742e-14
4155.603999999906 2.5445925e-14
4157.077599999906 2.5454765e-14
4158.551199999906 2.5474282e-14
4160.0247999999065 2.5483417e-14
4161.498399999907 2.5491624e-14
4162.971999999907 2.5505392e-14
4164.445599999907 2.551966e-14
4165.9191999999075 2.5552011e-14
4167.392799999908 2.5585984e-14
4168.866399999908 2.5518626e-14
4170.339999999908 2.5442139e-14
4171.813599999909 2.5408796e-14
4173.287199999909 2.5379362e-14
4174.760799999909 2.5404612e-14
4176.234399999909 2.5434843e-14
4177.70799999991 2.5573371e-14
4179.18159999991 2.5721765e-14
4180.65519999991 2.574986e-14
4182.12879999991 2.5766942e-14
4183.602399999911 2.5680804e-14
4185.075999999911 2.5585176e-14
4186.549599999911 2.5536624e-14
4188.023199999911 2.5492405e-14
4189.496799999912 2.5536935e-14
4190.970399999912 2.5589672e-14
4192.443999999912 2.5700298e-14
4193.917599999912 2.5816304e-14
4195.391199999913 2.5733025e-14
4196.864799999913 2.563113e-14
4198.338399999913 2.5736864e-14
4199.8119999999135 2.5861993e-14
4201.285599999914 2.5866689e-14
4202.759199999914 2.5860073e-14
4204.232799999914 2.5894341e-14
4205.7063999999145 2.5932463e-14
4207.179999999915 2.594676e-14
4208.653599999915 2.595881e-14
4210.127199999915 2.5966722e-14
4211.600799999916 2.5974242e-14
4213.074399999916 2.5873641e-14
4214.547999999916 2.5762737e-14
4216.021599999916 2.5759046e-14
4217.495199999917 2.5765624e-14
4218.968799999917 2.5706188e-14
4220.442399999917 2.564043e-14
4221.915999999917 2.5496247e-14
4223.389599999918 2.5344517e-14
4224.863199999918 2.537417e-14
4226.336799999918 2.5421356e-14
4227.810399999918 2.53264e-14
4229.283999999919 2.5217633e-14
4230.757599999919 2.5055063e-14
4232.231199999919 2.4887263e-14
4233.7047999999195 2.4847674e-14
4235.17839999992 2.4820606e-14
4236.65199999992 2.4664046e-14
4238.12559999992 2.4494777e-14
4239.5991999999205 2.4270098e-14
4241.072799999921 2.4039983e-14
4242.546399999921 2.3865695e-14
4244.019999999921 2.3696916e-14
4245.493599999922 2.3609803e-14
4246.967199999922 2.3530779e-14
4248.440799999922 2.3410896e-14
4249.914399999922 2.3286945e-14
4251.387999999923 2.3125367e-14
4252.861599999923 2.2960041e-14
4254.335199999923 2.2767487e-14
4255.808799999923 2.2572208e-14
4257.282399999924 2.2430581e-14
4258.755999999924 2.229435e-14
4260.229599999924 2.2157747e-14
4261.703199999924 2.2021108e-14
4263.176799999925 2.188873e-14
4264.650399999925 2.1756783e-14
4266.123999999925 2.1565113e-14
4267.5975999999255 2.1367385e-14
4269.071199999926 2.1292364e-14
4270.544799999926 2.1229847e-14
4272.018399999926 2.1095039e-14
4273.4919999999265 2.0952854e-14
4274.965599999927 2.084746e-14
4276.439199999927 2.0745832e-14
4277.912799999927 2.0682374e-14
4279.386399999928 2.0622845e-14
4280.859999999928 2.0510584e-14
4282.333599999928 2.0392898e-14
4283.807199999928 2.0298814e-14
4285.280799999929 2.0207172e-14
4286.754399999929 2.0180602e-14
4288.227999999929 2.016079e-14
4289.701599999929 2.0077476e-14
4291.17519999993 1.9987538e-14
4292.64879999993 1.9876577e-14
4294.12239999993 1.9763418e-14
4295.59599999993 1.9804726e-14
4297.069599999931 1.9862223e-14
4298.543199999931 1.9715588e-14
4300.016799999931 1.9547454e-14
4301.4903999999315 1.9389123e-14
4302.963999999932 1.9231825e-14
4304.437599999932 1.923473e-14
4305.911199999932 1.9254587e-14
4307.3847999999325 1.9198452e-14
4308.858399999933 1.9134244e-14
4310.331999999933 1.9037913e-14
4311.805599999933 1.8938152e-14
4313.279199999934 1.8777799e-14
4314.752799999934 1.8610976e-14
4316.226399999934 1.8389277e-14
4317.699999999934 1.8161694e-14
4319.173599999935 1.8039508e-14
4320.647199999935 1.7928675e-14
4322.120799999935 1.7776005e-14
4323.594399999935 1.7618826e-14
4325.067999999936 1.7389061e-14
4326.541599999936 1.7151441e-14
4328.015199999936 1.7005782e-14
4329.488799999936 1.6870113e-14
4330.962399999937 1.6754918e-14
4332.435999999937 1.6641956e-14
4333.909599999937 1.6447972e-14
4335.3831999999375 1.624514e-14
4336.856799999938 1.6111863e-14
4338.330399999938 1.5986214e-14
4339.803999999938 1.5905281e-14
4341.2775999999385 1.5829275e-14
4342.751199999939 1.5753535e-14
4344.224799999939 1.5677824e-14
4345.698399999939 1.5759751e-14
4347.1719999999395 1.585912e-14
4348.64559999994 1.5798694e-14
4350.11919999994 1.5720523e-14
4351.59279999994 1.5702539e-14
4353.066399999941 1.5691268e-14
4354.539999999941 1.5730847e-14
4356.013599999941 1.5776102e-14
4357.487199999941 1.5809626e-14
4358.960799999942 1.5841835e-14
4360.434399999942 1.5796075e-14
4361.907999999942 1.5741536e-14
4363.381599999942 1.5723776e-14
4364.855199999943 1.5710152e-14
4366.328799999943 1.5615725e-14
4367.802399999943 1.551216e-14
4369.275999999943 1.5528303e-14
4370.749599999944 1.5558032e-14
4372.223199999944 1.5493076e-14
4373.696799999944 1.5417324e-14
4375.1703999999445 1.5417335e-14
4376.643999999945 1.542599e-14
4378.117599999945 1.5373335e-14
4379.591199999945 1.5313658e-14
4381.0647999999455 1.523792e-14
4382.538399999946 1.5160333e-14
4384.011999999946 1.5122321e-14
4385.485599999946 1.5088864e-14
4386.959199999947 1.5013195e-14
4388.432799999947 1.4932649e-14
4389.906399999947 1.4875459e-14
4391.379999999947 1.4820978e-14
4392.853599999948 1.4716762e-14
4394.327199999948 1.4606753e-14
4395.800799999948 1.4576126e-14
4397.274399999948 1.4554747e-14
4398.747999999949 1.4471043e-14
4400.221599999949 1.4380048e-14
4401.695199999949 1.430718e-14
4403.168799999949 1.423644e-14
4404.64239999995 1.4255199e-14
4406.11599999995 1.4284469e-14
4407.58959999995 1.4246794e-14
4409.0631999999505 1.4201222e-14
4410.536799999951 1.41622875e-14
4412.010399999951 1.4124139e-14
4413.483999999951 1.4180144e-14
4414.9575999999515 1.4247345e-14
4416.431199999952 1.4252696e-14
4417.904799999952 1.4250689e-14
4419.378399999952 1.4291667e-14
4420.851999999953 1.4337778e-14
4422.325599999953 1.4429972e-14
4423.799199999953 1.4527694e-14
4425.272799999953 1.4544538e-14
4426.746399999954 1.4551682e-14
4428.219999999954 1.4693247e-14
4429.693599999954 1.4851e-14
4431.167199999954 1.4926635e-14
4432.640799999955 1.4992344e-14
4434.114399999955 1.5040578e-14
4435.587999999955 1.5086688e-14
4437.061599999955 1.5141676e-14
4438.535199999956 1.5197743e-14
4440.008799999956 1.5234602e-14
4441.482399999956 1.5269122e-14
4442.9559999999565 1.5368296e-14
4444.429599999957 1.5475385e-14
4445.903199999957 1.564522e-14
4447.376799999957 1.5822735e-14
4448.8503999999575 1.5963442e-14
4450.323999999958 1.6099625e-14
4451.797599999958 1.6201216e-14
4453.271199999958 1.629854e-14
4454.744799999959 1.6408893e-14
4456.218399999959 1.652086e-14
4457.691999999959 1.6699238e-14
4459.165599999959 1.6885844e-14
4460.63919999996 1.6988908e-14
4462.11279999996 1.708158e-14
4463.58639999996 1.72252e-14
4465.05999999996 1.7375183e-14
4466.533599999961 1.7543967e-14
4468.007199999961 1.77151e-14
4469.480799999961 1.7808114e-14
4470.954399999961 1.789133e-14
4472.427999999962 1.7989899e-14
4473.901599999962 1.80904e-14
4475.375199999962 1.812901e-14
4476.8487999999625 1.8159804e-14
4478.322399999963 1.8252645e-14
4479.795999999963 1.8353334e-14
4481.269599999963 1.8422916e-14
4482.7431999999635 1.8488552e-14
4484.216799999964 1.8529049e-14
4485.690399999964 1.8566344e-14
4487.163999999964 1.8640275e-14
4488.637599999965 1.871887e-14
4490.111199999965 1.8791028e-14
4491.584799999965 1.8862362e-14
4493.058399999965 1.8901776e-14
4494.531999999966 1.8937095e-14
4496.005599999966 1.9038253e-14
4497.479199999966 1.9147895e-14
4498.952799999966 1.9227321e-14
4500.426399999967 1.9302853e-14
4501.899999999967 1.9401207e-14
4503.373599999967 1.9502513e-14
4504.847199999967 1.9517882e-14
4506.320799999968 1.9522087e-14
4507.794399999968 1.963103e-14
4509.267999999968 1.9753577e-14
4510.7415999999685 1.9895877e-14
4512.215199999969 2.0040752e-14
4513.688799999969 2.0143145e-14
4515.162399999969 2.023998e-14
4516.6359999999695 2.0366541e-14
4518.10959999997 2.0497008e-14
4519.58319999997 2.0605096e-14
4521.05679999997 2.0710244e-14
4522.5303999999705 2.0872926e-14
4524.003999999971 2.1043199e-14
4525.477599999971 2.111741e-14
4526.951199999971 2.1178903e-14
4528.424799999972 2.1327007e-14
4529.898399999972 2.1486578e-14
4531.371999999972 2.162095e-14
4532.845599999972 2.1751972e-14
4534.319199999973 2.18142e-14
4535.792799999973 2.1867253e-14
4537.266399999973 2.1935251e-14
4538.739999999973 2.200525e-14
4540.213599999974 2.2116201e-14
4541.687199999974 2.223264e-14
4543.160799999974 2.2286658e-14
4544.634399999974 2.2332288e-14
4546.107999999975 2.2372984e-14
4547.581599999975 2.2413015e-14
4549.055199999975 2.2496475e-14
4550.5287999999755 2.2585795e-14
4552.002399999976 2.2644103e-14
4553.475999999976 2.2698211e-14
4554.949599999976 2.2777532e-14
4556.4231999999765 2.286028e-14
4557.896799999977 2.2960873e-14
4559.370399999977 2.3063899e-14
4560.843999999977 2.3072947e-14
4562.317599999978 2.3069166e-14
4563.791199999978 2.3148116e-14
4565.264799999978 2.3238396e-14
4566.738399999978 2.321808e-14
4568.211999999979 2.3182557e-14
4569.685599999979 2.3120313e-14
4571.159199999979 2.3054395e-14
4572.632799999979 2.3105822e-14
4574.10639999998 2.3173444e-14
4575.57999999998 2.3151669e-14
4577.05359999998 2.311752e-14
4578.52719999998 2.3040031e-14
4580.000799999981 2.2956522e-14
4581.474399999981 2.2904015e-14
4582.947999999981 2.2855819e-14
4584.4215999999815 2.2848763e-14
4585.895199999982 2.2847445e-14
4587.368799999982 2.2731229e-14
4588.842399999982 2.2598924e-14
4590.3159999999825 2.245406e-14
4591.789599999983 2.2307441e-14
4593.263199999983 2.2342219e-14
4594.736799999983 2.2402493e-14
4596.210399999984 2.2342088e-14
4597.683999999984 2.2264668e-14
4599.157599999984 2.2185687e-14
4600.631199999984 2.2106488e-14
4602.104799999985 2.204065e-14
4603.578399999985 2.1976703e-14
4605.051999999985 2.2063218e-14
4606.525599999985 2.2171106e-14
4607.999199999986 2.2216173e-14
4609.472799999986 2.2252282e-14
4610.946399999986 2.228703e-14
4612.419999999986 2.2321581e-14
4613.893599999987 2.2272752e-14
4615.367199999987 2.2211987e-14
4616.840799999987 2.2309477e-14
4618.3143999999875 2.2429687e-14
4619.787999999988 2.246746e-14
4621.261599999988 2.2493356e-14
4622.735199999988 2.25294e-14
4624.2087999999885 2.2566904e-14
4625.682399999989 2.258865e-14
4627.155999999989 2.2608114e-14
4628.629599999989 2.261427e-14
4630.10319999999 2.2618495e-14
4631.57679999999 2.2599285e-14
4633.05039999999 2.2576662e-14
4634.52399999999 2.2563304e-14
4635.997599999991 2.2551298e-14
4637.471199999991 2.2530558e-14
4638.944799999991 2.250854e-14
4640.418399999991 2.2428887e-14
4641.891999999992 2.2340777e-14
4643.365599999992 2.2313563e-14
4644.839199999992 2.2295286e-14
4646.312799999992 2.22296e-14
4647.786399999993 2.2156933e-14
4649.259999999993 2.2067338e-14
4650.733599999993 2.197524e-14
4652.2071999999935 2.1875317e-14
4653.680799999994 2.1774236e-14
4655.154399999994 2.1646022e-14
4656.627999999994 2.1513783e-14
4658.1015999999945 2.1432263e-14
4659.575199999995 2.1358286e-14
4661.048799999995 2.1176711e-14
4662.522399999995 2.0979075e-14
4663.995999999996 2.0804039e-14
4665.469599999996 2.063238e-14
4666.943199999996 2.0467482e-14
4668.416799999996 2.0303598e-14
4669.890399999997 2.013589e-14
4671.363999999997 1.9967607e-14
4672.837599999997 1.9823771e-14
4674.311199999997 1.9683621e-14
4675.784799999998 1.9427434e-14
4677.258399999998 1.915374e-14
4678.731999999998 1.8924332e-14
4680.205599999998 1.8701629e-14
4681.679199999999 1.851733e-14
4683.152799999999 1.8338861e-14
4684.626399999999 1.8142897e-14
4686.099999999999 1.7944273e-14
4687.5736 1.7753252e-14
4689.0472 1.7563387e-14
4690.5208 1.740535e-14
4691.9944000000005 1.725218e-14
4693.468000000001 1.7093282e-14
4694.941600000001 1.6933503e-14
4696.415200000001 1.6889383e-14
4697.8888000000015 1.6863017e-14
4699.362400000002 1.6795486e-14
4700.836000000002 1.6721618e-14
4702.309600000002 1.6610333e-14
4703.783200000003 1.6493268e-14
4705.256800000003 1.6489851e-14
4706.730400000003 1.6504002e-14
4708.204000000003 1.6562887e-14
4709.677600000004 1.6628707e-14
4711.151200000004 1.6672942e-14
4712.624800000004 1.6713822e-14
4714.098400000004 1.6738376e-14
4715.572000000005 1.6760383e-14
4717.045600000005 1.6763627e-14
4718.519200000005 1.676394e-14
4719.992800000005 1.671731e-14
4721.466400000006 1.6663322e-14
4722.940000000006 1.6607094e-14
4724.413600000006 1.6550514e-14
4725.8872000000065 1.6466007e-14
4727.360800000007 1.637711e-14
4728.834400000007 1.6264567e-14
4730.308000000007 1.6148299e-14
4731.7816000000075 1.6035935e-14
4733.255200000008 1.5924187e-14
4734.728800000008 1.5814917e-14
4736.202400000008 1.5706039e-14
4737.676000000009 1.5507267e-14
4739.149600000009 1.5294225e-14
4740.623200000009 1.5088679e-14
4742.096800000009 1.4884326e-14
4743.57040000001 1.4735727e-14
4745.04400000001 1.4596036e-14
4746.51760000001 1.4478785e-14
4747.99120000001 1.4365121e-14
4749.464800000011 1.41811645e-14
4750.938400000011 1.3985937e-14
4752.412000000011 1.3798653e-14
4753.885600000011 1.3612646e-14
4755.359200000012 1.3517741e-14
4756.832800000012 1.3437532e-14
4758.306400000012 1.3382502e-14
4759.7800000000125 1.3331536e-14
4761.253600000013 1.3242125e-14
4762.727200000013 1.3146487e-14
4764.200800000013 1.3056981e-14
4765.6744000000135 1.2968469e-14
4767.148000000014 1.2886491e-14
4768.621600000014 1.2805574e-14
4770.095200000014 1.2701066e-14
4771.568800000015 1.2592713e-14
4773.042400000015 1.25493e-14
4774.516000000015 1.2516506e-14
4775.989600000015 1.2432066e-14
4777.463200000016 1.2339157e-14
4778.936800000016 1.2302919e-14
4780.410400000016 1.227598e-14
4781.884000000016 1.2248295e-14
4783.357600000017 1.22204865e-14
4784.831200000017 1.2194064e-14
4786.304800000017 1.2167871e-14
4787.778400000017 1.2099547e-14
4789.252000000018 1.2024264e-14
4790.725600000018 1.2000655e-14
4792.199200000018 1.1985606e-14
4793.6728000000185 1.1925869e-14
4795.146400000019 1.1858706e-14
4796.620000000019 1.19038605e-14
4798.093600000019 1.1967734e-14
4799.5672000000195 1.1999623e-14
4801.04080000002 1.2026178e-14
4802.51440000002 1.2084741e-14
4803.98800000002 1.2148658e-14
4805.461600000021 1.21686295e-14
4806.935200000021 1.2181227e-14
4808.408800000021 1.2255609e-14
4809.882400000021 1.2340361e-14
4811.356000000022 1.2432257e-14
4812.829600000022 1.2525356e-14
4814.303200000022 1.26234514e-14
4815.776800000022 1.2722391e-14
4817.250400000023 1.2761632e-14
4818.724000000023 1.2790763e-14
4820.197600000023 1.2776284e-14
4821.671200000023 1.27544154e-14
4823.144800000024 1.2718114e-14
4824.618400000024 1.267936e-14
4826.092000000024 1.26098e-14
4827.5656000000245 1.253499e-14
4829.039200000025 1.24716835e-14
4830.512800000025 1.241034e-14
4831.986400000025 1.2381997e-14
4833.4600000000255 1.2359298e-14
4834.933600000026 1.2267351e-14
4836.407200000026 1.21635236e-14
4837.880800000026 1.20839575e-14
4839.3544000000265 1.2008566e-14
4840.828000000027 1.1930156e-14
4842.301600000027 1.1851227e-14
4843.775200000027 1.1795653e-14
4845.248800000028 1.1744111e-14
4846.722400000028 1.1689297e-14
4848.196000000028 1.1633916e-14
4849.669600000028 1.1517255e-14
4851.143200000029 1.1389978e-14
4852.616800000029 1.1262232e-14
4854.090400000029 1.1134405e-14
4855.564000000029 1.10634615e-14
4857.03760000003 1.1002431e-14
4858.51120000003 1.0923572e-14
4859.98480000003 1.0841598e-14
4861.45840000003 1.0807479e-14
4862.932000000031 1.0781726e-14
4864.405600000031 1.0787607e-14
4865.879200000031 1.0799036e-14
4867.3528000000315 1.0758093e-14
4868.826400000032 1.0707939e-14
4870.300000000032 1.0596692e-14
4871.773600000032 1.0474695e-14
4873.2472000000325 1.0416549e-14
4874.720800000033 1.0369668e-14
4876.194400000033 1.03094845e-14
4877.668000000033 1.0246946e-14
4879.141600000034 1.0251871e-14
4880.615200000034 1.0268768e-14
4882.088800000034 1.0240851e-14
4883.562400000034 1.0204978e-14
4885.036000000035 1.0089067e-14
4886.509600000035 9.958898e-15
4887.983200000035 9.914777e-15
4889.456800000035 9.886023e-15
4890.930400000036 9.871989e-15
4892.404000000036 9.860585e-15
4893.877600000036 9.934051e-15
4895.351200000036 1.0022722e-14
4896.824800000037 1.0043963e-14
4898.298400000037 1.0053086e-14
4899.772000000037 1.0076472e-14
4901.2456000000375 1.0102427e-14
4902.719200000038 1.01338065e-14
4904.192800000038 1.0166163e-14
4905.666400000038 1.0261827e-14
4907.1400000000385 1.0368941e-14
4908.613600000039 1.0474427e-14
4910.087200000039 1.0579618e-14
4911.560800000039 1.06827e-14
4913.03440000004 1.0785398e-14
4914.50800000004 1.0900259e-14
4915.98160000004 1.101733e-14
4917.45520000004 1.11687545e-14
4918.928800000041 1.13264475e-14
4920.402400000041 1.14775455e-14
4921.876000000041 1.16274356e-14
4923.349600000041 1.1778095e-14
4924.823200000042 1.19288954e-14
4926.296800000042 1.2093725e-14
4927.770400000042 1.226113e-14
4929.244000000042 1.2434966e-14
4930.717600000043 1.2609988e-14
4932.191200000043 1.2763938e-14
4933.664800000043 1.2914007e-14
4935.1384000000435 1.301366e-14
4936.612000000044 1.3104003e-14
4938.085600000044 1.3263987e-14
4939.559200000044 1.3436872e-14
4941.0328000000445 1.3566546e-14
4942.506400000045 1.3688197e-14
4943.980000000045 1.3738848e-14
4945.453600000045 1.3776307e-14
4946.927200000046 1.3806508e-14
4948.400800000046 1.38353565e-14
4949.874400000046 1.3880576e-14
4951.348000000046 1.39288554e-14
4952.821600000047 1.392213e-14
4954.295200000047 1.39051216e-14
4955.768800000047 1.38852485e-14
4957.242400000047 1.3864839e-14
4958.716000000048 1.3813904e-14
4960.189600000048 1.3757229e-14
4961.663200000048 1.3705734e-14
4963.136800000048 1.36552155e-14
4964.610400000049 1.354927e-14
4966.084000000049 1.3432874e-14
4967.557600000049 1.3270038e-14
4969.0312000000495 1.3098418e-14
4970.50480000005 1.2914769e-14
4971.97840000005 1.2728839e-14
4973.45200000005 1.2633552e-14
4974.9256000000505 1.25554635e-14
4976.399200000051 1.24287745e-14
4977.872800000051 1.229284e-14
4979.346400000051 1.2137063e-14
4980.820000000052 1.1977499e-14
4982.293600000052 1.1883625e-14
4983.767200000052 1.1802316e-14
4985.240800000052 1.172021e-14
4986.714400000053 1.1637952e-14
4988.188000000053 1.15256815e-14
4989.661600000053 1.140765e-14
4991.135200000053 1.1309225e-14
4992.608800000054 1.1214572e-14
4994.082400000054 1.1148794e-14
4995.556000000054 1.1088576e-14
4997.029600000054 1.0965116e-14
4998.503200000055 1.0829449e-14
4999.976800000055 1.0783636e-14
5001.450400000055 1.0755217e-14
5002.9240000000555 1.0689224e-14
5004.397600000056 1.0615938e-14
5005.871200000056 1.05384765e-14
5007.344800000056 1.0460205e-14
5008.8184000000565 1.0432924e-14
5010.292000000057 1.04155745e-14
5011.765600000057 1.0400565e-14
5013.239200000057 1.0386012e-14
5014.7128000000575 1.0387777e-14
5016.186400000058 1.0392729e-14
5017.660000000058 1.0371483e-14
5019.133600000058 1.0345107e-14
5020.607200000059 1.0305918e-14
5022.080800000059 1.0264211e-14
5023.554400000059 1.0270544e-14
5025.028000000059 1.0286334e-14
5026.50160000006 1.0275809e-14
5027.97520000006 1.02601e-14
5029.44880000006 1.0246106e-14
5030.92240000006 1.0232452e-14
5032.396000000061 1.0250792e-14
5033.869600000061 1.02754685e-14
5035.343200000061 1.0305601e-14
5036.816800000061 1.0336816e-14
5038.290400000062 1.0346541e-14
5039.764000000062 1.0352e-14
5041.237600000062 1.0387113e-14
5042.7112000000625 1.0428135e-14
5044.184800000063 1.0481034e-14
5045.658400000063 1.0536304e-14
5047.132000000063 1.0597875e-14
5048.6056000000635 1.0660705e-14
5050.079200000064 1.0750695e-14
5051.552800000064 1.08461264e-14
5053.026400000064 1.0917021e-14
5054.500000000065 1.09829875e-14
5055.973600000065 1.10519826e-14
5057.447200000065 1.1121587e-14
5058.920800000065 1.1201139e-14
5060.394400000066 1.12826965e-14
5061.868000000066 1.1308488e-14
5063.341600000066 1.1323012e-14
5064.815200000066 1.13998564e-14
5066.288800000067 1.14893235e-14
5067.762400000067 1.1515678e-14
5069.236000000067 1.1529242e-14
5070.709600000067 1.1569892e-14
5072.183200000068 1.1616048e-14
5073.656800000068 1.1704064e-14
5075.130400000068 1.1800607e-14
5076.6040000000685 1.1850772e-14
5078.077600000069 1.1891483e-14
5079.551200000069 1.1934852e-14
5081.024800000069 1.1978763e-14
5082.4984000000695 1.20314804e-14
5083.97200000007 1.2086003e-14
5085.44560000007 1.2154188e-14
5086.91920000007 1.2225174e-14
5088.392800000071 1.2293325e-14
5089.866400000071 1.2360892e-14
5091.340000000071 1.24356736e-14
5092.813600000071 1.2511942e-14
5094.287200000072 1.2597407e-14
5095.760800000072 1.2684771e-14
5097.234400000072 1.2774471e-14
5098.708000000072 1.2864652e-14
5100.181600000073 1.2927468e-14
5101.655200000073 1.29846144e-14
5103.128800000073 1.30731124e-14
5104.602400000073 1.3168124e-14
5106.076000000074 1.32573175e-14
5107.549600000074 1.3345301e-14
5109.023200000074 1.3348669e-14
5110.4968000000745 1.3334406e-14
5111.970400000075 1.3385184e-14
5113.444000000075 1.34495525e-14
5114.917600000075 1.3541391e-14
5116.3912000000755 1.3638983e-14
5117.864800000076 1.3690052e-14
5119.338400000076 1.3731371e-14
5120.812000000076 1.37774915e-14
5122.285600000077 1.382462e-14
5123.759200000077 1.39084275e-14
5125.232800000077 1.399996e-14
5126.706400000077 1.407609e-14
5128.180000000078 1.4148975e-14
5129.653600000078 1.4192727e-14
5131.127200000078 1.4230325e-14
5132.600800000078 1.43273e-14
5134.074400000079 1.4436852e-14
5135.548000000079 1.4519447e-14
5137.021600000079 1.4596319e-14
5138.495200000079 1.4661937e-14
5139.96880000008 1.4725165e-14
5141.44240000008 1.4770745e-14
5142.91600000008 1.4812568e-14
5144.3896000000805 1.4906648e-14
5145.863200000081 1.5011887e-14
5147.336800000081 1.5107622e-14
5148.810400000081 1.5201326e-14
5150.2840000000815 1.5282107e-14
5151.757600000082 1.5360124e-14
5153.231200000082 1.5396318e-14
5154.704800000082 1.542353e-14
5156.178400000083 1.5474874e-14
5157.652000000083 1.5531413e-14
5159.125600000083 1.5591474e-14
5160.599200000083 1.5652295e-14
5162.072800000084 1.5732388e-14
5163.546400000084 1.5816641e-14
5165.020000000084 1.585552e-14
5166.493600000084 1.5884578e-14
5167.967200000085 1.5911212e-14
5169.440800000085 1.5937321e-14
5170.914400000085 1.5966056e-14
5172.388000000085 1.5995362e-14
5173.861600000086 1.6040622e-14
5175.335200000086 1.6089354e-14
5176.808800000086 1.606363e-14
5178.282400000086 1.6021664e-14
5179.756000000087 1.6012966e-14
5181.229600000087 1.6011528e-14
5182.703200000087 1.6020346e-14
5184.1768000000875 1.6031405e-14
5185.650400000088 1.6015018e-14
5187.124000000088 1.5992607e-14
5188.597600000088 1.5959165e-14
5190.0712000000885 1.5923298e-14
5191.544800000089 1.5995402e-14
5193.018400000089 1.6091256e-14
5194.492000000089 1.6105156e-14
5195.96560000009 1.6100978e-14
5197.43920000009 1.606782e-14
5198.91280000009 1.6028254e-14
5200.38640000009 1.6040481e-14
5201.860000000091 1.6064164e-14
5203.333600000091 1.6088308e-14
5204.807200000091 1.6112552e-14
5206.280800000091 1.6116757e-14
5207.754400000092 1.6116506e-14
5209.228000000092 1.6116586e-14
5210.701600000092 1.611674e-14
5212.175200000092 1.6141917e-14
5213.648800000093 1.6172673e-14
5215.122400000093 1.6151551e-14
5216.596000000093 1.6118835e-14
5218.0696000000935 1.6123206e-14
5219.543200000094 1.6135884e-14
5221.016800000094 1.6181211e-14
5222.490400000094 1.6233854e-14
5223.9640000000945 1.6259255e-14
5225.437600000095 1.6278535e-14
5226.911200000095 1.6301908e-14
5228.384800000095 1.6326203e-14
5229.858400000096 1.6383592e-14
5231.332000000096 1.644844e-14
5232.805600000096 1.647632e-14
5234.279200000096 1.649585e-14
5235.752800000097 1.649855e-14
5237.226400000097 1.6497439e-14
5238.700000000097 1.6522443e-14
5240.173600000097 1.6553375e-14
5241.647200000098 1.6570802e-14
5243.120800000098 1.6585161e-14
5244.594400000098 1.6554537e-14
5246.068000000098 1.6513675e-14
5247.541600000099 1.648374e-14
5249.015200000099 1.6456302e-14
5250.488800000099 1.6445234e-14
5251.9624000000995 1.6437906e-14
5253.4360000001 1.6432902e-14
5254.9096000001 1.6428431e-14
5256.3832000001 1.6427318e-14
5257.8568000001005 1.6426974e-14
5259.330400000101 1.636017e-14
5260.804000000101 1.6278083e-14
5262.277600000101 1.6172846e-14
5263.751200000102 1.6062284e-14
5265.224800000102 1.5965524e-14
5266.698400000102 1.5871946e-14
5268.172000000102 1.5768082e-14
5269.645600000103 1.566184e-14
5271.119200000103 1.554082e-14
5272.592800000103 1.5416384e-14
5274.066400000103 1.5243127e-14
5275.540000000104 1.5058553e-14
5277.013600000104 1.486848e-14
5278.487200000104 1.467713e-14
5279.960800000104 1.4514809e-14
5281.434400000105 1.435925e-14
5282.908000000105 1.4173458e-14
5284.381600000105 1.3980621e-14
5285.8552000001055 1.37735325e-14
5287.328800000106 1.3563115e-14
5288.802400000106 1.3380428e-14
5290.276000000106 1.3204234e-14
5291.7496000001065 1.3046027e-14
5293.223200000107 1.2892035e-14
5294.696800000107 1.2707179e-14
5296.170400000107 1.2515078e-14
5297.644000000108 1.2382381e-14
5299.117600000108 1.2263668e-14
5300.591200000108 1.2147217e-14
5302.064800000108 1.2031301e-14
5303.538400000109 1.1869109e-14
5305.012000000109 1.1695997e-14
5306.485600000109 1.1583703e-14
5307.959200000109 1.1485797e-14
5309.43280000011 1.1400842e-14
5310.90640000011 1.1318958e-14
5312.38000000011 1.123807e-14
5313.85360000011 1.1157417e-14
5315.327200000111 1.11188075e-14
5316.800800000111 1.10901964e-14
5318.274400000111 1.10564346e-14
5319.7480000001115 1.10214445e-14
5321.221600000112 1.1008506e-14
5322.695200000112 1.1000837e-14
5324.168800000112 1.1007004e-14
5325.6424000001125 1.101648e-14
5327.116000000113 1.1045203e-14
5328.589600000113 1.1078538e-14
5330.063200000113 1.1083482e-14
5331.5368000001135 1.10816075e-14
5333.010400000114 1.10953794e-14
5334.484000000114 1.1112912e-14
5335.957600000114 1.11296e-14
5337.431200000115 1.1146086e-14
5338.904800000115 1.12047975e-14
5340.378400000115 1.1273704e-14
5341.852000000115 1.1325663e-14
5343.325600000116 1.13735205e-14
5344.799200000116 1.1422657e-14
5346.272800000116 1.1472103e-14
5347.746400000116 1.1533767e-14
5349.220000000117 1.1598396e-14
5350.693600000117 1.16387875e-14
5352.167200000117 1.1673285e-14
5353.640800000117 1.17090734e-14
5355.114400000118 1.1745176e-14
5356.588000000118 1.1742031e-14
5358.061600000118 1.1729315e-14
5359.5352000001185 1.17005015e-14
5361.008800000119 1.1667753e-14
5362.482400000119 1.16686725e-14
5363.956000000119 1.1677841e-14
5365.4296000001195 1.16783245e-14
5366.90320000012 1.1676679e-14
5368.37680000012 1.1659993e-14
5369.85040000012 1.1639613e-14
5371.324000000121 1.1620767e-14
5372.797600000121 1.1602299e-14
5374.271200000121 1.1603408e-14
5375.744800000121 1.160934e-14
5377.218400000122 1.1615084e-14
5378.692000000122 1.16207804e-14
5380.165600000122 1.1623022e-14
5381.639200000122 1.1624407e-14
5383.112800000123 1.1639895e-14
5384.586400000123 1.1658881e-14
5386.060000000123 1.16539934e-14
5387.533600000123 1.164318e-14
5389.007200000124 1.1677028e-14
5390.480800000124 1.1721981e-14
5391.954400000124 1.1757627e-14
5393.4280000001245 1.1790952e-14
5394.901600000125 1.1827441e-14
5396.375200000125 1.1864721e-14
5397.848800000125 1.187806e-14
5399.3224000001255 1.1885414e-14
5400.796000000126 1.1897981e-14
5402.269600000126 1.1911855e-14
5403.743200000126 1.1931641e-14
5405.216800000127 1.19529105e-14
5406.690400000127 1.197291e-14
5408.164000000127 1.1992589e-14
5409.637600000127 1.2005033e-14
5411.111200000128 1.2015655e-14
5412.584800000128 1.1979594e-14
5414.058400000128 1.1931749e-14
5415.532000000128 1.19353464e-14
5417.005600000129 1.1951935e-14
5418.479200000129 1.1958536e-14
5419.952800000129 1.1962609e-14
5421.426400000129 1.1954974e-14
5422.90000000013 1.1944369e-14
5424.37360000013 1.1931084e-14
5425.84720000013 1.1917119e-14
5427.3208000001305 1.1896272e-14
5428.794400000131 1.1873675e-14
5430.268000000131 1.1897479e-14
5431.741600000131 1.19331145e-14
5433.2152000001315 1.1958395e-14
5434.688800000132 1.198103e-14
5436.162400000132 1.1975982e-14
5437.636000000132 1.1963858e-14
5439.109600000133 1.1949382e-14
5440.583200000133 1.1934302e-14
5442.056800000133 1.191661e-14
5443.530400000133 1.1898247e-14
5445.004000000134 1.18670315e-14
5446.477600000134 1.1832509e-14
5447.951200000134 1.1841281e-14
5449.424800000134 1.1861199e-14
5450.898400000135 1.1799283e-14
5452.372000000135 1.1716247e-14
5453.845600000135 1.1580835e-14
5455.319200000135 1.14318785e-14
5456.792800000136 1.1339301e-14
5458.266400000136 1.1261312e-14
5459.740000000136 1.1165209e-14
5461.2136000001365 1.1064409e-14
5462.687200000137 1.0979151e-14
5464.160800000137 1.0897933e-14
5465.634400000137 1.0839396e-14
5467.1080000001375 1.0786766e-14
5468.581600000138 1.0712153e-14
5470.055200000138 1.063181e-14
5471.528800000138 1.0547105e-14
5473.002400000139 1.0461261e-14
5474.476000000139 1.0397101e-14
5475.949600000139 1.03386165e-14
5477.423200000139 1.0289923e-14
5478.89680000014 1.0243794e-14
5480.37040000014 1.0158609e-14
5481.84400000014 1.00631775e-14
5483.31760000014 9.979979e-15
5484.791200000141 9.899999e-15
5486.264800000141 9.800595e-15
5487.738400000141 9.69607e-15
5489.212000000141 9.635762e-15
5490.685600000142 9.587114e-15
5492.159200000142 9.514839e-15
5493.632800000142 9.436318e-15
5495.1064000001425 9.334359e-15
5496.580000000143 9.226191e-15
5498.053600000143 9.152217e-15
5499.527200000143 9.087305e-15
5501.0008000001435 9.0726444e-15
5502.474400000144 9.071327e-15
5503.948000000144 9.061571e-15
5505.421600000144 9.049569e-15
5506.8952000001445 9.0439165e-15
5508.368800000145 9.039958e-15
5509.842400000145 9.04911e-15
5511.316000000145 9.06176e-15
5512.789600000146 9.063236e-15
5514.263200000146 9.061723e-15
5515.736800000146 9.115261e-15
5517.210400000146 9.1835575e-15
5518.684000000147 9.2429675e-15
5520.157600000147 9.29999e-15
5521.631200000147 9.377351e-15
5523.104800000147 9.460176e-15
5524.578400000148 9.575089e-15
5526.052000000148 9.698645e-15
5527.525600000148 9.820422e-15
5528.999200000148 9.94172e-15
5530.472800000149 1.0053934e-14
5531.946400000149 1.0163694e-14
5533.420000000149 1.0268042e-14
5534.8936000001495 1.0370925e-14
5536.36720000015 1.0486907e-14
5537.84080000015 1.0606442e-14
5539.31440000015 1.0749363e-14
5540.7880000001505 1.0898641e-14
5542.261600000151 1.1018327e-14
5543.735200000151 1.1129968e-14
5545.208800000151 1.12145375e-14
5546.682400000152 1.1291729e-14
5548.156000000152 1.1395217e-14
5549.629600000152 1.1505886e-14
5551.103200000152 1.1594476e-14
5552.576800000153 1.1677034e-14
5554.050400000153 1.1730511e-14
5555.524000000153 1.1776025e-14
5556.997600000153 1.185133e-14
5558.471200000154 1.1934809e-14
5559.944800000154 1.2013636e-14
5561.418400000154 1.2091181e-14
5562.892000000154 1.2132838e-14
5564.365600000155 1.2164624e-14
5565.839200000155 1.2229821e-14
5567.312800000155 1.230423e-14
5568.7864000001555 1.2353871e-14
5570.260000000156 1.2396669e-14
5571.733600000156 1.245287e-14
5573.207200000156 1.2512775e-14
5574.6808000001565 1.253596e-14
5576.154400000157 1.2548971e-14
5577.628000000157 1.2569774e-14
5579.101600000157 1.2592741e-14
5580.575200000158 1.2596153e-14
5582.048800000158 1.2594124e-14
5583.522400000158 1.2614169e-14
5584.996000000158 1.2640357e-14
5586.469600000159 1.2653159e-14
5587.943200000159 1.2662225e-14
5589.416800000159 1.267796e-14
5590.890400000159 1.2695557e-14
5592.36400000016 1.2684954e-14
5593.83760000016 1.2666465e-14
5595.31120000016 1.27048945e-14
5596.78480000016 1.2759277e-14
5598.258400000161 1.2763633e-14
5599.732000000161 1.27539386e-14
5601.205600000161 1.2740987e-14
5602.6792000001615 1.2727118e-14
5604.152800000162 1.2729712e-14
5605.626400000162 1.27369395e-14
5607.100000000162 1.2716042e-14
5608.5736000001625 1.2687209e-14
5610.047200000163 1.2699598e-14
5611.520800000163 1.2723641e-14
5612.994400000163 1.2768565e-14
5614.468000000164 1.2819396e-14
5615.941600000164 1.28631355e-14
5617.415200000164 1.2904864e-14
5618.888800000164 1.2930943e-14
5620.362400000165 1.2952578e-14
5621.836000000165 1.2933966e-14
5623.309600000165 1.2903894e-14
5624.783200000165 1.2879539e-14
5626.256800000166 1.2856812e-14
5627.730400000166 1.286826e-14
5629.204000000166 1.2889462e-14
5630.677600000166 1.2908261e-14
5632.151200000167 1.2926373e-14
5633.624800000167 1.2905187e-14
5635.098400000167 1.2872759e-14
5636.5720000001675 1.2883149e-14
5638.045600000168 1.2905819e-14
5639.519200000168 1.28793265e-14
5640.992800000168 1.283871e-14
5642.4664000001685 1.2822301e-14
5643.940000000169 1.2812864e-14
5645.413600000169 1.28104645e-14
5646.887200000169 1.2810093e-14
5648.36080000017 1.2779169e-14
5649.83440000017 1.2739427e-14
5651.30800000017 1.27343586e-14
5652.78160000017 1.2739319e-14
5654.255200000171 1.2712457e-14
5655.728800000171 1.2676388e-14
5657.202400000171 1.2669282e-14
5658.676000000171 1.2670576e-14
5660.149600000172 1.2632327e-14
5661.623200000172 1.2582586e-14
5663.096800000172 1.2516274e-14
5664.570400000172 1.2445136e-14
5666.044000000173 1.2425239e-14
5667.517600000173 1.2420268e-14
5668.991200000173 1.24004455e-14
5670.464800000173 1.2376288e-14
5671.938400000174 1.23629854e-14
5673.412000000174 1.2352858e-14
5674.885600000174 1.2310243e-14
5676.3592000001745 1.225812e-14
5677.832800000175 1.2218287e-14
5679.306400000175 1.21820575e-14
5680.780000000175 1.2168531e-14
5682.2536000001755 1.2161677e-14
5683.727200000176 1.21336165e-14
5685.200800000176 1.2099309e-14
5686.674400000176 1.20702136e-14
5688.148000000177 1.2042654e-14
5689.621600000177 1.20363e-14
5691.095200000177 1.2036209e-14
5692.568800000177 1.2013446e-14
5694.042400000178 1.1983977e-14
5695.516000000178 1.1947661e-14
5696.989600000178 1.1909317e-14
5698.463200000178 1.1886297e-14
5699.936800000179 1.1867823e-14
5701.410400000179 1.1832791e-14
5702.884000000179 1.1792839e-14
5704.357600000179 1.1774397e-14
5705.83120000018 1.1762361e-14
5707.30480000018 1.1697003e-14
5708.77840000018 1.1615763e-14
5710.2520000001805 1.1600578e-14
5711.725600000181 1.1605115e-14
5713.199200000181 1.1575275e-14
5714.672800000181 1.1535152e-14
5716.1464000001815 1.1516446e-14
5717.620000000182 1.1504149e-14
5719.093600000182 1.145431e-14
5720.567200000182 1.1393209e-14
5722.040800000183 1.1345534e-14
5723.514400000183 1.1301893e-14
5724.988000000183 1.12644625e-14
5726.461600000183 1.1228902e-14
5727.935200000184 1.1193053e-14
5729.408800000184 1.1157117e-14
5730.882400000184 1.1111422e-14
5732.356000000184 1.1062782e-14
5733.829600000185 1.1053573e-14
5735.303200000185 1.105629e-14
5736.776800000185 1.1025423e-14
5738.250400000185 1.0984394e-14
5739.724000000186 1.0960962e-14
5741.197600000186 1.0942867e-14
5742.671200000186 1.0929392e-14
5744.1448000001865 1.0917321e-14
5745.618400000187 1.08859675e-14
5747.092000000187 1.0848741e-14
5748.565600000187 1.0807965e-14
5750.0392000001875 1.0766107e-14
5751.512800000188 1.0737685e-14
5752.986400000188 1.0713364e-14
5754.460000000188 1.0693154e-14
5755.933600000189 1.0674202e-14
5757.407200000189 1.0638977e-14
5758.880800000189 1.0598775e-14
5760.354400000189 1.0549116e-14
5761.82800000019 1.04965585e-14
5763.30160000019 1.0458136e-14
5764.77520000019 1.0424057e-14
5766.24880000019 1.04169925e-14
5767.722400000191 1.0418247e-14
5769.196000000191 1.0414284e-14
5770.669600000191 1.04087136e-14
5772.143200000191 1.0411161e-14
5773.616800000192 1.0416081e-14
5775.090400000192 1.040928e-14
5776.564000000192 1.0398856e-14
5778.0376000001925 1.0384293e-14
5779.511200000193 1.036845e-14
5780.984800000193 1.0352092e-14
5782.458400000193 1.0335574e-14
5783.9320000001935 1.03377856e-14
5785.405600000194 1.0345814e-14
5786.879200000194 1.0329895e-14
5788.352800000194 1.03065216e-14
5789.826400000195 1.031355e-14
5791.300000000195 1.0330044e-14
5792.773600000195 1.0315669e-14
5794.247200000195 1.0291664e-14
5795.720800000196 1.0317778e-14
5797.194400000196 1.0359557e-14
5798.668000000196 1.0387622e-14
5800.141600000196 1.0411399e-14
5801.615200000197 1.0414303e-14
5803.088800000197 1.0410666e-14
5804.562400000197 1.04487376e-14
5806.036000000197 1.04999026e-14
5807.509600000198 1.0537141e-14
5808.983200000198 1.0569997e-14
5810.456800000198 1.0615148e-14
5811.9304000001985 1.0664168e-14
5813.404000000199 1.0726603e-14
5814.877600000199 1.079327e-14
5816.351200000199 1.0819087e-14
5817.8248000001995 1.0831996e-14
5819.2984000002 1.083902e-14
5820.7720000002 1.08441825e-14
5822.2456000002 1.0867029e-14
5823.7192000002005 1.0895477e-14
5825.192800000201 1.0920028e-14
5826.666400000201 1.0943343e-14
5828.140000000201 1.0980976e-14
5829.613600000202 1.1023163e-14
5831.087200000202 1.1088297e-14
5832.560800000202 1.11607314e-14
5834.034400000202 1.1213954e-14
5835.508000000203 1.1261052e-14
5836.981600000203 1.1296051e-14
5838.455200000203 1.1327184e-14
5839.928800000203 1.1369429e-14
5841.402400000204 1.1415223e-14
5842.876000000204 1.1465242e-14
5844.349600000204 1.1516614e-14
5845.823200000204 1.1561183e-14
5847.296800000205 1.160357e-14
5848.770400000205 1.16291305e-14
5850.244000000205 1.16492805e-14
5851.7176000002055 1.1706264e-14
5853.191200000206 1.17750895e-14
5854.664800000206 1.1840449e-14
5856.138400000206 1.1904693e-14
5857.6120000002065 1.1950654e-14
5859.085600000207 1.19907144e-14
5860.559200000207 1.2017447e-14
5862.032800000207 1.2039876e-14
5863.506400000208 1.2069911e-14
5864.980000000208 1.21024084e-14
5866.453600000208 1.21523715e-14
5867.927200000208 1.2207997e-14
5869.400800000209 1.2246523e-14
5870.874400000209 1.22794925e-14
5872.348000000209 1.2312126e-14
5873.821600000209 1.2344652e-14
5875.29520000021 1.23708425e-14
5876.76880000021 1.239497e-14
5878.24240000021 1.2402637e-14
5879.71600000021 1.2404932e-14
5881.189600000211 1.24258895e-14
5882.663200000211 1.2452939e-14
5884.136800000211 1.2477547e-14
5885.6104000002115 1.25013576e-14
5887.084000000212 1.2518172e-14
5888.557600000212 1.25326936e-14
5890.031200000212 1.2549164e-14
5891.5048000002125 1.2566275e-14
5892.978400000213 1.254864e-14
5894.452000000213 1.2519593e-14
5895.925600000213 1.2528624e-14
5897.399200000214 1.2550188e-14
5898.872800000214 1.2568667e-14
5900.346400000214 1.25861295e-14
5901.820000000214 1.2571763e-14
5903.293600000215 1.2546898e-14
5904.767200000215 1.2542973e-14
5906.240800000215 1.2545971e-14
5907.714400000215 1.2544809e-14
5909.188000000216 1.2542271e-14
5910.661600000216 1.2533675e-14
5912.135200000216 1.25230696e-14
5913.608800000216 1.2525885e-14
5915.082400000217 1.2533154e-14
5916.556000000217 1.2514655e-14
5918.029600000217 1.2487584e-14
5919.5032000002175 1.2453746e-14
5920.976800000218 1.2417653e-14
5922.450400000218 1.2377313e-14
5923.924000000218 1.2335554e-14
5925.3976000002185 1.2336789e-14
5926.871200000219 1.2352386e-14
5928.344800000219 1.23316986e-14
5929.818400000219 1.229887e-14
5931.29200000022 1.2252556e-14
5932.76560000022 1.2201719e-14
5934.23920000022 1.2200378e-14
5935.71280000022 1.2215637e-14
5937.186400000221 1.2189219e-14
5938.660000000221 1.2148793e-14
5940.133600000221 1.2100807e-14
5941.607200000221 1.2050276e-14
5943.080800000222 1.2035933e-14
5944.554400000222 1.2033801e-14
5946.028000000222 1.1977435e-14
5947.501600000222 1.1902761e-14
5948.975200000223 1.1848986e-14
5950.448800000223 1.1802278e-14
5951.922400000223 1.1792338e-14
5953.3960000002235 1.17948576e-14
5954.869600000224 1.1776799e-14
5956.343200000224 1.1751766e-14
5957.816800000224 1.1732006e-14
5959.2904000002245 1.1714037e-14
5960.764000000225 1.17062435e-14
5962.237600000225 1.17019135e-14
5963.711200000225 1.1699714e-14
5965.184800000226 1.1698242e-14
5966.658400000226 1.1653928e-14
5968.132000000226 1.1595003e-14
5969.605600000226 1.1577486e-14
5971.079200000227 1.1574121e-14
5972.552800000227 1.1579159e-14
5974.026400000227 1.1587075e-14
5975.500000000227 1.158804e-14
5976.973600000228 1.1586624e-14
5978.447200000228 1.15697255e-14
5979.920800000228 1.1547515e-14
5981.394400000228 1.1527538e-14
5982.868000000229 1.150833e-14
5984.341600000229 1.14754414e-14
5985.815200000229 1.1437839e-14
5987.2888000002295 1.1431227e-14
5988.76240000023 1.14352955e-14
5990.23600000023 1.1429056e-14
5991.70960000023 1.1419257e-14
5993.1832000002305 1.1374534e-14
5994.656800000231 1.1317728e-14
5996.130400000231 1.1303995e-14
5997.604000000231 1.1305165e-14
5999.0776000002315 1.13001065e-14
6000.551200000232 1.1292888e-14
6002.024800000232 1.1249354e-14
6003.498400000232 1.11932e-14
6004.972000000233 1.1171839e-14
6006.445600000233 1.11625915e-14
6007.919200000233 1.1148836e-14
6009.392800000233 1.11335095e-14
6010.866400000234 1.1101446e-14
6012.340000000234 1.1063544e-14
6013.813600000234 1.1072923e-14
6015.287200000234 1.109883e-14
6016.760800000235 1.1065131e-14
6018.234400000235 1.1010596e-14
6019.708000000235 1.0979933e-14
6021.181600000235 1.0957634e-14
6022.655200000236 1.0937506e-14
6024.128800000236 1.091814e-14
6025.602400000236 1.08824345e-14
6027.0760000002365 1.0840981e-14
6028.549600000237 1.08067386e-14
6030.023200000237 1.07750324e-14
6031.496800000237 1.0767522e-14
6032.9704000002375 1.0768539e-14
6034.444000000238 1.0745774e-14
6035.917600000238 1.07146085e-14
6037.391200000238 1.06644785e-14
6038.864800000239 1.060765e-14
6040.338400000239 1.05691e-14
6041.812000000239 1.05370196e-14
6043.285600000239 1.0518198e-14
6044.75920000024 1.05040784e-14
6046.23280000024 1.0506163e-14
6047.70640000024 1.0514005e-14
6049.18000000024 1.05261504e-14
6050.653600000241 1.0539826e-14
6052.127200000241 1.0531322e-14
6053.600800000241 1.0514923e-14
6055.074400000241 1.04831745e-14
6056.548000000242 1.0445949e-14
6058.021600000242 1.0419687e-14
6059.495200000242 1.0397336e-14
6060.9688000002425 1.040511e-14
6062.442400000243 1.0423655e-14
6063.916000000243 1.041133e-14
6065.389600000243 1.0387945e-14
6066.8632000002435 1.0358447e-14
6068.336800000244 1.03267555e-14
6069.810400000244 1.0285039e-14
6071.284000000244 1.0239724e-14
6072.757600000245 1.0229573e-14
6074.231200000245 1.0232069e-14
6075.704800000245 1.0231412e-14
6077.178400000245 1.0229618e-14
6078.652000000246 1.019863e-14
6080.125600000246 1.015712e-14
6081.599200000246 1.0124967e-14
6083.072800000246 1.0096193e-14
6084.546400000247 1.0066622e-14
6086.020000000247 1.0036763e-14
6087.493600000247 9.983916e-15
6088.967200000247 9.922736e-15
6090.440800000248 9.829835e-15
6091.914400000248 9.72543e-15
6093.388000000248 9.608678e-15
6094.8616000002485 9.48744e-15
6096.335200000249 9.3604925e-15
6097.808800000249 9.231466e-15
6099.282400000249 9.083109e-15
6100.7560000002495 8.927714e-15
6102.22960000025 8.752646e-15
6103.70320000025 8.570402e-15
6105.17680000025 8.37439e-15
6106.650400000251 8.173345e-15
6108.124000000251 7.975236e-15
6109.597600000251 7.778201e-15
6111.071200000251 7.587772e-15
6112.544800000252 7.399764e-15
6114.018400000252 7.198113e-15
6115.492000000252 6.991456e-15
6116.965600000252 6.802503e-15
6118.439200000253 6.6200605e-15
6119.912800000253 6.4384563e-15
6121.386400000253 6.2571607e-15
6122.860000000253 6.0652667e-15
6124.333600000254 5.8694674e-15
6125.807200000254 5.696996e-15
6127.280800000254 5.533138e-15
6128.7544000002545 5.406235e-15
6130.228000000255 5.293001e-15
6131.701600000255 5.1700824e-15
6133.175200000255 5.0435806e-15
6134.6488000002555 4.9231626e-15
6136.122400000256 4.805e-15
6137.596000000256 4.67125e-15
6139.069600000256 4.5317105e-15
6140.543200000257 4.4251928e-15
6142.016800000257 4.3309443e-15
6143.490400000257 4.2429613e-15
6144.964000000257 4.1573105e-15
6146.437600000258 4.074583e-15
6147.911200000258 3.992946e-15
6149.384800000258 3.9238213e-15
6150.858400000258 3.859371e-15
6152.332000000259 3.8086527e-15
6153.805600000259 3.7630675e-15
6155.279200000259 3.7314122e-15
6156.752800000259 3.704972e-15
6158.22640000026 3.6632096e-15
6159.70000000026 3.6156995e-15
6161.17360000026 3.577002e-15
6162.64720000026 3.5416116e-15
6164.120800000261 3.5080064e-15
6165.594400000261 3.475072e-15
6167.068000000261 3.439458e-15
6168.5416000002615 3.4028344e-15
6170.015200000262 3.3864528e-15
6171.488800000262 3.3777088e-15
6172.962400000262 3.384407e-15
6174.4360000002625 3.396934e-15
6175.909600000263 3.3879003e-15
6177.383200000263 3.3707149e-15
6178.856800000263 3.3703282e-15
6180.330400000264 3.376306e-15
6181.804000000264 3.3954343e-15
6183.277600000264 3.419547e-15
6184.751200000264 3.4416732e-15
6186.224800000265 3.4630453e-15
6187.698400000265 3.4709132e-15
6189.172000000265 3.4736436e-15
6190.645600000265 3.4873393e-15
6192.119200000266 3.5052133e-15
6193.592800000266 3.5416315e-15
6195.066400000266 3.5851186e-15
6196.540000000266 3.620226e-15
6198.013600000267 3.652134e-15
6199.487200000267 3.6795916e-15
6200.960800000267 3.7053456e-15
6202.4344000002675 3.749436e-15
6203.908000000268 3.8005437e-15
6205.381600000268 3.8548245e-15
6206.855200000268 3.910322e-15
6208.3288000002685 3.9603153e-15
6209.802400000269 4.0081938e-15
6211.276000000269 4.0698104e-15
6212.749600000269 4.1367132e-15
6214.22320000027 4.2107393e-15
6215.69680000027 4.287507e-15
6217.17040000027 4.384237e-15
6218.64400000027 4.488664e-15
6220.117600000271 4.6106375e-15
6221.591200000271 4.7393916e-15
6223.064800000271 4.8372654e-15
6224.538400000271 4.9232037e-15
6226.012000000272 5.0210936e-15
6227.485600000272 5.1236104e-15
6228.959200000272 5.2181575e-15
6230.432800000272 5.3096125e-15
6231.906400000273 5.403643e-15
6233.380000000273 5.498674e-15
6234.853600000273 5.619223e-15
6236.3272000002735 5.749692e-15
6237.800800000274 5.8543123e-15
6239.274400000274 5.948867e-15
6240.748000000274 6.0430405e-15
6242.2216000002745 6.137065e-15
6243.695200000275 6.220215e-15
6245.168800000275 6.2991198e-15
6246.642400000275 6.3791487e-15
6248.116000000276 6.459617e-15
6249.589600000276 6.556706e-15
6251.063200000276 6.6603065e-15
6252.536800000276 6.7491094e-15
6254.010400000277 6.832105e-15
6255.484000000277 6.9047593e-15
6256.957600000277 6.9733533e-15
6258.431200000277 7.058769e-15
6259.904800000278 7.150799e-15
6261.378400000278 7.260593e-15
6262.852000000278 7.377386e-15
6264.325600000278 7.4546065e-15
6265.799200000279 7.516231e-15
6267.272800000279 7.5455304e-15
6268.746400000279 7.56207e-15
6270.2200000002795 7.6083794e-15
6271.69360000028 7.666466e-15
6273.16720000028 7.696868e-15
6274.64080000028 7.7163e-15
6276.1144000002805 7.730218e-15
6277.588000000281 7.7419514e-15
6279.061600000281 7.757811e-15
6280.535200000281 7.775309e-15
6282.008800000282 7.832221e-15
6283.482400000282 7.904812e-15
6284.956000000282 7.995107e-15
6286.429600000282 8.092447e-15
6287.903200000283 8.132402e-15
6289.376800000283 8.149483e-15
6290.850400000283 8.159896e-15
6292.324000000283 8.167647e-15
6293.797600000284 8.2010585e-15
6295.271200000284 8.244735e-15
6296.744800000284 8.284518e-15
6298.218400000284 8.322743e-15
6299.692000000285 8.363521e-15
6301.165600000285 8.405323e-15
6302.639200000285 8.45472e-15
6304.1128000002855 8.507169e-15
6305.586400000286 8.540231e-15
6307.060000000286 8.565502e-15
6308.533600000286 8.575509e-15
6310.0072000002865 8.579371e-15
6311.480800000287 8.600727e-15
6312.954400000287 8.629137e-15
6314.428000000287 8.6401265e-15
6315.9016000002875 8.644079e-15
6317.375200000288 8.657596e-15
6318.848800000288 8.674978e-15
6320.322400000288 8.709822e-15
6321.796000000289 8.751734e-15
6323.269600000289 8.7860525e-15
6324.743200000289 8.81729e-15
6326.216800000289 8.823784e-15
6327.69040000029 8.820237e-15
6329.16400000029 8.8372176e-15
6330.63760000029 8.8625405e-15
6332.11120000029 8.87338e-15
6333.584800000291 8.8783215e-15
6335.058400000291 8.868444e-15
6336.532000000291 8.8525234e-15
6338.005600000291 8.850937e-15
6339.479200000292 8.855198e-15
6340.952800000292 8.865179e-15
6342.426400000292 8.877496e-15
6343.9000000002925 8.8887875e-15
6345.373600000293 8.89966e-15
6346.847200000293 8.899953e-15
6348.320800000293 8.895913e-15
6349.7944000002935 8.891195e-15
6351.268000000294 8.886199e-15
6352.741600000294 8.901434e-15
6354.215200000294 8.924985e-15
6355.688800000295 8.94217e-15
6357.162400000295 8.956733e-15
6358.636000000295 8.9576275e-15
6360.109600000295 8.952892e-15
6361.583200000296 8.925094e-15
6363.056800000296 8.88778e-15
6364.530400000296 8.876859e-15
6366.004000000296 8.876848e-15
6367.477600000297 8.865528e-15
6368.951200000297 8.849532e-15
6370.424800000297 8.860902e-15
6371.898400000297 8.883609e-15
6373.372000000298 8.8547105e-15
6374.845600000298 8.804396e-15
6376.319200000298 8.772925e-15
6377.7928000002985 8.749288e-15
6379.266400000299 8.756379e-15
6380.740000000299 8.776247e-15
6382.213600000299 8.777899e-15
6383.6872000002995 8.771964e-15
6385.1608000003 8.7529945e-15
6386.6344000003 8.728585e-15
6388.1080000003 8.721081e-15
6389.581600000301 8.7206345e-15
6391.055200000301 8.733115e-15
6392.528800000301 8.751e-15
6394.002400000301 8.7350976e-15
6395.476000000302 8.705039e-15
6396.949600000302 8.663436e-15
6398.423200000302 8.616988e-15
6399.896800000302 8.6033035e-15
6401.370400000303 8.603372e-15
6402.844000000303 8.589036e-15
6404.317600000303 8.568643e-15
6405.791200000303 8.560111e-15
6407.264800000304 8.556575e-15
6408.738400000304 8.509823e-15
6410.212000000304 8.444859e-15
6411.6856000003045 8.38566e-15
6413.159200000305 8.3288945e-15
6414.632800000305 8.303932e-15
6416.106400000305 8.292422e-15
6417.5800000003055 8.279478e-15
6419.053600000306 8.265925e-15
6420.527200000306 8.291344e-15
6422.000800000306 8.333277e-15
6423.474400000307 8.367683e-15
6424.948000000307 8.398893e-15
6426.421600000307 8.393608e-15
6427.895200000307 8.3728e-15
6429.368800000308 8.334537e-15
6430.842400000308 8.288847e-15
6432.316000000308 8.2749766e-15
6433.789600000308 8.274664e-15
6435.263200000309 8.286148e-15
6436.736800000309 8.3026695e-15
6438.210400000309 8.290788e-15
6439.684000000309 8.266762e-15
6441.15760000031 8.23305e-15
6442.63120000031 8.1951945e-15
6444.10480000031 8.1679235e-15
6445.5784000003105 8.1451866e-15
6447.052000000311 8.130885e-15
6448.525600000311 8.120205e-15
6449.999200000311 8.094634e-15
6451.4728000003115 8.0626695e-15
6452.946400000312 8.05148e-15
6454.420000000312 8.049226e-15
6455.893600000312 8.039185e-15
6457.367200000313 8.025786e-15
6458.840800000313 8.009342e-15
6460.314400000313 7.991583e-15
6461.788000000313 7.960191e-15
6463.261600000314 7.922912e-15
6464.735200000314 7.90867e-15
6466.208800000314 7.904392e-15
6467.682400000314 7.879718e-15
6469.156000000315 7.846206e-15
6470.629600000315 7.823314e-15
6472.103200000315 7.805026e-15
6473.576800000315 7.797266e-15
6475.050400000316 7.794079e-15
6476.524000000316 7.786042e-15
6477.997600000316 7.775896e-15
6479.4712000003165 7.770297e-15
6480.944800000317 7.766679e-15
6482.418400000317 7.751164e-15
6483.892000000317 7.730463e-15
6485.3656000003175 7.698715e-15
6486.839200000318 7.662144e-15
6488.312800000318 7.645614e-15
6489.786400000318 7.637851e-15
6491.2600000003185 7.64103e-15
6492.733600000319 7.648997e-15
6494.207200000319 7.641051e-15
6495.680800000319 7.626132e-15
6497.15440000032 7.606937e-15
6498.62800000032 7.585864e-15
6500.10160000032 7.596499e-15
6501.57520000032 7.621078e-15
6503.048800000321 7.615917e-15
6504.522400000321 7.597673e-15
6505.996000000321 7.579719e-15
6507.469600000321 7.561894e-15
6508.943200000322 7.570107e-15
6510.416800000322 7.589814e-15
6511.890400000322 7.58299e-15
6513.364000000322 7.564448e-15
6514.837600000323 7.547514e-15
6516.311200000323 7.53129e-15
6517.784800000323 7.525678e-15
6519.2584000003235 7.524768e-15
6520.732000000324 7.509526e-15
6522.205600000324 7.487921e-15
6523.679200000324 7.443008e-15
6525.1528000003245 7.387745e-15
6526.626400000325 7.364311e-15
6528.100000000325 7.355031e-15
6529.573600000325 7.381141e-15
6531.047200000326 7.423018e-15
6532.520800000326 7.4264274e-15
6533.994400000326 7.412692e-15
6535.468000000326 7.3964755e-15
6536.941600000327 7.379153e-15
6538.415200000327 7.374931e-15
6539.888800000327 7.37657e-15
6541.362400000327 7.370978e-15
6542.836000000328 7.362146e-15
6544.309600000328 7.3569225e-15
6545.783200000328 7.353315e-15
6547.256800000328 7.324606e-15
6548.730400000329 7.284631e-15
6550.204000000329 7.2600236e-15
6551.677600000329 7.242327e-15
6553.1512000003295 7.2493865e-15
6554.62480000033 7.2675825e-15
6556.09840000033 7.27237e-15
6557.57200000033 7.271117e-15
6559.0456000003305 7.250346e-15
6560.519200000331 7.220766e-15
6561.992800000331 7.2016435e-15
6563.466400000331 7.18725e-15
6564.940000000332 7.169822e-15
6566.413600000332 7.151022e-15
6567.887200000332 7.146736e-15
6569.360800000332 7.149024e-15
6570.834400000333 7.141624e-15
6572.308000000333 7.1298244e-15
6573.781600000333 7.0997234e-15
6575.255200000333 7.0613135e-15
6576.728800000334 7.065486e-15
6578.202400000334 7.08902e-15
6579.676000000334 7.0832334e-15
6581.149600000334 7.0640905e-15
6582.623200000335 7.049656e-15
6584.096800000335 7.037371e-15
6585.570400000335 7.024854e-15
6587.0440000003355 7.0122326e-15
6588.517600000336 6.9937003e-15
6589.991200000336 6.972467e-15
6591.464800000336 6.9430554e-15
6592.9384000003365 6.9098983e-15
6594.412000000337 6.893681e-15
6595.885600000337 6.8852246e-15
6597.359200000337 6.87474e-15
6598.832800000338 6.863325e-15
6600.306400000338 6.850222e-15
6601.780000000338 6.8363428e-15
6603.253600000338 6.8161927e-15
6604.727200000339 6.793156e-15
6606.200800000339 6.772736e-15
6607.674400000339 6.753522e-15
6609.148000000339 6.737196e-15
6610.62160000034 6.722202e-15
6612.09520000034 6.699475e-15
6613.56880000034 6.6731733e-15
6615.04240000034 6.6442603e-15
6616.516000000341 6.6141394e-15
6617.989600000341 6.5900358e-15
6619.463200000341 6.5687185e-15
6620.9368000003415 6.560393e-15
6622.410400000342 6.558095e-15
6623.884000000342 6.558016e-15
6625.357600000342 6.558968e-15
6626.8312000003425 6.5494714e-15
6628.304800000343 6.535118e-15
6629.778400000343 6.5228013e-15
6631.252000000343 6.511433e-15
6632.725600000344 6.490562e-15
6634.199200000344 6.4652593e-15
6635.672800000344 6.4463625e-15
6637.146400000344 6.4304548e-15
6638.620000000345 6.4258465e-15
6640.093600000345 6.4265186e-15
6641.567200000345 6.412476e-15
6643.040800000345 6.3915446e-15
6644.514400000346 6.371516e-15
6645.988000000346 6.351911e-15
6647.461600000346 6.3426136e-15
6648.935200000346 6.3381506e-15
6650.408800000347 6.323939e-15
6651.882400000347 6.3051477e-15
6653.356000000347 6.2907426e-15
6654.829600000347 6.278402e-15
6656.303200000348 6.2685944e-15
6657.776800000348 6.259979e-15
6659.250400000348 6.238851e-15
6660.7240000003485 6.2118224e-15
6662.197600000349 6.1870522e-15
6663.671200000349 6.1633497e-15
6665.144800000349 6.129803e-15
6666.6184000003495 6.091599e-15
6668.09200000035 6.0857335e-15
6669.56560000035 6.095175e-15
6671.03920000035 6.0906696e-15
6672.512800000351 6.079551e-15
6673.986400000351 6.059613e-15
6675.460000000351 6.035487e-15
6676.933600000351 5.9978873e-15
6678.407200000352 5.953886e-15
6679.880800000352 5.9346156e-15
6681.354400000352 5.9271126e-15
6682.828000000352 5.902452e-15
6684.301600000353 5.8696126e-15
6685.775200000353 5.844609e-15
6687.248800000353 5.8233473e-15
6688.722400000353 5.8063427e-15
6690.196000000354 5.791371e-15
6691.669600000354 5.7819244e-15
6693.143200000354 5.7751215e-15
6694.6168000003545 5.7727853e-15
6696.090400000355 5.7725893e-15
6697.564000000355 5.756397e-15
6699.037600000355 5.732537e-15
6700.5112000003555 5.710889e-15
6701.984800000356 5.6903034e-15
6703.458400000356 5.672002e-15
6704.932000000356 5.6547987e-15
6706.405600000357 5.6236283e-15
6707.879200000357 5.5857287e-15
6709.352800000357 5.5521053e-15
6710.826400000357 5.5205427e-15
6712.300000000358 5.500713e-15
6713.773600000358 5.486548e-15
6715.247200000358 5.4758287e-15
6716.720800000358 5.4667765e-15
6718.194400000359 5.4573016e-15
6719.668000000359 5.4476225e-15
6721.141600000359 5.4435314e-15
6722.615200000359 5.4421477e-15
6724.08880000036 5.4278396e-15
6725.56240000036 5.407259e-15
6727.03600000036 5.375515e-15
6728.5096000003605 5.3383455e-15
6729.983200000361 5.3227343e-15
6731.456800000361 5.317606e-15
6732.930400000361 5.3112083e-15
6734.4040000003615 5.304193e-15
6735.877600000362 5.281246e-15
6737.351200000362 5.2505264e-15
6738.824800000362 5.228542e-15
6740.298400000363 5.210821e-15
6741.772000000363 5.2022494e-15
6743.245600000363 5.1981497e-15
6744.719200000363 5.2019537e-15
6746.192800000364 5.209628e-15
6747.666400000364 5.2177806e-15
6749.140000000364 5.2261675e-15
6750.613600000364 5.222155e-15
6752.087200000365 5.212059e-15
6753.560800000365 5.202031e-15
6755.034400000365 5.1920354e-15
6756.508000000365 5.169871e-15
6757.981600000366 5.1417157e-15
6759.455200000366 5.128218e-15
6760.928800000366 5.1219375e-15
6762.4024000003665 5.1116033e-15
6763.876000000367 5.09927e-15
6765.349600000367 5.085458e-15
6766.823200000367 5.0709156e-15
6768.2968000003675 5.059347e-15
6769.770400000368 5.0492494e-15
6771.244000000368 5.0375133e-15
6772.717600000368 5.0249658e-15
6774.191200000369 5.016915e-15
6775.664800000369 5.0110943e-15
6777.138400000369 5.004815e-15
6778.612000000369 4.9983084e-15
6780.08560000037 4.993525e-15
6781.55920000037 4.989598e-15
6783.03280000037 4.9801527e-15
6784.50640000037 4.967962e-15
6785.980000000371 4.9411633e-15
6787.453600000371 4.907083e-15
6788.927200000371 4.896343e-15
6790.400800000371 4.8972557e-15
6791.874400000372 4.870232e-15
6793.348000000372 4.829257e-15
6794.821600000372 4.814184e-15
6796.2952000003725 4.8120704e-15
6797.768800000373 4.8007557e-15
6799.242400000373 4.7848307e-15
6800.716000000373 4.7838104e-15
6802.1896000003735 4.790261e-15
6803.663200000374 4.784144e-15
6805.136800000374 4.771719e-15
6806.610400000374 4.748607e-15
6808.0840000003745 4.7201195e-15
6809.557600000375 4.6902412e-15
6811.031200000375 4.659662e-15
6812.504800000375 4.6449665e-15
6813.978400000376 4.6382732e-15
6815.452000000376 4.638107e-15
6816.925600000376 4.6412357e-15
6818.399200000376 4.6355127e-15
6819.872800000377 4.6253145e-15
6821.346400000377 4.6257926e-15
6822.820000000377 4.631669e-15
6824.293600000377 4.640594e-15
6825.767200000378 4.6510634e-15
6827.240800000378 4.6456136e-15
6828.714400000378 4.632087e-15
6830.188000000378 4.6255313e-15
6831.661600000379 4.6225176e-15
6833.135200000379 4.6161225e-15
6834.608800000379 4.6080083e-15
6836.0824000003795 4.6103084e-15
6837.55600000038 4.617911e-15
6839.02960000038 4.6074603e-15
6840.50320000038 4.5878023e-15
6841.9768000003805 4.572793e-15
6843.450400000381 4.5601548e-15
6844.924000000381 4.553778e-15
6846.397600000381 4.5505994e-15
6847.871200000382 4.5496037e-15
6849.344800000382 4.5497257e-15
6850.818400000382 4.548144e-15
6852.292000000382 4.5456887e-15
6853.765600000383 4.5434746e-15
6855.239200000383 4.5413837e-15
6856.712800000383 4.5396557e-15
6858.186400000383 4.538114e-15
6859.660000000384 4.5004173e-15
6861.133600000384 4.4441184e-15
6862.607200000384 4.3813728e-15
6864.080800000384 4.3153093e-15
6865.554400000385 4.3226433e-15
6867.028000000385 4.367808e-15
6868.501600000385 4.390707e-15
6869.9752000003855 4.402109e-15
6871.448800000386 4.3635953e-15
6872.922400000386 4.299268e-15
6874.396000000386 4.2474916e-15
6875.8696000003865 4.2022075e-15
6877.343200000387 4.2093086e-15
6878.816800000387 4.243558e-15
6880.290400000387 4.2665503e-15
6881.764000000388 4.2836993e-15
6883.237600000388 4.3013608e-15
6884.711200000388 4.319288e-15
6886.184800000388 4.325686e-15
6887.658400000389 4.32609e-15
6889.132000000389 4.3203386e-15
6890.605600000389 4.311381e-15
6892.079200000389 4.3014446e-15
6893.55280000039 4.2909978e-15
6895.02640000039 4.2814682e-15
6896.50000000039 4.272418e-15
6897.97360000039 4.2707837e-15
6899.447200000391 4.2730263e-15
6900.920800000391 4.275408e-15
6902.394400000391 4.2778632e-15
6903.8680000003915 4.2817515e-15
6905.341600000392 4.2863907e-15
6906.815200000392 4.2966072e-15
6908.288800000392 4.3097485e-15
6909.7624000003925 4.3128656e-15
6911.236000000393 4.3107146e-15
6912.709600000393 4.298212e-15
6914.183200000393 4.280261e-15
6915.656800000394 4.2589664e-15
6917.130400000394 4.235912e-15
6918.604000000394 4.231892e-15
6920.077600000394 4.23791e-15
6921.551200000395 4.2313302e-15
6923.024800000395 4.218097e-15
6924.498400000395 4.2223453e-15
6925.972000000395 4.2358292e-15
6927.445600000396 4.2323636e-15
6928.919200000396 4.2199296e-15
6930.392800000396 4.2223877e-15
6931.866400000396 4.2327393e-15
6933.340000000397 4.262825e-15
6934.813600000397 4.3033865e-15
6936.287200000397 4.309353e-15
6937.7608000003975 4.2969494e-15
6939.234400000398 4.2729623e-15
6940.708000000398 4.242813e-15
6942.181600000398 4.2232046e-15
6943.6552000003985 4.209212e-15
6945.128800000399 4.1890857e-15
6946.602400000399 4.1656907e-15
6948.076000000399 4.1565486e-15
6949.5496000004 4.1550142e-15
6951.0232000004 4.1522817e-15
6952.4968000004 4.148909e-15
6953.9704000004 4.1425912e-15
6955.444000000401 4.1346973e-15
6956.917600000401 4.145377e-15
6958.391200000401 4.166006e-15
6959.864800000401 4.170748e-15
6961.338400000402 4.1669646e-15
6962.812000000402 4.1531957e-15
6964.285600000402 4.1340608e-15
6965.759200000402 4.1311343e-15
6967.232800000403 4.13692e-15
6968.706400000403 4.1343335e-15
6970.180000000403 4.127239e-15
6971.6536000004035 4.1142593e-15
6973.127200000404 4.0981046e-15
6974.600800000404 4.08223e-15
6976.074400000404 4.0665073e-15
6977.5480000004045 4.0428764e-15
6979.021600000405 4.0149726e-15
6980.495200000405 4.010319e-15
6981.968800000405 4.0182498e-15
6983.4424000004055 4.0316193e-15
6984.916000000406 4.047937e-15
6986.389600000406 4.05337e-15
6987.863200000406 4.0529e-15
6989.336800000407 4.0650233e-15
6990.810400000407 4.083985e-15
6992.284000000407 4.0908536e-15
6993.757600000407 4.0911437e-15
6995.231200000408 4.0744762e-15
6996.704800000408 4.0485697e-15
6998.178400000408 4.0338716e-15
6999.652000000408 4.025282e-15
7001.125600000409 4.0077313e-15
7002.599200000409 3.9852883e-15
7004.072800000409 3.978798e-15
7005.546400000409 3.98103e-15
7007.02000000041 3.979914e-15
7008.49360000041 3.976967e-15
7009.96720000041 3.9700294e-15
7011.4408000004105 3.9609065e-15
7012.914400000411 3.970669e-15
7014.388000000411 3.9907945e-15
7015.861600000411 4.0029667e-15
7017.3352000004115 4.0107683e-15
7018.808800000412 3.9983233e-15
7020.282400000412 3.974749e-15
7021.756000000412 3.9603106e-15
7023.229600000413 3.950903e-15
7024.703200000413 3.95055e-15
7026.176800000413 3.95519e-15
7027.650400000413 3.9426783e-15
7029.124000000414 3.9207046e-15
7030.597600000414 3.8891166e-15
7032.071200000414 3.852217e-15
7033.544800000414 3.840144e-15
7035.018400000415 3.841812e-15
7036.492000000415 3.8548965e-15
7037.965600000415 3.8743092e-15
7039.439200000415 3.883956e-15
7040.912800000416 3.888188e-15
7042.386400000416 3.885872e-15
7043.860000000416 3.87992e-15
7045.3336000004165 3.874586e-15
7046.807200000417 3.869596e-15
7048.280800000417 3.8675533e-15
7049.754400000417 3.8671514e-15
7051.2280000004175 3.85595e-15
7052.701600000418 3.8387313e-15
7054.175200000418 3.8090254e-15
7055.648800000418 3.7723485e-15
7057.122400000419 3.750503e-15
7058.596000000419 3.736949e-15
7060.069600000419 3.740251e-15
7061.543200000419 3.75298e-15
7063.01680000042 3.7704537e-15
7064.49040000042 3.7905855e-15
7065.96400000042 3.8017287e-15
7067.43760000042 3.807829e-15
7068.911200000421 3.807553e-15
7070.384800000421 3.803699e-15
7071.858400000421 3.813701e-15
7073.332000000421 3.8314904e-15
7074.805600000422 3.8347862e-15
7076.279200000422 3.829922e-15
7077.752800000422 3.808606e-15
7079.2264000004225 3.7780143e-15
7080.700000000423 3.764252e-15
7082.173600000423 3.7599826e-15
7083.647200000423 3.752123e-15
7085.1208000004235 3.7422356e-15
7086.594400000424 3.7312517e-15
7088.068000000424 3.719648e-15
7089.541600000424 3.7162753e-15
7091.015200000425 3.717561e-15
7092.488800000425 3.7208633e-15
7093.962400000425 3.725308e-15
7095.436000000425 3.746633e-15
7096.909600000426 3.7775425e-15
7098.383200000426 3.784551e-15
7099.856800000426 3.777967e-15
7101.330400000426 3.7744487e-15
7102.804000000427 3.7726737e-15
7104.277600000427 3.7635957e-15
7105.751200000427 3.7503557e-15
7107.224800000427 3.7396018e-15
7108.698400000428 3.7302666e-15
7110.172000000428 3.708158e-15
7111.645600000428 3.678758e-15
7113.1192000004285 3.6674727e-15
7114.592800000429 3.6665435e-15
7116.066400000429 3.6689173e-15
7117.540000000429 3.6731834e-15
7119.0136000004295 3.6794146e-15
7120.48720000043 3.6867723e-15
7121.96080000043 3.7041513e-15
7123.43440000043 3.7272787e-15
7124.908000000431 3.744207e-15
7126.381600000431 3.757573e-15
7127.855200000431 3.763669e-15
7129.328800000431 3.7655803e-15
7130.802400000432 3.769922e-15
7132.276000000432 3.775663e-15
7133.749600000432 3.770076e-15
7135.223200000432 3.7579582e-15
7136.696800000433 3.7340207e-15
7138.170400000433 3.7032556e-15
7139.644000000433 3.689883e-15
7141.117600000433 3.6865694e-15
7142.591200000434 3.6912802e-15
7144.064800000434 3.7006336e-15
7145.538400000434 3.71702e-15
7147.012000000434 3.737483e-15
7148.485600000435 3.752997e-15
7149.959200000435 3.765639e-15
7151.432800000435 3.7716395e-15
7152.9064000004355 3.7737838e-15
7154.380000000436 3.783986e-15
7155.853600000436 3.798873e-15
7157.327200000436 3.8229676e-15
7158.8008000004365 3.8524257e-15
7160.274400000437 3.859356e-15
7161.748000000437 3.8531427e-15
7163.221600000437 3.8408747e-15
7164.695200000438 3.825074e-15
7166.168800000438 3.826815e-15
7167.642400000438 3.838809e-15
7169.116000000438 3.835839e-15
7170.589600000439 3.8241102e-15
7172.063200000439 3.8250043e-15
7173.536800000439 3.83329e-15
7175.010400000439 3.84202e-15
7176.48400000044 3.8510103e-15
7177.95760000044 3.858188e-15
7179.43120000044 3.864301e-15
7180.90480000044 3.899347e-15
7182.378400000441 3.951418e-15
7183.852000000441 3.9950538e-15
7185.325600000441 4.033726e-15
7186.7992000004415 4.0265676e-15
7188.272800000442 3.9923932e-15
7189.746400000442 3.966898e-15
7191.220000000442 3.9465256e-15
7192.6936000004425 3.9306924e-15
7194.167200000443 3.917539e-15
7195.640800000443 3.9124515e-15
7197.114400000443 3.9121335e-15
7198.588000000444 3.9207313e-15
7200.061600000444 3.9346095e-15
