3877.69 7.9351905e-16
3879.8292 1.0628058e-15
3881.9684 1.3320925e-15
3884.1076000000003 1.1533983e-15
3886.2468000000003 9.746204e-16
3888.3860000000004 8.804636e-16
3890.5252000000005 7.863384e-16
3892.6644000000006 1.0905072e-15
3894.8036000000006 1.3948995e-15
3896.9428000000007 1.0679366e-15
3899.082000000001 7.405013e-16
3901.221200000001 8.6015137e-16
3903.360400000001 9.802198e-16
3905.499600000001 1.0342413e-15
3907.638800000001 1.0881887e-15
3909.778000000001 1.0762179e-15
3911.9172000000012 1.0641607e-15
3914.0564000000013 1.3658008e-15
3916.1956000000014 1.6679255e-15
3918.3348000000015 1.6771322e-15
3920.4740000000015 1.6858314e-15
3922.6132000000016 1.4228666e-15
3924.7524000000017 1.1593802e-15
3926.8916000000017 1.1993814e-15
3929.030800000002 1.2400224e-15
3931.170000000002 1.3880647e-15
3933.309200000002 1.5363537e-15
3935.448400000002 1.7354428e-15
3937.587600000002 1.9346582e-15
3939.726800000002 1.6964383e-15
3941.8660000000023 1.4570498e-15
3944.0052000000023 1.3793103e-15
3946.1444000000024 1.302033e-15
3948.2836000000025 1.3652227e-15
3950.4228000000026 1.4288405e-15
3952.5620000000026 1.5504926e-15
3954.7012000000027 1.6723407e-15
3956.840400000003 1.852336e-15
3958.979600000003 2.0325384e-15
3961.118800000003 1.9956384e-15
3963.258000000003 1.9579234e-15
3965.397200000003 1.9385687e-15
3967.536400000003 1.9192864e-15
3969.675600000003 1.8777772e-15
3971.8148000000033 1.8361762e-15
3973.9540000000034 2.0722714e-15
3976.0932000000034 2.3095658e-15
3978.2324000000035 2.2932854e-15
3980.3716000000036 2.2758617e-15
3982.5108000000037 2.052659e-15
3984.6500000000037 1.8284896e-15
3986.789200000004 2.0186006e-15
3988.928400000004 2.2107357e-15
3991.067600000004 2.376871e-15
3993.206800000004 2.5428734e-15
3995.346000000004 2.2834043e-15
3997.485200000004 2.021676e-15
3999.6244000000042 2.002713e-15
4001.7636000000043 1.9850852e-15
4003.9028000000044 2.09879e-15
4006.0420000000045 2.213242e-15
4008.1812000000045 2.124948e-15
4010.3204000000046 2.0354619e-15
4012.4596000000047 1.9193798e-15
4014.5988000000048 1.8031364e-15
4016.738000000005 1.8544365e-15
4018.877200000005 1.906785e-15
4021.016400000005 1.8639521e-15
4023.155600000005 1.8205059e-15
4025.294800000005 1.8033304e-15
4027.434000000005 1.7863292e-15
4029.5732000000053 1.8323546e-15
4031.7124000000053 1.87881e-15
4033.8516000000054 1.9538854e-15
4035.9908000000055 2.0291655e-15
4038.1300000000056 1.9864748e-15
4040.2692000000056 1.9429174e-15
4042.4084000000057 1.933199e-15
4044.547600000006 1.9237357e-15
4046.686800000006 1.8230976e-15
4048.826000000006 1.7217551e-15
4050.965200000006 1.5673291e-15
4053.104400000006 1.412483e-15
4055.243600000006 1.4585637e-15
4057.3828000000062 1.5062732e-15
4059.5220000000063 1.4333245e-15
4061.6612000000064 1.3593748e-15
4063.8004000000064 1.4995343e-15
4065.9396000000065 1.6415106e-15
4068.0788000000066 1.5940583e-15
4070.2180000000067 1.5449535e-15
4072.3572000000067 1.667791e-15
4074.496400000007 1.7921612e-15
4076.635600000007 1.5657878e-15
4078.774800000007 1.3362213e-15
4080.914000000007 1.3038012e-15
4083.053200000007 1.2732136e-15
4085.192400000007 1.3049608e-15
4087.3316000000073 1.3372993e-15
4089.4708000000073 1.2405205e-15
4091.6100000000074 1.1424923e-15
4093.7492000000075 1.2440396e-15
4095.8884000000076 1.3475559e-15
4098.027600000008 1.4011185e-15
4100.166800000007 1.4541788e-15
4102.306000000007 1.4820048e-15
4104.4452000000065 1.5095688e-15
4106.584400000006 1.422404e-15
4108.723600000006 1.3340251e-15
4110.862800000005 1.230699e-15
4113.002000000005 1.1272118e-15
4115.141200000005 1.076894e-15
4117.280400000004 1.0271591e-15
4119.419600000004 1.1347868e-15
4121.558800000003 1.24417e-15
4123.698000000003 1.3035098e-15
4125.837200000003 1.3622819e-15
4127.976400000002 1.3080287e-15
4130.115600000002 1.2524714e-15
4132.2548000000015 1.3132052e-15
4134.394000000001 1.3753029e-15
4136.533200000001 1.5379308e-15
4138.6724 1.701757e-15
4140.8116 1.3628096e-15
4142.9508 1.0177728e-15
4145.089999999999 1.0248272e-15
4147.229199999999 1.0362305e-15
4149.3683999999985 1.276076e-15
4151.507599999998 1.5187869e-15
4153.646799999998 1.3814913e-15
4155.785999999997 1.2393562e-15
4157.925199999997 1.114835e-15
4160.064399999997 9.905414e-16
4162.203599999996 1.0682837e-15
4164.342799999996 1.1486763e-15
4166.481999999995 1.0995582e-15
4168.621199999995 1.0487164e-15
4170.760399999995 1.0974888e-15
4172.899599999994 1.1476064e-15
4175.038799999994 1.1796318e-15
4177.1779999999935 1.2114094e-15
4179.317199999993 9.822541e-16
4181.456399999993 7.4947545e-16
4183.595599999992 9.244176e-16
4185.734799999992 1.1051e-15
4187.873999999992 1.0133776e-15
4190.013199999991 9.177675e-16
4192.152399999991 1.0464968e-15
4194.2915999999905 1.1784709e-15
4196.43079999999 1.2492562e-15
4198.56999999999 1.3191417e-15
4200.709199999989 1.2757007e-15
4202.848399999989 1.2305714e-15
4204.987599999989 1.209058e-15
4207.126799999988 1.1879009e-15
4209.265999999988 1.1506054e-15
4211.405199999987 1.1130632e-15
4213.544399999987 1.1853375e-15
4215.683599999987 1.2593112e-15
4217.822799999986 1.3872724e-15
4219.961999999986 1.5160795e-15
4222.1011999999855 1.4592449e-15
4224.240399999985 1.3994658e-15
4226.379599999985 1.308589e-15
4228.518799999984 1.2172129e-15
4230.657999999984 1.1780759e-15
4232.797199999984 1.1397874e-15
4234.936399999983 1.1206376e-15
4237.075599999983 1.1018024e-15
4239.2147999999825 1.0229894e-15
4241.353999999982 9.431643e-16
4243.493199999982 1.1291166e-15
4245.632399999981 1.3196053e-15
4247.771599999981 1.2318171e-15
4249.910799999981 1.1392792e-15
4252.04999999998 1.164232e-15
4254.18919999998 1.1912128e-15
4256.328399999979 1.219773e-15
4258.467599999979 1.2483611e-15
4260.606799999979 1.2862922e-15
4262.745999999978 1.3243904e-15
4264.885199999978 1.2662627e-15
4267.0243999999775 1.2063946e-15
4269.163599999977 1.167908e-15
4271.302799999977 1.129812e-15
4273.441999999976 1.2188117e-15
4275.581199999976 1.3101592e-15
4277.720399999976 1.2684183e-15
4279.859599999975 1.2241931e-15
4281.998799999975 1.3063468e-15
4284.137999999974 1.3908842e-15
4286.277199999974 1.242188e-15
4288.416399999974 1.0890476e-15
4290.555599999973 1.1796727e-15
4292.694799999973 1.2749902e-15
4294.833999999973 1.3312675e-15
4296.973199999972 1.3867857e-15
4299.112399999972 1.4022492e-15
4301.251599999971 1.416926e-15
4303.390799999971 1.3944729e-15
4305.529999999971 1.3712816e-15
4307.66919999997 1.5287107e-15
4309.80839999997 1.6897657e-15
4311.9475999999695 1.6007639e-15
4314.086799999969 1.5066935e-15
4316.225999999969 1.5258141e-15
4318.365199999968 1.5472512e-15
4320.504399999968 1.5294469e-15
4322.643599999968 1.510832e-15
4324.782799999967 1.480798e-15
4326.921999999967 1.4505259e-15
4329.061199999966 1.4453923e-15
4331.200399999966 1.4407877e-15
4333.339599999966 1.3831907e-15
4335.478799999965 1.324468e-15
4337.617999999965 1.3954774e-15
4339.7571999999645 1.469268e-15
4341.896399999964 1.5382614e-15
4344.035599999964 1.6071509e-15
4346.174799999963 1.6741851e-15
4348.313999999963 1.7411786e-15
4350.453199999963 1.6599776e-15
4352.592399999962 1.5755053e-15
4354.731599999962 1.5176418e-15
4356.8707999999615 1.4603709e-15
4359.009999999961 1.5126325e-15
4361.149199999961 1.5673546e-15
4363.28839999996 1.5878943e-15
4365.42759999996 1.6076593e-15
4367.56679999996 1.5650347e-15
4369.705999999959 1.5209842e-15
4371.845199999959 1.4589324e-15
4373.984399999958 1.3964655e-15
4376.123599999958 1.4374244e-15
4378.262799999958 1.4807876e-15
4380.401999999957 1.4233903e-15
4382.541199999957 1.3636308e-15
4384.6803999999565 1.2314188e-15
4386.819599999956 1.0974942e-15
4388.958799999956 1.1841192e-15
4391.097999999955 1.276001e-15
4393.237199999955 1.2296847e-15
4395.376399999955 1.1800474e-15
4397.515599999954 1.1897176e-15
4399.654799999954 1.2008247e-15
4401.7939999999535 1.0581379e-15
4403.933199999953 9.116573e-16
4406.072399999953 9.398985e-16
4408.211599999952 9.724497e-16
4410.350799999952 9.574142e-16
4412.489999999952 9.411954e-16
4414.629199999951 9.793598e-16
4416.768399999951 1.0188874e-15
4418.90759999995 9.499163e-16
4421.04679999995 8.78205e-16
4423.18599999995 8.307682e-16
4425.325199999949 7.8395536e-16
4427.464399999949 7.9002223e-16
4429.6035999999485 7.9745854e-16
4431.742799999948 8.220743e-16
4433.881999999948 8.4713824e-16
4436.021199999947 8.0845346e-16
4438.160399999947 7.680927e-16
4440.299599999947 6.9573153e-16
4442.438799999946 6.2252274e-16
4444.577999999946 7.2316846e-16
4446.7171999999455 8.284534e-16
4448.856399999945 7.927551e-16
4450.995599999945 7.532668e-16
4453.134799999944 7.2531373e-16
4455.273999999944 6.9767293e-16
4457.413199999944 7.3276047e-16
4459.552399999943 7.695621e-16
4461.691599999943 7.995316e-16
4463.830799999942 8.2931307e-16
4465.969999999942 8.2207756e-16
4468.109199999942 8.138159e-16
4470.248399999941 8.0181065e-16
4472.387599999941 7.897009e-16
4474.5267999999405 8.0091746e-16
4476.66599999994 8.127899e-16
4478.80519999994 8.3276976e-16
4480.944399999939 8.529791e-16
4483.083599999939 8.171944e-16
4485.222799999939 7.798132e-16
4487.361999999938 8.033574e-16
4489.501199999938 8.286507e-16
4491.6403999999375 8.658903e-16
4493.779599999937 9.034752e-16
4495.918799999937 9.537176e-16
4498.057999999936 1.0043284e-15
4500.197199999936 9.631344e-16
4502.336399999936 9.192502e-16
4504.475599999935 9.40308e-16
4506.614799999935 9.632815e-16
4508.753999999934 1.0274396e-15
4510.893199999934 1.0928229e-15
4513.032399999934 1.061366e-15
4515.171599999933 1.027009e-15
4517.310799999933 1.0841593e-15
4519.4499999999325 1.1440681e-15
4521.589199999932 1.133152e-15
4523.728399999932 1.1200867e-15
4525.867599999931 1.1294244e-15
4528.006799999931 1.1394464e-15
4530.145999999931 1.1534176e-15
4532.28519999993 1.1675102e-15
4534.42439999993 1.1325377e-15
4536.5635999999295 1.0960472e-15
4538.702799999929 1.1636149e-15
4540.841999999929 1.2344228e-15
4542.981199999928 1.2871076e-15
4545.120399999928 1.3392245e-15
4547.259599999928 1.4528671e-15
4549.398799999927 1.5684501e-15
4551.537999999927 1.4967875e-15
4553.677199999926 1.4191825e-15
4555.816399999926 1.4345764e-15
4557.955599999926 1.4529447e-15
4560.094799999925 1.5473416e-15
4562.233999999925 1.6441851e-15
4564.3731999999245 1.7212372e-15
4566.512399999924 1.7976485e-15
4568.651599999924 1.7441827e-15
4570.790799999923 1.6864855e-15
4572.929999999923 1.6867938e-15
4575.069199999923 1.6890037e-15
4577.208399999922 1.7673132e-15
4579.347599999922 1.8481325e-15
4581.4867999999215 1.958583e-15
4583.625999999921 2.0700168e-15
4585.765199999921 2.1365616e-15
4587.90439999992 2.2015968e-15
4590.04359999992 2.170443e-15
4592.18279999992 2.1360348e-15
4594.321999999919 2.1097846e-15
4596.461199999919 2.0838122e-15
4598.600399999918 2.141389e-15
4600.739599999918 2.201826e-15
4602.878799999918 2.2557531e-15
4605.017999999917 2.3094563e-15
4607.157199999917 2.322446e-15
4609.2963999999165 2.3340255e-15
4611.435599999916 2.3822365e-15
4613.574799999916 2.4317253e-15
4615.713999999915 2.4913522e-15
4617.853199999915 2.5513346e-15
4619.992399999915 2.512375e-15
4622.131599999914 2.4699246e-15
4624.270799999914 2.4652758e-15
4626.409999999913 2.4619682e-15
4628.549199999913 2.551473e-15
4630.688399999913 2.6442895e-15
4632.827599999912 2.6558995e-15
4634.966799999912 2.6645956e-15
4637.105999999912 2.6505177e-15
4639.245199999911 2.6356182e-15
4641.384399999911 2.6383573e-15
4643.52359999991 2.6417363e-15
4645.66279999991 2.6405604e-15
4647.80199999991 2.6392183e-15
4649.941199999909 2.6373586e-15
4652.080399999909 2.6354801e-15
4654.2195999999085 2.6665175e-15
4656.358799999908 2.6987694e-15
4658.497999999908 2.6703698e-15
4660.637199999907 2.639721e-15
4662.776399999907 2.678514e-15
4664.915599999907 2.7198999e-15
4667.054799999906 2.7576896e-15
4669.193999999906 2.7953443e-15
4671.333199999905 2.741669e-15
4673.472399999905 2.684547e-15
4675.611599999905 2.608132e-15
4677.750799999904 2.5309846e-15
4679.889999999904 2.5664344e-15
4682.0291999999035 2.606179e-15
4684.168399999903 2.552701e-15
4686.307599999903 2.4956483e-15
4688.446799999902 2.3974308e-15
4690.585999999902 2.2976266e-15
4692.725199999902 2.2398012e-15
4694.864399999901 2.1836027e-15
4697.003599999901 2.228593e-15
4699.1427999999005 2.277525e-15
4701.2819999999 2.2008766e-15
4703.4211999999 2.1193114e-15
4705.560399999899 2.0444648e-15
4707.699599999899 1.9698825e-15
4709.838799999899 1.8334723e-15
4711.977999999898 1.6946165e-15
4714.117199999898 1.6946503e-15
4716.256399999897 1.7002134e-15
4718.395599999897 1.6672646e-15
4720.534799999897 1.6327748e-15
4722.673999999896 1.5438946e-15
4724.813199999896 1.452827e-15
4726.9523999998955 1.4402977e-15
4729.091599999895 1.4309424e-15
4731.230799999895 1.382765e-15
4733.369999999894 1.3330106e-15
4735.509199999894 1.3437339e-15
4737.648399999894 1.3569259e-15
4739.787599999893 1.2527822e-15
4741.926799999893 1.1438249e-15
4744.0659999998925 1.140849e-15
4746.205199999892 1.1422424e-15
4748.344399999892 1.1583431e-15
4750.483599999891 1.1750568e-15
4752.622799999891 1.1836597e-15
4754.761999999891 1.1919227e-15
4756.90119999989 1.1519022e-15
4759.04039999989 1.1098494e-15
4761.179599999889 1.1175526e-15
4763.318799999889 1.1273602e-15
4765.457999999889 1.0622874e-15
4767.597199999888 9.94048e-16
4769.736399999888 1.0236164e-15
4771.8755999998875 1.0573662e-15
4774.014799999887 1.0384396e-15
4776.153999999887 1.0172505e-15
4778.293199999886 1.0697381e-15
4780.432399999886 1.1254055e-15
4782.571599999886 1.1003686e-15
4784.710799999885 1.0718326e-15
4786.849999999885 1.0400631e-15
4788.9891999998845 1.0081526e-15
4791.128399999884 9.848895e-16
4793.267599999884 9.620049e-16
4795.406799999883 9.850484e-16
4797.545999999883 1.0101114e-15
4799.685199999883 1.0214382e-15
4801.824399999882 1.0321581e-15
4803.963599999882 1.0015715e-15
4806.102799999881 9.691517e-16
4808.241999999881 1.0311868e-15
4810.381199999881 1.0974328e-15
4812.52039999988 1.0865768e-15
4814.65959999988 1.0722676e-15
4816.7987999998795 1.1066185e-15
4818.937999999879 1.143161e-15
4821.077199999879 1.2037096e-15
4823.216399999878 1.2653444e-15
4825.355599999878 1.3311096e-15
4827.494799999878 1.3970627e-15
4829.633999999877 1.3620355e-15
4831.773199999877 1.3223981e-15
4833.9123999998765 1.3701963e-15
4836.051599999876 1.4220042e-15
4838.190799999876 1.4307849e-15
4840.329999999875 1.4375835e-15
4842.469199999875 1.445726e-15
4844.608399999875 1.4539308e-15
4846.747599999874 1.4668912e-15
4848.886799999874 1.4800725e-15
4851.025999999873 1.5140765e-15
4853.165199999873 1.5490523e-15
4855.304399999873 1.5519721e-15
4857.443599999872 1.553389e-15
4859.582799999872 1.5359673e-15
4861.7219999998715 1.5176585e-15
4863.861199999871 1.4727764e-15
4866.000399999871 1.4266376e-15
4868.13959999987 1.4382038e-15
4870.27879999987 1.4525138e-15
4872.41799999987 1.4066259e-15
4874.557199999869 1.3578634e-15
4876.696399999869 1.3899211e-15
4878.8355999998685 1.425855e-15
4880.974799999868 1.3747137e-15
4883.113999999868 1.3193784e-15
4885.253199999867 1.2880987e-15
4887.392399999867 1.2579825e-15
4889.531599999867 1.2197033e-15
4891.670799999866 1.1810276e-15
4893.809999999866 1.2304901e-15
4895.949199999865 1.2842522e-15
4898.088399999865 1.2990538e-15
4900.227599999865 1.3119467e-15
4902.366799999864 1.291036e-15
4904.505999999864 1.2684623e-15
4906.6451999998635 1.2595304e-15
4908.784399999863 1.2512722e-15
4910.923599999863 1.3137372e-15
4913.062799999862 1.3797287e-15
4915.201999999862 1.428219e-15
4917.341199999862 1.475833e-15
4919.480399999861 1.5416246e-15
4921.619599999861 1.6083264e-15
4923.7587999998605 1.5688423e-15
4925.89799999986 1.5240199e-15
4928.03719999986 1.4876859e-15
4930.176399999859 1.4517804e-15
4932.315599999859 1.5219895e-15
4934.454799999859 1.5976047e-15
4936.593999999858 1.6915172e-15
4938.733199999858 1.7863654e-15
4940.872399999857 1.8320893e-15
4943.011599999857 1.87529e-15
4945.150799999857 1.905749e-15
4947.289999999856 1.9355505e-15
4949.429199999856 1.9693823e-15
4951.5683999998555 2.0034227e-15
4953.707599999855 2.0548297e-15
4955.846799999855 2.1071393e-15
4957.985999999854 2.1275975e-15
4960.125199999854 2.1463933e-15
4962.264399999854 2.1057267e-15
4964.403599999853 2.0619446e-15
4966.542799999853 2.0885495e-15
4968.681999999852 2.1188567e-15
4970.821199999852 2.2057687e-15
4972.960399999852 2.2956727e-15
4975.099599999851 2.319956e-15
4977.238799999851 2.3407565e-15
4979.3779999998505 2.3967945e-15
4981.51719999985 2.45471e-15
4983.65639999985 2.4435435e-15
4985.795599999849 2.4286823e-15
4987.934799999849 2.364517e-15
4990.073999999849 2.2977046e-15
4992.213199999848 2.1713806e-15
4994.352399999848 2.0418492e-15
4996.4915999998475 2.00619e-15
4998.630799999847 1.9756095e-15
5000.769999999847 1.9674341e-15
5002.909199999846 1.9604755e-15
5005.048399999846 1.9187054e-15
5007.187599999846 1.8750372e-15
5009.326799999845 1.8454235e-15
5011.465999999845 1.8165788e-15
5013.605199999844 1.7863847e-15
5015.744399999844 1.7561165e-15
5017.883599999844 1.7153407e-15
5020.022799999843 1.6739854e-15
5022.161999999843 1.6052557e-15
5024.3011999998425 1.5350093e-15
5026.440399999842 1.4801386e-15
5028.579599999842 1.4261229e-15
5030.718799999841 1.3981134e-15
5032.857999999841 1.3715556e-15
5034.997199999841 1.3883469e-15
5037.13639999984 1.4075673e-15
5039.27559999984 1.3667465e-15
5041.4147999998395 1.3225493e-15
5043.553999999839 1.3014199e-15
5045.693199999839 1.2815926e-15
5047.832399999838 1.2801778e-15
5049.971599999838 1.279806e-15
5052.110799999838 1.3243615e-15
5054.249999999837 1.3714718e-15
5056.389199999837 1.3163469e-15
5058.528399999836 1.255387e-15
5060.667599999836 1.2229163e-15
5062.806799999836 1.1920776e-15
5064.945999999835 1.2099952e-15
5067.085199999835 1.2307158e-15
5069.2243999998345 1.1901211e-15
5071.363599999834 1.1459884e-15
5073.502799999834 1.0965612e-15
5075.641999999833 1.0468272e-15
5077.781199999833 1.0984294e-15
5079.920399999833 1.1559264e-15
5082.059599999832 1.1650893e-15
5084.198799999832 1.1714303e-15
5086.3379999998315 1.1363348e-15
5088.477199999831 1.0988117e-15
5090.616399999831 1.0858777e-15
5092.75559999983 1.0743897e-15
5094.89479999983 1.1244256e-15
5097.03399999983 1.1781084e-15
5099.173199999829 1.17986e-15
5101.312399999829 1.1785228e-15
5103.451599999828 1.1730012e-15
5105.590799999828 1.1672298e-15
5107.729999999828 1.1458666e-15
5109.869199999827 1.1235694e-15
5112.008399999827 1.1455341e-15
5114.1475999998265 1.1701595e-15
5116.286799999826 1.1460733e-15
5118.425999999826 1.1190487e-15
5120.565199999825 1.105406e-15
5122.704399999825 1.0925733e-15
5124.843599999825 1.1101492e-15
5126.982799999824 1.1295723e-15
5129.121999999824 1.1188726e-15
5131.2611999998235 1.1063354e-15
5133.400399999823 1.139948e-15
5135.539599999823 1.1763857e-15
5137.678799999822 1.1688805e-15
5139.817999999822 1.1586761e-15
5141.957199999822 1.1470624e-15
5144.096399999821 1.1353618e-15
5146.235599999821 1.159367e-15
5148.37479999982 1.1855807e-15
5150.51399999982 1.1461564e-15
5152.65319999982 1.1026586e-15
5154.792399999819 1.1170432e-15
5156.931599999819 1.1350322e-15
5159.0707999998185 1.1676053e-15
5161.209999999818 1.2010896e-15
5163.349199999818 1.1387816e-15
5165.488399999817 1.0704681e-15
5167.627599999817 1.0601966e-15
5169.766799999817 1.0535763e-15
5171.905999999816 1.0705499e-15
5174.045199999816 1.0890127e-15
5176.1843999998155 1.0916896e-15
5178.323599999815 1.0933661e-15
5180.462799999815 1.1029397e-15
5182.601999999814 1.1130154e-15
5184.741199999814 1.0621299e-15
5186.880399999814 1.0073548e-15
5189.019599999813 1.0256813e-15
5191.158799999813 1.0486872e-15
5193.297999999812 1.0854906e-15
5195.437199999812 1.1231802e-15
5197.576399999812 1.1257147e-15
5199.715599999811 1.1259839e-15
5201.854799999811 1.1690728e-15
5203.9939999998105 1.2149301e-15
5206.13319999981 1.1899583e-15
5208.27239999981 1.1603925e-15
5210.411599999809 1.1857066e-15
5212.550799999809 1.2145919e-15
5214.689999999809 1.245222e-15
5216.829199999808 1.2759659e-15
5218.968399999808 1.2956239e-15
5221.1075999998075 1.3145559e-15
5223.246799999807 1.2955888e-15
5225.385999999807 1.2741313e-15
5227.525199999806 1.2967109e-15
5229.664399999806 1.3221957e-15
5231.803599999806 1.3398007e-15
5233.942799999805 1.3568842e-15
5236.081999999805 1.3427657e-15
5238.221199999804 1.3265753e-15
5240.360399999804 1.3661738e-15
5242.499599999804 1.4094888e-15
5244.638799999803 1.4640271e-15
5246.777999999803 1.5193155e-15
5248.9171999998025 1.5383657e-15
5251.056399999802 1.5549866e-15
5253.195599999802 1.522495e-15
5255.334799999801 1.4867005e-15
5257.473999999801 1.5314848e-15
5259.613199999801 1.5817268e-15
5261.7523999998 1.6322421e-15
5263.8915999998 1.682776e-15
5266.0307999997995 1.665098e-15
5268.169999999799 1.6427708e-15
5270.309199999799 1.6881894e-15
5272.448399999798 1.7382398e-15
5274.587599999798 1.7485485e-15
5276.726799999798 1.7561316e-15
5278.865999999797 1.7459273e-15
5281.005199999797 1.7344992e-15
5283.144399999796 1.7887737e-15
5285.283599999796 1.847586e-15
5287.422799999796 1.8151147e-15
5289.561999999795 1.7763196e-15
5291.701199999795 1.80202e-15
5293.8403999997945 1.8322028e-15
5295.979599999794 1.8725542e-15
5298.118799999794 1.9136143e-15
5300.257999999793 1.935862e-15
5302.397199999793 1.9567941e-15
5304.536399999793 1.9461147e-15
5306.675599999792 1.9332182e-15
5308.814799999792 1.9277227e-15
5310.953999999791 1.922748e-15
5313.093199999791 1.9480646e-15
5315.232399999791 1.9755186e-15
5317.37159999979 2.0145404e-15
5319.51079999979 2.0543806e-15
5321.6499999997895 2.0966295e-15
5323.789199999789 2.1390496e-15
5325.928399999789 2.1570607e-15
5328.067599999788 2.1733334e-15
5330.206799999788 2.1381426e-15
5332.345999999788 2.099276e-15
5334.485199999787 2.0732919e-15
5336.624399999787 2.0482311e-15
5338.7635999997865 2.0706686e-15
5340.902799999786 2.0965213e-15
5343.041999999786 2.1192468e-15
5345.181199999785 2.141747e-15
5347.320399999785 2.1438688e-15
5349.459599999785 2.1445167e-15
5351.598799999784 2.1416218e-15
5353.737999999784 2.13847e-15
5355.877199999783 2.1235821e-15
5358.016399999783 2.1078402e-15
5360.155599999783 2.093217e-15
5362.294799999782 2.0786756e-15
5364.433999999782 2.0987588e-15
5366.5731999997815 2.1213764e-15
5368.712399999781 2.1250011e-15
5370.851599999781 2.1272313e-15
5372.99079999978 2.1234155e-15
5375.12999999978 2.1191542e-15
5377.26919999978 2.1521947e-15
5379.408399999779 2.1879894e-15
5381.547599999779 2.1789554e-15
5383.6867999997785 2.1665991e-15
5385.825999999778 2.1079298e-15
5387.965199999778 2.0458181e-15
5390.104399999777 2.0486417e-15
5392.243599999777 2.0563057e-15
5394.382799999777 2.074436e-15
5396.521999999776 2.093349e-15
5398.661199999776 2.1091241e-15
5400.800399999775 2.1246642e-15
5402.939599999775 2.0900438e-15
5405.078799999775 2.0516517e-15
5407.217999999774 2.0681472e-15
5409.357199999774 2.0887816e-15
5411.4963999997735 2.1241505e-15
5413.635599999773 2.1606337e-15
5415.774799999773 2.160807e-15
5417.913999999772 2.1582266e-15
5420.053199999772 2.188764e-15
5422.192399999772 2.2218295e-15
5424.331599999771 2.2167284e-15
5426.470799999771 2.208706e-15
5428.6099999997705 2.2201892e-15
5430.74919999977 2.2331695e-15
5432.88839999977 2.2691877e-15
5435.027599999769 2.3069791e-15
5437.166799999769 2.289969e-15
5439.305999999769 2.2687403e-15
5441.445199999768 2.2682414e-15
5443.584399999768 2.2693484e-15
5445.723599999767 2.2891396e-15
5447.862799999767 2.310382e-15
5450.001999999767 2.2926791e-15
5452.141199999766 2.2719423e-15
5454.280399999766 2.2932498e-15
5456.4195999997655 2.3178415e-15
5458.558799999765 2.3772854e-15
5460.697999999765 2.4394595e-15
5462.837199999764 2.437314e-15
5464.976399999764 2.430116e-15
5467.115599999764 2.4631267e-15
5469.254799999763 2.499305e-15
5471.393999999763 2.556222e-15
5473.5331999997625 2.6147772e-15
5475.672399999762 2.6329602e-15
5477.811599999762 2.6479457e-15
5479.950799999761 2.6410214e-15
5482.089999999761 2.632357e-15
5484.229199999761 2.6629564e-15
5486.36839999976 2.696683e-15
5488.50759999976 2.7332157e-15
5490.646799999759 2.7699729e-15
5492.785999999759 2.7730709e-15
5494.925199999759 2.7734717e-15
5497.064399999758 2.8067635e-15
5499.203599999758 2.8426978e-15
5501.3427999997575 2.8685302e-15
5503.481999999757 2.8935488e-15
5505.621199999757 2.9047851e-15
5507.760399999756 2.9149082e-15
5509.899599999756 2.9290105e-15
5512.038799999756 2.9434348e-15
5514.177999999755 2.9991527e-15
5516.317199999755 3.0582245e-15
5518.4563999997545 3.1176062e-15
5520.595599999754 3.1770129e-15
5522.734799999754 3.1929985e-15
5524.873999999753 3.2054384e-15
5527.013199999753 3.203381e-15
5529.152399999753 3.2001366e-15
5531.291599999752 3.2032478e-15
5533.430799999752 3.2068807e-15
5535.569999999751 3.2051595e-15
5537.709199999751 3.2029975e-15
5539.848399999751 3.1849834e-15
5541.98759999975 3.16566e-15
5544.12679999975 3.1453652e-15
5546.2659999997495 3.1249898e-15
5548.405199999749 3.142409e-15
5550.544399999749 3.1629663e-15
5552.683599999748 3.1598528e-15
5554.822799999748 3.1547687e-15
5556.961999999748 3.1874038e-15
5559.101199999747 3.2231876e-15
5561.240399999747 3.2088916e-15
5563.3795999997465 3.1904044e-15
5565.518799999746 3.1177896e-15
5567.657999999746 3.0406327e-15
5569.797199999745 3.0360911e-15
5571.936399999745 3.0376584e-15
5574.075599999745 3.0416112e-15
5576.214799999744 3.0457653e-15
5578.353999999744 3.0777035e-15
5580.493199999743 3.1119912e-15
5582.632399999743 3.1303888e-15
5584.771599999743 3.1474391e-15
5586.910799999742 3.0853097e-15
5589.049999999742 3.0164277e-15
5591.1891999997415 2.9777373e-15
5593.328399999741 2.9416218e-15
5595.467599999741 2.9435047e-15
5597.60679999974 2.9486365e-15
5599.74599999974 2.9159503e-15
5601.88519999974 2.8800221e-15
5604.024399999739 2.8415999e-15
5606.163599999739 2.8029623e-15
5608.302799999738 2.8005404e-15
5610.441999999738 2.8012487e-15
5612.581199999738 2.7861059e-15
5614.720399999737 2.7695894e-15
5616.859599999737 2.7182664e-15
5618.998799999737 2.6639195e-15
5621.137999999736 2.6722994e-15
5623.277199999736 2.6861429e-15
5625.416399999735 2.7029446e-15
5627.555599999735 2.7200047e-15
5629.694799999735 2.6599518e-15
5631.833999999734 2.5931477e-15
5633.973199999734 2.5780034e-15
5636.1123999997335 2.5673929e-15
5638.251599999733 2.5015064e-15
5640.390799999733 2.4307565e-15
5642.529999999732 2.4070345e-15
5644.669199999732 2.3874632e-15
5646.808399999732 2.385605e-15
5648.947599999731 2.3853142e-15
5651.086799999731 2.3408488e-15
5653.22599999973 2.2924646e-15
5655.36519999973 2.2742568e-15
5657.50439999973 2.2587324e-15
5659.643599999729 2.2156285e-15
5661.782799999729 2.1700658e-15
5663.9219999997285 2.131277e-15
5666.061199999728 2.0930934e-15
5668.200399999728 2.0672472e-15
5670.339599999727 2.0425064e-15
5672.478799999727 2.0196205e-15
5674.617999999727 1.9969011e-15
5676.757199999726 1.9379868e-15
5678.896399999726 1.8758138e-15
5681.0355999997255 1.8702496e-15
5683.174799999725 1.8697952e-15
5685.313999999725 1.8121033e-15
5687.453199999724 1.7492326e-15
5689.592399999724 1.7290055e-15
5691.731599999724 1.7126462e-15
5693.870799999723 1.6754834e-15
5696.009999999723 1.6364277e-15
5698.149199999722 1.6067652e-15
5700.288399999722 1.5779592e-15
5702.427599999722 1.5993008e-15
5704.566799999721 1.6252274e-15
5706.705999999721 1.5963654e-15
5708.8451999997205 1.5624821e-15
5710.98439999972 1.524304e-15
5713.12359999972 1.4857314e-15
5715.262799999719 1.4955004e-15
5717.401999999719 1.5097217e-15
5719.541199999719 1.4917285e-15
5721.680399999718 1.4707613e-15
5723.819599999718 1.4303623e-15
5725.9587999997175 1.388165e-15
5728.097999999717 1.3829809e-15
5730.237199999717 1.3812305e-15
5732.376399999716 1.377922e-15
5734.515599999716 1.3744686e-15
5736.654799999716 1.4080057e-15
5738.793999999715 1.4449907e-15
5740.933199999715 1.4939159e-15
5743.072399999714 1.5439575e-15
5745.211599999714 1.4791814e-15
5747.350799999714 1.403645e-15
5749.489999999713 1.3943492e-15
5751.629199999713 1.3912762e-15
5753.7683999997125 1.3692776e-15
5755.907599999712 1.3454968e-15
5758.046799999712 1.4421151e-15
5760.185999999711 1.5500975e-15
5762.325199999711 1.5636664e-15
5764.464399999711 1.5683028e-15
5766.60359999971 1.5520044e-15
5768.74279999971 1.5337207e-15
5770.8819999997095 1.599892e-15
5773.021199999709 1.6741155e-15
5775.160399999709 1.6797162e-15
5777.299599999708 1.6787591e-15
5779.438799999708 1.6678794e-15
5781.577999999708 1.6560495e-15
5783.717199999707 1.6713058e-15
5785.856399999707 1.689163e-15
5787.995599999706 1.8092357e-15
5790.134799999706 1.9391453e-15
5792.273999999706 1.9708555e-15
5794.413199999705 1.993093e-15
5796.552399999705 2.039188e-15
5798.6915999997045 2.087591e-15
5800.830799999704 2.1261791e-15
5802.969999999704 2.1638155e-15
5805.109199999703 2.15398e-15
5807.248399999703 2.1395307e-15
5809.387599999703 2.1387321e-15
5811.526799999702 2.1392637e-15
5813.665999999702 2.206705e-15
5815.8051999997015 2.2806796e-15
5817.944399999701 2.3464638e-15
5820.083599999701 2.4114463e-15
5822.2227999997 2.4403483e-15
5824.3619999997 2.465711e-15
5826.5011999997 2.5010024e-15
5828.640399999699 2.53727e-15
5830.779599999699 2.5564005e-15
5832.918799999698 2.5738422e-15
5835.057999999698 2.5940888e-15
5837.197199999698 2.6146122e-15
5839.336399999697 2.6512322e-15
5841.475599999697 2.6894459e-15
5843.6147999996965 2.7165105e-15
5845.753999999696 2.7424689e-15
5847.893199999696 2.7165513e-15
5850.032399999695 2.6854718e-15
5852.171599999695 2.6942648e-15
5854.310799999695 2.7070345e-15
5856.449999999694 2.6785556e-15
5858.589199999694 2.6459537e-15
5860.7283999996935 2.6956171e-15
5862.867599999693 2.7535224e-15
5865.006799999693 2.7639843e-15
5867.145999999692 2.7696823e-15
5869.285199999692 2.7506006e-15
5871.424399999692 2.729025e-15
5873.563599999691 2.718072e-15
5875.702799999691 2.7081905e-15
5877.84199999969 2.7082987e-15
5879.98119999969 2.7094168e-15
5882.12039999969 2.695862e-15
5884.259599999689 2.6808205e-15
5886.398799999689 2.642726e-15
5888.5379999996885 2.602291e-15
5890.677199999688 2.5895159e-15
5892.816399999688 2.579556e-15
5894.955599999687 2.5579974e-15
5897.094799999687 2.5352556e-15
5899.233999999687 2.517898e-15
5901.373199999686 2.501091e-15
5903.512399999686 2.4865402e-15
5905.6515999996855 2.4722205e-15
5907.790799999685 2.4677413e-15
5909.929999999685 2.4642734e-15
5912.069199999684 2.4421023e-15
5914.208399999684 2.4180057e-15
5916.347599999684 2.4213015e-15
5918.486799999683 2.427424e-15
5920.625999999683 2.4291973e-15
5922.765199999682 2.4305208e-15
5924.904399999682 2.394909e-15
5927.043599999682 2.355469e-15
5929.182799999681 2.3499388e-15
5931.321999999681 2.347931e-15
5933.4611999996805 2.3020867e-15
5935.60039999968 2.2516662e-15
5937.73959999968 2.2285528e-15
5939.878799999679 2.208296e-15
5942.017999999679 2.232967e-15
5944.157199999679 2.2623483e-15
5946.296399999678 2.276089e-15
5948.435599999678 2.2881858e-15
5950.574799999677 2.2683752e-15
5952.713999999677 2.2452116e-15
5954.853199999677 2.2022916e-15
5956.992399999676 2.1572853e-15
5959.131599999676 2.1433917e-15
5961.270799999676 2.13279e-15
5963.409999999675 2.1136896e-15
5965.549199999675 2.0936878e-15
5967.688399999674 2.1234625e-15
5969.827599999674 2.158527e-15
5971.966799999674 2.1380676e-15
5974.105999999673 2.1116946e-15
5976.245199999673 2.0748568e-15
5978.3843999996725 2.036902e-15
5980.523599999672 2.0328626e-15
5982.662799999672 2.0324507e-15
5984.801999999671 2.0056857e-15
5986.941199999671 1.9760959e-15
5989.080399999671 1.9400394e-15
5991.21959999967 1.9032881e-15
5993.35879999967 1.8430717e-15
5995.497999999669 1.7803292e-15
5997.637199999669 1.7159019e-15
5999.776399999669 1.6512926e-15
6001.915599999668 1.6279533e-15
6004.054799999668 1.609078e-15
6006.1939999996675 1.6039712e-15
6008.333199999667 1.6003569e-15
6010.472399999667 1.6039195e-15
6012.611599999666 1.6082617e-15
6014.750799999666 1.5951005e-15
6016.889999999666 1.580034e-15
6019.029199999665 1.5426138e-15
6021.168399999665 1.5027551e-15
6023.3075999996645 1.4831597e-15
6025.446799999664 1.4657793e-15
6027.585999999664 1.4604933e-15
6029.725199999663 1.4565321e-15
6031.864399999663 1.474795e-15
6034.003599999663 1.4954974e-15
6036.142799999662 1.4707521e-15
6038.281999999662 1.4410073e-15
6040.421199999661 1.4420749e-15
6042.560399999661 1.446539e-15
6044.699599999661 1.4389312e-15
6046.83879999966 1.4299898e-15
6048.97799999966 1.3910304e-15
6051.1171999996595 1.3487481e-15
6053.256399999659 1.3361321e-15
6055.395599999659 1.3268084e-15
6057.534799999658 1.3716231e-15
6059.673999999658 1.4224589e-15
6061.813199999658 1.4034552e-15
6063.952399999657 1.3766682e-15
6066.091599999657 1.4340964e-15
6068.2307999996565 1.5009296e-15
6070.369999999656 1.4662681e-15
6072.509199999656 1.4202487e-15
6074.648399999655 1.3658133e-15
6076.787599999655 1.3104342e-15
6078.926799999655 1.3077955e-15
6081.065999999654 1.3110833e-15
6083.205199999654 1.3309315e-15
6085.344399999653 1.3526446e-15
6087.483599999653 1.358436e-15
6089.622799999653 1.362431e-15
6091.761999999652 1.3206264e-15
6093.901199999652 1.2736436e-15
6096.0403999996515 1.2708371e-15
6098.179599999651 1.2730485e-15
6100.318799999651 1.2916661e-15
6102.45799999965 1.3121509e-15
6104.59719999965 1.3204682e-15
6106.73639999965 1.3274008e-15
6108.875599999649 1.3617229e-15
6111.014799999649 1.3991688e-15
6113.1539999996485 1.3728711e-15
6115.293199999648 1.3392886e-15
6117.432399999648 1.3376774e-15
6119.571599999647 1.3397368e-15
6121.710799999647 1.3596707e-15
6123.849999999647 1.381661e-15
6125.989199999646 1.3706165e-15
6128.128399999646 1.3557641e-15
6130.267599999645 1.332132e-15
6132.406799999645 1.307486e-15
6134.545999999645 1.3091716e-15
6136.685199999644 1.3139048e-15
6138.824399999644 1.3438836e-15
6140.9635999996435 1.3767901e-15
6143.102799999643 1.385906e-15
6145.241999999643 1.3922573e-15
6147.381199999642 1.4040887e-15
6149.520399999642 1.4165581e-15
6151.659599999642 1.4246366e-15
6153.798799999641 1.4322028e-15
6155.937999999641 1.4507086e-15
6158.0771999996405 1.4704931e-15
6160.21639999964 1.4193075e-15
6162.35559999964 1.3598046e-15
6164.494799999639 1.3591443e-15
6166.633999999639 1.3653935e-15
6168.773199999639 1.367703e-15
6170.912399999638 1.3695489e-15
6173.051599999638 1.3707902e-15
6175.190799999637 1.3719601e-15
6177.329999999637 1.4014061e-15
6179.469199999637 1.4341922e-15
6181.608399999636 1.4050382e-15
6183.747599999636 1.3685531e-15
6185.8867999996355 1.3402087e-15
6188.025999999635 1.3128297e-15
6190.165199999635 1.344663e-15
6192.304399999634 1.3835324e-15
6194.443599999634 1.3949478e-15
6196.582799999634 1.4030944e-15
6198.721999999633 1.3946405e-15
6200.861199999633 1.3842062e-15
6203.0003999996325 1.3938563e-15
6205.139599999632 1.4059071e-15
6207.278799999632 1.4173853e-15
6209.417999999631 1.4287949e-15
6211.557199999631 1.3999818e-15
6213.696399999631 1.3663395e-15
6215.83559999963 1.4192719e-15
6217.97479999963 1.4826185e-15
6220.113999999629 1.5208815e-15
6222.253199999629 1.5561213e-15
6224.392399999629 1.5416632e-15
6226.531599999628 1.5212033e-15
6228.670799999628 1.4941987e-15
6230.8099999996275 1.4664022e-15
6232.949199999627 1.5050277e-15
6235.088399999627 1.5517058e-15
6237.227599999626 1.6052356e-15
6239.366799999626 1.6595977e-15
6241.505999999626 1.6644896e-15
6243.645199999625 1.663361e-15
6245.784399999625 1.690094e-15
6247.9235999996245 1.7202246e-15
6250.062799999624 1.7377152e-15
6252.201999999624 1.7536615e-15
6254.341199999623 1.7117188e-15
6256.480399999623 1.66269e-15
6258.619599999623 1.6238131e-15
6260.758799999622 1.5861842e-15
6262.897999999622 1.6085681e-15
6265.037199999621 1.6383299e-15
6267.176399999621 1.6409857e-15
6269.315599999621 1.6403029e-15
6271.45479999962 1.5989335e-15
6273.59399999962 1.5525429e-15
6275.7331999996195 1.5279076e-15
6277.872399999619 1.5059622e-15
6280.011599999619 1.4821945e-15
6282.150799999618 1.4582005e-15
6284.289999999618 1.4445724e-15
6286.429199999618 1.432234e-15
6288.568399999617 1.3959793e-15
6290.707599999617 1.3567434e-15
6292.846799999616 1.3644998e-15
6294.985999999616 1.378125e-15
6297.125199999616 1.342012e-15
6299.264399999615 1.2996754e-15
6301.403599999615 1.2537453e-15
6303.5427999996145 1.2073649e-15
6305.681999999614 1.2462411e-15
6307.821199999614 1.2958252e-15
6309.960399999613 1.3037149e-15
6312.099599999613 1.3063577e-15
6314.238799999613 1.2934899e-15
6316.377999999612 1.2786658e-15
6318.517199999612 1.2619692e-15
6320.6563999996115 1.245036e-15
6322.795599999611 1.2565752e-15
6324.934799999611 1.2717191e-15
6327.07399999961 1.3156609e-15
6329.21319999961 1.3632556e-15
6331.35239999961 1.3469598e-15
6333.491599999609 1.322545e-15
6335.630799999609 1.2946986e-15
6337.769999999608 1.2664155e-15
6339.909199999608 1.279098e-15
6342.048399999608 1.2970059e-15
6344.187599999607 1.3004945e-15
6346.326799999607 1.3021404e-15
6348.4659999996065 1.3091729e-15
6350.605199999606 1.316895e-15
6352.744399999606 1.3264561e-15
6354.883599999605 1.336253e-15
6357.022799999605 1.3240227e-15
6359.161999999605 1.3089616e-15
6361.301199999604 1.3145174e-15
6363.440399999604 1.3227275e-15
6365.5795999996035 1.3577209e-15
6367.718799999603 1.3961703e-15
6369.857999999603 1.4281849e-15
6371.997199999602 1.4593676e-15
6374.136399999602 1.403395e-15
6376.275599999602 1.336134e-15
6378.414799999601 1.3665476e-15
6380.553999999601 1.4096353e-15
6382.6931999996 1.399876e-15
6384.8323999996 1.3832466e-15
6386.9715999996 1.4629614e-15
6389.110799999599 1.555224e-15
6391.249999999599 1.5605829e-15
6393.3891999995985 1.5546031e-15
6395.528399999598 1.5590859e-15
6397.667599999598 1.5649364e-15
6399.806799999597 1.5961157e-15
6401.945999999597 1.630612e-15
6404.085199999597 1.6500311e-15
6406.224399999596 1.6674721e-15
6408.363599999596 1.6750361e-15
6410.5027999995955 1.681302e-15
6412.641999999595 1.6945818e-15
6414.781199999595 1.7087856e-15
6416.920399999594 1.7277227e-15
6419.059599999594 1.7472844e-15
6421.198799999594 1.7456334e-15
6423.337999999593 1.7411777e-15
6425.477199999593 1.7422723e-15
6427.616399999592 1.7441022e-15
6429.755599999592 1.7817493e-15
6431.894799999592 1.824149e-15
6434.033999999591 1.8708393e-15
6436.173199999591 1.9181002e-15
6438.3123999995905 1.9447673e-15
6440.45159999959 1.968692e-15
6442.59079999959 1.9890794e-15
6444.729999999589 2.0089938e-15
6446.869199999589 2.0400702e-15
6449.008399999589 2.072642e-15
6451.147599999588 2.0667102e-15
6453.286799999588 2.0556117e-15
6455.4259999995875 2.0740495e-15
6457.565199999587 2.096458e-15
6459.704399999587 2.1268483e-15
6461.843599999586 2.1583136e-15
6463.982799999586 2.182827e-15
6466.121999999586 2.2064025e-15
6468.261199999585 2.2181788e-15
6470.400399999585 2.2283597e-15
6472.539599999584 2.200676e-15
6474.678799999584 2.1678635e-15
6476.817999999584 2.2018105e-15
6478.957199999583 2.2448167e-15
6481.096399999583 2.275565e-15
6483.2355999995825 2.304647e-15
6485.374799999582 2.3109744e-15
6487.513999999582 2.3142029e-15
6489.653199999581 2.319651e-15
6491.792399999581 2.3254017e-15
6493.931599999581 2.3374372e-15
6496.07079999958 2.3503314e-15
6498.20999999958 2.3658433e-15
6500.3491999995795 2.3817135e-15
6502.488399999579 2.398338e-15
6504.627599999579 2.4150663e-15
6506.766799999578 2.4471688e-15
6508.905999999578 2.4813839e-15
6511.045199999578 2.492552e-15
6513.184399999577 2.5005484e-15
6515.323599999577 2.4856787e-15
6517.462799999576 2.4676564e-15
6519.601999999576 2.4790374e-15
6521.741199999576 2.4944811e-15
6523.880399999575 2.4785006e-15
6526.019599999575 2.4581703e-15
6528.1587999995745 2.4536524e-15
6530.297999999574 2.4513271e-15
6532.437199999574 2.472272e-15
6534.576399999573 2.4964488e-15
6536.715599999573 2.5128645e-15
6538.854799999573 2.5282e-15
6540.993999999572 2.5215116e-15
6543.133199999572 2.5117536e-15
6545.2723999995715 2.523334e-15
6547.411599999571 2.537894e-15
6549.550799999571 2.5187867e-15
6551.68999999957 2.4949703e-15
6553.82919999957 2.4959916e-15
6555.96839999957 2.500493e-15
6558.107599999569 2.5194516e-15
6560.246799999569 2.5404396e-15
6562.385999999568 2.4915872e-15
6564.525199999568 2.4329152e-15
6566.664399999568 2.4414871e-15
6568.803599999567 2.4595342e-15
6570.942799999567 2.4530299e-15
6573.0819999995665 2.4430599e-15
6575.221199999566 2.3852797e-15
6577.360399999566 2.3207396e-15
6579.499599999565 2.3115995e-15
6581.638799999565 2.310306e-15
6583.777999999565 2.3118562e-15
6585.917199999564 2.3138094e-15
6588.056399999564 2.2772339e-15
6590.1955999995635 2.2351823e-15
6592.334799999563 2.2186751e-15
6594.473999999563 2.2058047e-15
6596.613199999562 2.212525e-15
6598.752399999562 2.2220391e-15
6600.891599999562 2.1362425e-15
6603.030799999561 2.03683e-15
6605.169999999561 2.075927e-15
6607.30919999956 2.1348873e-15
6609.44839999956 2.1253367e-15
6611.58759999956 2.1059446e-15
6613.726799999559 2.084261e-15
6615.865999999559 2.0622476e-15
6618.0051999995585 2.076766e-15
6620.144399999558 2.09655e-15
6622.283599999558 2.0601817e-15
6624.422799999557 2.0157199e-15
6626.561999999557 1.9596569e-15
6628.701199999557 1.9019155e-15
6630.840399999556 1.888579e-15
6632.979599999556 1.8816784e-15
6635.118799999555 1.8865749e-15
6637.257999999555 1.893184e-15
6639.397199999555 1.8542445e-15
6641.536399999554 1.8086809e-15
6643.675599999554 1.7882627e-15
6645.8147999995535 1.7715078e-15
6647.953999999553 1.7543474e-15
6650.093199999553 1.7371279e-15
6652.232399999552 1.6904357e-15
6654.371599999552 1.6394358e-15
6656.510799999552 1.608268e-15
6658.649999999551 1.5800039e-15
6660.789199999551 1.584257e-15
6662.9283999995505 1.5932788e-15
6665.06759999955 1.5953944e-15
6667.20679999955 1.5964954e-15
6669.345999999549 1.5602896e-15
6671.485199999549 1.5185943e-15
6673.624399999549 1.5046441e-15
6675.763599999548 1.4947851e-15
6677.902799999548 1.4697662e-15
6680.041999999547 1.4425082e-15
6682.181199999547 1.4237019e-15
6684.320399999547 1.406146e-15
6686.459599999546 1.3990352e-15
6688.598799999546 1.3934724e-15
6690.7379999995455 1.3883316e-15
6692.877199999545 1.3832534e-15
6695.016399999545 1.3185736e-15
6697.155599999544 1.2450318e-15
6699.294799999544 1.2167933e-15
6701.433999999544 1.1953022e-15
6703.573199999543 1.2374627e-15
6705.712399999543 1.289119e-15
6707.8515999995425 1.2678019e-15
6709.990799999542 1.2355805e-15
6712.129999999542 1.1819059e-15
6714.269199999541 1.1250205e-15
6716.408399999541 1.137261e-15
6718.547599999541 1.159865e-15
6720.68679999954 1.1558186e-15
6722.82599999954 1.1477701e-15
6724.965199999539 1.0845361e-15
6727.104399999539 1.0129978e-15
6729.243599999539 1.0007342e-15
6731.382799999538 9.974047e-16
6733.521999999538 1.0195955e-15
6735.6611999995375 1.0456392e-15
6737.800399999537 1.0334734e-15
6739.939599999537 1.0155295e-15
6742.078799999536 9.978529e-16
6744.217999999536 9.802167e-16
6746.357199999536 9.27529e-16
6748.496399999535 8.695234e-16
6750.635599999535 8.6038033e-16
6752.7747999995345 8.586626e-16
6754.913999999534 8.8328485e-16
6757.053199999534 9.119163e-16
6759.192399999533 9.053556e-16
6761.331599999533 8.934295e-16
6763.470799999533 8.892408e-16
6765.609999999532 8.8623374e-16
6767.749199999532 8.869957e-16
6769.888399999531 8.883353e-16
6772.027599999531 8.276726e-16
6774.166799999531 7.574913e-16
6776.30599999953 7.865745e-16
6778.44519999953 8.308966e-16
6780.5843999995295 8.2698627e-16
6782.723599999529 8.156594e-16
6784.862799999529 8.1832663e-16
6787.001999999528 8.231492e-16
6789.141199999528 8.34551e-16
6791.280399999528 8.469699e-16
6793.419599999527 8.259259e-16
6795.558799999527 7.9970096e-16
6797.6979999995265 7.8613345e-16
6799.837199999526 7.7452883e-16
6801.976399999526 7.648561e-16
6804.115599999525 7.554834e-16
6806.254799999525 7.4844297e-16
6808.393999999525 7.4176544e-16
6810.533199999524 7.458681e-16
6812.672399999524 7.516506e-16
6814.811599999523 7.49124e-16
6816.950799999523 7.4530053e-16
6819.089999999523 7.53077e-16
6821.229199999522 7.6266677e-16
6823.368399999522 7.7999775e-16
6825.5075999995215 7.985409e-16
6827.646799999521 8.1131627e-16
6829.785999999521 8.2318675e-16
6831.92519999952 7.8242683e-16
6834.06439999952 7.3339675e-16
6836.20359999952 7.718068e-16
6838.342799999519 8.239789e-16
6840.481999999519 8.1280196e-16
6842.6211999995185 7.9163885e-16
6844.760399999518 7.653676e-16
6846.899599999518 7.382898e-16
6849.038799999517 7.7597456e-16
6851.177999999517 8.2390085e-16
6853.317199999517 7.951125e-16
6855.456399999516 7.541732e-16
6857.595599999516 7.8546255e-16
6859.734799999515 8.282104e-16
6861.873999999515 8.489066e-16
6864.013199999515 8.6609897e-16
6866.152399999514 8.4042424e-16
6868.291599999514 8.0792745e-16
6870.4307999995135 8.3347994e-16
6872.569999999513 8.6828527e-16
6874.709199999513 8.627554e-16
6876.848399999512 8.5078615e-16
6878.987599999512 8.423465e-16
6881.126799999512 8.3447145e-16
6883.265999999511 8.2150644e-16
6885.405199999511 8.07726e-16
6887.5443999995105 7.748558e-16
6889.68359999951 7.389223e-16
6891.82279999951 8.075731e-16
6893.961999999509 8.930323e-16
6896.101199999509 8.869672e-16
6898.240399999509 8.661696e-16
6900.379599999508 8.3526464e-16
6902.518799999508 8.0273016e-16
6904.657999999507 8.1122325e-16
6906.797199999507 8.2634115e-16
6908.936399999507 8.266987e-16
6911.075599999506 8.2466916e-16
6913.214799999506 8.222676e-16
6915.3539999995055 8.1980576e-16
6917.493199999505 8.345987e-16
6919.632399999505 8.521909e-16
6921.771599999504 8.779375e-16
6923.910799999504 9.05009e-16
6926.049999999504 9.152115e-16
6928.189199999503 9.226689e-16
6930.328399999503 9.292227e-16
6932.467599999502 9.356291e-16
6934.606799999502 9.027166e-16
6936.745999999502 8.63383e-16
6938.885199999501 8.6357074e-16
6941.024399999501 8.7022243e-16
6943.163599999501 9.025374e-16
6945.3027999995 9.390563e-16
6947.4419999995 9.058183e-16
6949.581199999499 8.611357e-16
6951.720399999499 8.406918e-16
6953.859599999499 8.2423844e-16
6955.998799999498 8.587509e-16
6958.137999999498 9.01667e-16
6960.2771999994975 9.005324e-16
6962.416399999497 8.921232e-16
6964.555599999497 8.970242e-16
6966.694799999496 9.041267e-16
6968.833999999496 9.400406e-16
6970.973199999496 9.807271e-16
6973.112399999495 9.78607e-16
6975.251599999495 9.693852e-16
6977.390799999494 8.7555874e-16
6979.529999999494 7.6767464e-16
6981.669199999494 8.0015073e-16
6983.808399999493 8.5598444e-16
6985.947599999493 8.7327387e-16
6988.0867999994925 8.841368e-16
6990.225999999492 8.820088e-16
6992.365199999492 8.777115e-16
6994.504399999491 8.520266e-16
6996.643599999491 8.2276477e-16
6998.782799999491 8.0476293e-16
7000.92199999949 7.8864707e-16
7003.06119999949 7.745422e-16
7005.2003999994895 7.607746e-16
7007.339599999489 7.8799353e-16
7009.478799999489 8.2209836e-16
7011.617999999488 8.4379236e-16
7013.757199999488 8.6339815e-16
7015.896399999488 8.3639855e-16
7018.035599999487 8.015453e-16
7020.174799999487 7.9446455e-16
7022.313999999486 7.9207094e-16
7024.453199999486 8.008858e-16
7026.592399999486 8.115952e-16
7028.731599999485 8.251976e-16
7030.870799999485 8.392897e-16
7033.0099999994845 8.7003275e-16
7035.149199999484 9.035998e-16
7037.288399999484 9.158418e-16
7039.427599999483 9.244614e-16
7041.566799999483 9.062104e-16
7043.705999999483 8.8338824e-16
7045.845199999482 8.486367e-16
7047.984399999482 8.1185276e-16
7050.1235999994815 8.547991e-16
7052.262799999481 9.113494e-16
7054.401999999481 8.753792e-16
7056.54119999948 8.23599e-16
7058.68039999948 7.9010386e-16
7060.81959999948 7.5973794e-16
7062.958799999479 7.34159e-16
7065.097999999479 7.0940047e-16
7067.237199999478 7.4986726e-16
7069.376399999478 8.0152997e-16
7071.515599999478 7.8867e-16
7073.654799999477 7.6471813e-16
7075.793999999477 7.4901726e-16
7077.9331999994765 7.3473687e-16
7080.072399999476 7.436075e-16
7082.211599999476 7.5646993e-16
7084.350799999475 7.595793e-16
7086.489999999475 7.610039e-16
7088.629199999475 7.9582494e-16
7090.768399999474 8.364235e-16
7092.907599999474 8.3992205e-16
7095.0467999994735 8.369927e-16
7097.185999999473 8.2068673e-16
7099.325199999473 8.020597e-16
7101.464399999472 8.0207313e-16
7103.603599999472 8.053258e-16
7105.742799999472 7.7014184e-16
7107.881999999471 7.282687e-16
7110.021199999471 7.4215005e-16
7112.16039999947 7.6574875e-16
7114.29959999947 7.822509e-16
7116.43879999947 7.975144e-16
7118.577999999469 8.02747e-16
7120.717199999469 8.0622295e-16
7122.8563999994685 7.8072774e-16
7124.995599999468 7.501514e-16
7127.134799999468 7.7327147e-16
7129.273999999467 8.05823e-16
7131.413199999467 8.5959704e-16
7133.552399999467 9.171042e-16
7135.691599999466 9.558274e-16
7137.830799999466 9.912418e-16
7139.9699999994655 9.467712e-16
7142.109199999465 8.882022e-16
7144.248399999465 8.7690965e-16
7146.387599999464 8.739728e-16
7148.526799999464 8.7312484e-16
7150.665999999464 8.7264664e-16
7152.805199999463 8.483051e-16
7154.944399999463 8.1973345e-16
7157.083599999462 8.169417e-16
7159.222799999462 8.187263e-16
7161.361999999462 8.3073535e-16
7163.501199999461 8.4456205e-16
7165.640399999461 9.246404e-16
7167.7795999994605 1.0165142e-15
7169.91879999946 1.0434234e-15
7172.05799999946 1.0587495e-15
7174.197199999459 1.0178736e-15
7176.336399999459 9.669625e-16
7178.475599999459 1.060107e-15
7180.614799999458 1.1790112e-15
7182.753999999458 1.157505e-15
7184.8931999994575 1.1108546e-15
7187.032399999457 1.0238339e-15
7189.171599999457 9.295708e-16
7191.310799999456 9.71859e-16
7193.449999999456 1.0386804e-15
7195.589199999456 1.0336472e-15
7197.728399999455 1.0156858e-15
7199.867599999455 1.0423389e-15
7202.006799999454 1.077031e-15
7204.145999999454 1.1475178e-15
7206.285199999454 1.2244636e-15
7208.424399999453 1.198042e-15
7210.563599999453 1.1529414e-15
7212.7027999994525 1.1528769e-15
7214.841999999452 1.1609622e-15
7216.981199999452 1.1920492e-15
7219.120399999451 1.2273046e-15
7221.259599999451 1.2105786e-15
7223.398799999451 1.1844189e-15
7225.53799999945 1.161186e-15
7227.67719999945 1.1384851e-15
7229.8163999994495 1.1156694e-15
7231.955599999449 1.0928328e-15
7234.094799999449 1.0828197e-15
7236.233999999448 1.0751441e-15
7238.373199999448 1.1135496e-15
7240.512399999448 1.1603695e-15
7242.651599999447 1.2167013e-15
7244.790799999447 1.2747725e-15
7246.929999999446 1.2190934e-15
7249.069199999446 1.1425843e-15
7251.208399999446 1.1558927e-15
7253.347599999445 1.1856722e-15
7255.486799999445 1.2155309e-15
7257.6259999994445 1.2454043e-15
7259.765199999444 1.3018276e-15
7261.904399999444 1.3631335e-15
7264.043599999443 1.3046241e-15
7266.182799999443 1.2240485e-15
7268.321999999443 1.2058576e-15
7270.461199999442 1.1991723e-15
7272.600399999442 1.2249632e-15
7274.739599999441 1.2567522e-15
7276.878799999441 1.2286489e-15
7279.017999999441 1.1894683e-15
7281.15719999944 1.1630645e-15
7283.29639999944 1.1390317e-15
7285.43559999944 1.1705635e-15
7287.574799999439 1.21242e-15
7289.713999999439 1.2434653e-15
7291.853199999438 1.272502e-15
7293.992399999438 1.2983356e-15
7296.131599999438 1.3235732e-15
7298.270799999437 1.3572224e-15
7300.409999999437 1.392439e-15
7302.5491999994365 1.3292747e-15
7304.688399999436 1.2477202e-15
7306.827599999436 1.1983674e-15
7308.966799999435 1.1550424e-15
7311.105999999435 1.232608e-15
7313.245199999435 1.3328349e-15
7315.384399999434 1.2478549e-15
7317.523599999434 1.1281079e-15
7319.662799999433 1.1197397e-15
7321.801999999433 1.1323086e-15
7323.941199999433 1.1042463e-15
7326.080399999432 1.0685351e-15
7328.219599999432 1.1003134e-15
7330.3587999994315 1.144814e-15
7332.497999999431 1.1250192e-15
7334.637199999431 1.093087e-15
7336.77639999943 1.0773183e-15
7338.91559999943 1.0646052e-15
7341.05479999943 1.0682422e-15
7343.193999999429 1.0749744e-15
7345.333199999429 1.0967593e-15
7347.4723999994285 1.1213988e-15
7349.611599999428 1.1063148e-15
7351.750799999428 1.0836874e-15
7353.889999999427 1.0634237e-15
7356.029199999427 1.0436095e-15
7358.168399999427 1.0384587e-15
7360.307599999426 1.0361001e-15
7362.446799999426 1.0480468e-15
7364.585999999425 1.0627214e-15
7366.725199999425 1.1171455e-15
7368.864399999425 1.1791602e-15
7371.003599999424 1.1632163e-15
7373.142799999424 1.1323648e-15
7375.2819999994235 1.115154e-15
7377.421199999423 1.1005553e-15
7379.560399999423 1.1020231e-15
7381.699599999422 1.1065717e-15
7383.838799999422 1.0881941e-15
7385.977999999422 1.0654145e-15
7388.117199999421 1.0719927e-15
7390.256399999421 1.0842161e-15
7392.3955999994205 1.0236824e-15
7394.53479999942 9.491344e-16
7396.67399999942 1.0080962e-15
7398.813199999419 1.0928098e-15
7400.952399999419 1.1053408e-15
7403.091599999419 1.1039298e-15
7405.230799999418 1.107122e-15
7407.369999999418 1.1112046e-15
7409.509199999417 1.1394516e-15
7411.648399999417 1.1723787e-15
7413.787599999417 1.1447167e-15
7415.926799999416 1.1053036e-15
7418.065999999416 1.0941951e-15
7420.2051999994155 1.088584e-15
7422.344399999415 1.1058306e-15
7424.483599999415 1.1275227e-15
7426.622799999414 1.139987e-15
7428.761999999414 1.1506542e-15
7430.901199999414 1.1848341e-15
7433.040399999413 1.2235993e-15
7435.179599999413 1.2301321e-15
7437.3187999994125 1.2303702e-15
7439.457999999412 1.259968e-15
7441.597199999412 1.2953069e-15
7443.736399999411 1.3547207e-15
7445.875599999411 1.4188567e-15
7448.014799999411 1.3833975e-15
7450.15399999941 1.3284023e-15
7452.29319999941 1.2829535e-15
7454.432399999409 1.2393797e-15
7456.571599999409 1.2361021e-15
7458.710799999409 1.2407504e-15
7460.849999999408 1.3106719e-15
7462.989199999408 1.3934493e-15
7465.1283999994075 1.342871e-15
7467.267599999407 1.2659469e-15
7469.406799999407 1.2504792e-15
7471.545999999406 1.2471693e-15
7473.685199999406 1.2749425e-15
7475.824399999406 1.3088731e-15
7477.963599999405 1.3044395e-15
7480.102799999405 1.2923959e-15
7482.2419999994045 1.3035076e-15
7484.381199999404 1.3192187e-15
7486.520399999404 1.3187179e-15
7488.659599999403 1.3149925e-15
7490.798799999403 1.2924594e-15
7492.937999999403 1.2661804e-15
7495.077199999402 1.2731332e-15
7497.216399999402 1.2867138e-15
7499.355599999401 1.2896818e-15
7501.494799999401 1.2905297e-15
7503.633999999401 1.2737234e-15
7505.7731999994 1.2533854e-15
7507.9123999994 1.2679882e-15
7510.0515999993995 1.2895902e-15
7512.190799999399 1.3314075e-15
7514.329999999399 1.3772796e-15
7516.469199999398 1.2911523e-15
7518.608399999398 1.1785124e-15
7520.747599999398 1.1662673e-15
7522.886799999397 1.1742137e-15
7525.025999999397 1.1738464e-15
7527.1651999993965 1.171805e-15
7529.304399999396 1.124798e-15
7531.443599999396 1.0687233e-15
7533.582799999395 1.0609831e-15
7535.721999999395 1.0630033e-15
7537.861199999395 1.0966295e-15
7540.000399999394 1.1366465e-15
7542.139599999394 1.1257753e-15
7544.278799999393 1.1046005e-15
7546.417999999393 1.0938321e-15
7548.557199999393 1.0851733e-15
7550.696399999392 1.0686809e-15
7552.835599999392 1.0505975e-15
7554.9747999993915 1.0389185e-15
7557.113999999391 1.0285418e-15
7559.253199999391 1.0486226e-15
7561.39239999939 1.0749051e-15
7563.53159999939 1.0464971e-15
7565.67079999939 1.0069382e-15
7567.809999999389 9.973065e-16
7569.949199999389 9.937851e-16
7572.0883999993885 1.0160891e-15
7574.227599999388 1.0436727e-15
7576.366799999388 1.0429978e-15
7578.505999999387 1.0365384e-15
7580.645199999387 1.0645075e-15
7582.784399999387 1.0995337e-15
7584.923599999386 1.0454226e-15
7587.062799999386 9.730159e-16
7589.201999999385 9.423249e-16
7591.341199999385 9.202075e-16
7593.480399999385 9.045409e-16
7595.619599999384 8.902019e-16
7597.758799999384 1.0129325e-15
7599.8979999993835 1.1639179e-15
7602.037199999383 1.2235317e-15
7604.176399999383 1.2642858e-15
7606.315599999382 1.1504962e-15
7608.454799999382 1.0047655e-15
7610.593999999382 9.438046e-16
7612.733199999381 9.003868e-16
7614.872399999381 9.431994e-16
7617.01159999938 1.0038808e-15
7619.15079999938 1.007064e-15
7621.28999999938 9.983166e-16
7623.429199999379 9.589112e-16
7625.568399999379 9.13136e-16
7627.7075999993785 1.0643416e-15
7629.846799999378 1.2565944e-15
7631.985999999378 1.4222834e-15
7634.125199999377 1.5824296e-15
7636.264399999377 1.5190382e-15
7638.403599999377 1.4089434e-15
7640.542799999376 1.3835488e-15
7642.681999999376 1.3758738e-15
7644.8211999993755 1.3906325e-15
7646.960399999375 1.4100905e-15
7649.099599999375 1.288079e-15
7651.238799999374 1.1363945e-15
7653.377999999374 1.1094125e-15
7655.517199999374 1.1086295e-15
7657.656399999373 1.2155144e-15
7659.795599999373 1.3450488e-15
7661.934799999372 1.3631002e-15
7664.073999999372 1.3576687e-15
7666.213199999372 1.3107403e-15
7668.352399999371 1.2550597e-15
7670.491599999371 1.2510901e-15
7672.6307999993705 1.2580413e-15
7674.76999999937 1.332273e-15
7676.90919999937 1.4207322e-15
7679.048399999369 1.4306528e-15
7681.187599999369 1.4239439e-15
7683.326799999369 1.3337642e-15
7685.465999999368 1.2258877e-15
7687.605199999368 1.1971394e-15
7689.7443999993675 1.185189e-15
7691.883599999367 1.2337145e-15
7694.022799999367 1.2950948e-15
7696.161999999366 1.3245894e-15
7698.301199999366 1.3472973e-15
7700.440399999366 1.2770043e-15
7702.579599999365 1.1868919e-15
7704.718799999365 1.1955421e-15
7706.857999999364 1.2252737e-15
7708.997199999364 1.2772592e-15
7711.136399999364 1.3340009e-15
7713.275599999363 1.3250186e-15
7715.414799999363 1.301971e-15
7717.5539999993625 1.3155753e-15
7719.693199999362 1.3370335e-15
7721.832399999362 1.3257551e-15
7723.971599999361 1.307453e-15
7726.110799999361 1.295518e-15
7728.249999999361 1.2849509e-15
7730.38919999936 1.3699179e-15
7732.52839999936 1.4754354e-15
7734.6675999993595 1.4744352e-15
7736.806799999359 1.4504929e-15
7738.945999999359 1.4227253e-15
7741.085199999358 1.3941329e-15
7743.224399999358 1.3957138e-15
7745.363599999358 1.4038103e-15
7747.502799999357 1.3741074e-15
7749.641999999357 1.3362317e-15
7751.781199999356 1.3472341e-15
7753.920399999356 1.3688181e-15
7756.059599999356 1.3646793e-15
7758.198799999355 1.3549629e-15
7760.337999999355 1.3897246e-15
7762.4771999993545 1.4341431e-15
7764.616399999354 1.4342092e-15
7766.755599999354 1.4246334e-15
7768.894799999353 1.4349714e-15
7771.033999999353 1.4496441e-15
