4260.878 0.7614577
4261.878154 0.75289273
4262.878308 0.7443278
4263.878462000001 0.7358335
4264.878616000001 0.7273392
4265.878770000001 0.725387
4266.8789240000015 0.7234348
4267.879078000002 0.7253783
4268.879232000002 0.7273218
4269.879386000002 0.7263089
4270.879540000003 0.725296
4271.879694000003 0.71896636
4272.879848000003 0.7126367
4273.8800020000035 0.7030431
4274.880156000004 0.69344944
4275.880310000004 0.68358886
4276.880464000004 0.6737283
4277.880618000005 0.6708464
4278.880772000005 0.66796464
4279.880926000005 0.67988676
4280.881080000006 0.691809
4281.881234000006 0.70531356
4282.881388000006 0.7188182
4283.881542000006 0.71414125
4284.881696000007 0.70946413
4285.881850000007 0.69457084
4286.882004000007 0.6796775
4287.882158000008 0.68249214
4288.882312000008 0.68530697
4289.882466000008 0.7116987
4290.8826200000085 0.73809075
4291.882774000009 0.7495819
4292.882928000009 0.7610728
4293.883082000009 0.7303656
4294.88323600001 0.6996577
4295.88339000001 0.65987164
4296.88354400001 0.6200854
4297.883698000011 0.6095857
4298.883852000011 0.59908646
4299.884006000011 0.6137587
4300.884160000011 0.6284313
4301.884314000012 0.6501891
4302.884468000012 0.671947
4303.884622000012 0.690571
4304.884776000013 0.70919496
4305.884930000013 0.721807
4306.885084000013 0.7344189
4307.8852380000135 0.7399715
4308.885392000014 0.745524
4309.885546000014 0.7540523
4310.885700000014 0.76258063
4311.885854000015 0.7836687
4312.886008000015 0.8047571
4313.886162000015 0.8251163
4314.8863160000155 0.8454754
4315.886470000016 0.8483651
4316.886624000016 0.8512544
4317.886778000016 0.8348578
4318.886932000017 0.8184607
4319.887086000017 0.7895811
4320.887240000017 0.7607012
4321.887394000018 0.7291134
4322.887548000018 0.6975255
4323.887702000018 0.6799184
4324.8878560000185 0.66231173
4325.888010000019 0.67096764
4326.888164000019 0.6796243
4327.888318000019 0.6955939
4328.88847200002 0.7115636
4329.88862600002 0.7120202
4330.88878000002 0.7124764
4331.8889340000205 0.7158247
4332.889088000021 0.7191732
4333.889242000021 0.75882024
4334.889396000021 0.7984685
4335.889550000022 0.8593155
4336.889704000022 0.92016333
4337.889858000022 0.94226485
4338.890012000023 0.964365
4339.890166000023 0.9222965
4340.890320000023 0.88022584
4341.8904740000235 0.8361804
4342.890628000024 0.7921348
4343.890782000024 0.79948527
4344.890936000024 0.8068376
4345.891090000025 0.82382
4346.891244000025 0.8408027
4347.891398000025 0.8110127
4348.8915520000255 0.7812208
4349.891706000026 0.7270875
4350.891860000026 0.6729532
4351.892014000026 0.6544746
4352.892168000027 0.6359975
4353.892322000027 0.6660778
4354.892476000027 0.69616014
4355.892630000028 0.7229158
4356.892784000028 0.74967146
4357.892938000028 0.73891515
4358.893092000028 0.72815716
4359.893246000029 0.69778204
4360.893400000029 0.6674061
4361.893554000029 0.63482237
4362.89370800003 0.6022386
4363.89386200003 0.5837845
4364.89401600003 0.56533104
4365.8941700000305 0.5792347
4366.894324000031 0.59313995
4367.894478000031 0.6291258
4368.894632000031 0.6651126
4369.894786000032 0.6909086
4370.894940000032 0.71670413
4371.895094000032 0.7149359
4372.895248000033 0.7131663
4373.895402000033 0.6995429
4374.895556000033 0.6859189
4375.895710000033 0.6732928
4376.895864000034 0.66066676
4377.896018000034 0.6443337
4378.896172000034 0.6280005
4379.896326000035 0.5999566
4380.896480000035 0.57191205
4381.896634000035 0.5485159
4382.8967880000355 0.5251201
4383.896942000036 0.53433955
4384.897096000036 0.5435608
4385.897250000036 0.5752671
4386.897404000037 0.6069746
4387.897558000037 0.6037231
4388.897712000037 0.6004696
4389.8978660000375 0.5351403
4390.898020000038 0.46980733
4391.898174000038 0.41371682
4392.898328000038 0.35762686
4393.898482000039 0.37604743
4394.898636000039 0.39447248
4395.898790000039 0.45074457
4396.89894400004 0.5070189
4397.89909800004 0.5449788
4398.89925200004 0.58293754
4399.8994060000405 0.5875551
4400.899560000041 0.5921706
4401.899714000041 0.5707422
4402.899868000041 0.5493122
4403.900022000042 0.5129874
4404.900176000042 0.47666165
4405.900330000042 0.44706705
4406.9004840000425 0.41747284
4407.900638000043 0.41213405
4408.900792000043 0.40679684
4409.900946000043 0.41460788
4410.901100000044 0.42241976
4411.901254000044 0.42956987
4412.901408000044 0.4367199
4413.901562000045 0.4379346
4414.901716000045 0.4391489
4415.901870000045 0.4314929
4416.9020240000455 0.42383623
4417.902178000046 0.40790638
4418.902332000046 0.39197594
4419.902486000046 0.37222832
4420.902640000047 0.35248044
4421.902794000047 0.33440077
4422.902948000047 0.31632122
4423.9031020000475 0.30981708
4424.903256000048 0.3033138
4425.903410000048 0.31677875
4426.903564000048 0.3302452
4427.903718000049 0.34076956
4428.903872000049 0.3512937
4429.904026000049 0.32847354
4430.90418000005 0.30565086
4431.90433400005 0.27192742
4432.90448800005 0.23820312
4433.90464200005 0.24318576
4434.904796000051 0.2481714
4435.904950000051 0.29995286
4436.905104000051 0.35173798
4437.905258000052 0.40039626
4438.905412000052 0.44905427
4439.905566000052 0.46057495
4440.9057200000525 0.47209266
4441.905874000053 0.4605859
4442.906028000053 0.44907725
4443.906182000053 0.42811245
4444.906336000054 0.40714684
4445.906490000054 0.3975725
4446.906644000054 0.38799912
4447.906798000055 0.41812646
4448.906952000055 0.44825715
4449.907106000055 0.4956061
4450.907260000055 0.54295653
4451.907414000056 0.54356927
4452.907568000056 0.54417795
4453.907722000056 0.48127955
4454.907876000057 0.4183756
4455.908030000057 0.37988544
4456.908184000057 0.3413974
4457.9083380000575 0.3937653
4458.908492000058 0.4461412
4459.908646000058 0.51175547
4460.908800000058 0.5773709
4461.908954000059 0.56348443
4462.909108000059 0.54959077
4463.909262000059 0.4884653
4464.9094160000595 0.42733553
4465.90957000006 0.39990664
4466.90972400006 0.37248084
4467.90987800006 0.3966034
4468.910032000061 0.42073074
4469.910186000061 0.44613865
4470.910340000061 0.47154668
4471.910494000062 0.46869808
4472.910648000062 0.46584678
4473.910802000062 0.4595249
4474.9109560000625 0.45320272
4475.911110000063 0.4651923
4476.911264000063 0.47718364
4477.911418000063 0.48246703
4478.911572000064 0.4877498
4479.911726000064 0.44956827
4480.911880000064 0.4113825
4481.9120340000645 0.35863128
4482.912188000065 0.30587858
4483.912342000065 0.30574977
4484.912496000065 0.3056262
4485.912650000066 0.37422
4486.912804000066 0.4428208
4487.912958000066 0.51288027
4488.913112000067 0.58293986
4489.913266000067 0.60397685
4490.913420000067 0.6250087
4491.9135740000675 0.61201537
4492.913728000068 0.59901845
4493.913882000068 0.5701314
4494.914036000068 0.5412428
4495.914190000069 0.5100081
4496.914344000069 0.47877315
4497.914498000069 0.45704323
4498.9146520000695 0.43531433
4499.91480600007 0.4347305
4500.91496000007 0.43414897
4501.91511400007 0.46718925
4502.915268000071 0.5002332
4503.915422000071 0.55987173
4504.915576000071 0.6195132
4505.915730000072 0.64661777
4506.915884000072 0.6737187
4507.916038000072 0.62008816
4508.916192000072 0.5664487
4509.916346000073 0.49770424
4510.916500000073 0.42895806
4511.916654000073 0.42739192
4512.916808000074 0.42583337
4513.916962000074 0.47528476
4514.917116000074 0.52474195
4515.9172700000745 0.5643306
4516.917424000075 0.60391814
4517.917578000075 0.610049
4518.917732000075 0.61617607
4519.917886000076 0.61058116
4520.918040000076 0.6049849
4521.918194000076 0.60154104
4522.918348000077 0.5980975
4523.918502000077 0.5992711
4524.918656000077 0.6004453
4525.918810000077 0.6097774
4526.918964000078 0.61911047
4527.919118000078 0.62802845
4528.919272000078 0.6369463
4529.919426000079 0.632863
4530.919580000079 0.6287781
4531.919734000079 0.6154283
4532.9198880000795 0.6020774
4533.92004200008 0.59393626
4534.92019600008 0.5857957
4535.92035000008 0.5902445
4536.920504000081 0.59469485
4537.920658000081 0.6051445
4538.920812000081 0.61559486
4539.9209660000815 0.6271365
4540.921120000082 0.6386783
4541.921274000082 0.65255296
4542.921428000082 0.66642785
4543.921582000083 0.6843128
4544.921736000083 0.7021983
4545.921890000083 0.72222656
4546.922044000084 0.7422551
4547.922198000084 0.7612978
4548.922352000084 0.78034043
4549.9225060000845 0.79833984
4550.922660000085 0.81633914
4551.922814000085 0.83975685
4552.922968000085 0.8631752
4553.923122000086 0.88954616
4554.923276000086 0.9159175
4555.923430000086 0.91283095
4556.9235840000865 0.9097405
4557.923738000087 0.8499555
4558.923892000087 0.790163
4559.924046000087 0.7371417
4560.924200000088 0.6841214
4561.924354000088 0.7195379
4562.924508000088 0.75496644
4563.924662000089 0.84556973
4564.924816000089 0.93618053
4565.924970000089 0.98854727
4566.925124000089 1.0409088
4567.92527800009 1.0249257
4568.92543200009 1.0089332
4569.92558600009 0.98429847
4570.925740000091 0.95966244
4571.925894000091 0.9675397
4572.926048000091 0.9754216
4573.9262020000915 1.0040158
4574.926356000092 1.0326129
4575.926510000092 1.0701642
4576.926664000092 1.1077167
4577.926818000093 1.1421536
4578.926972000093 1.1765901
4579.927126000093 1.1932341
4580.927280000094 1.2098756
4581.927434000094 1.2103825
4582.927588000094 1.210887
4583.927742000094 1.2095587
4584.927896000095 1.2082301
4585.928050000095 1.2135518
4586.928204000095 1.2188742
4587.928358000096 1.2245362
4588.928512000096 1.2301981
4589.928666000096 1.2311074
4590.9288200000965 1.2320158
4591.928974000097 1.2309631
4592.929128000097 1.2299101
4593.929282000097 1.2296915
4594.929436000098 1.229473
4595.929590000098 1.2271034
4596.929744000098 1.2247334
4597.929898000099 1.211652
4598.930052000099 1.1985689
4599.930206000099 1.1828014
4600.930360000099 1.1670334
4601.9305140001 1.1768994
4602.9306680001 1.1867695
4603.9308220001 1.231787
4604.930976000101 1.27681
4605.931130000101 1.3073868
4606.931284000101 1.3379612
4607.9314380001015 1.3095595
4608.931592000102 1.2811484
4609.931746000102 1.2358357
4610.931900000102 1.1905202
4611.932054000103 1.186949
4612.932208000103 1.1833845
4613.932362000103 1.2214339
4614.9325160001035 1.2594899
4615.932670000104 1.3091586
4616.932824000104 1.358829
4617.932978000104 1.39608
4618.933132000105 1.433329
4619.933286000105 1.4385676
4620.933440000105 1.4438012
4621.933594000106 1.4053893
4622.933748000106 1.3669703
4623.933902000106 1.3281438
4624.9340560001065 1.2893174
4625.934210000107 1.295475
4626.934364000107 1.30164
4627.934518000107 1.3352894
4628.934672000108 1.3689435
4629.934826000108 1.3944428
4630.934980000108 1.4199407
4631.9351340001085 1.4252121
4632.935288000109 1.4304801
4633.935442000109 1.4205102
4634.935596000109 1.4105377
4635.93575000011 1.3923895
4636.93590400011 1.37424
4637.93605800011 1.3617266
4638.936212000111 1.3492142
4639.936366000111 1.3556249
4640.936520000111 1.3620389
4641.936674000111 1.373358
4642.936828000112 1.384678
4643.936982000112 1.3814516
4644.937136000112 1.3782226
4645.937290000113 1.3702489
4646.937444000113 1.3622744
4647.937598000113 1.371156
4648.9377520001135 1.3800404
4649.937906000114 1.4035099
4650.938060000114 1.4269818
4651.938214000114 1.4336133
4652.938368000115 1.4402418
4653.938522000115 1.4122729
4654.938676000115 1.384298
4655.938830000116 1.3486339
4656.938984000116 1.3129684
4657.939138000116 1.2952201
4658.939292000116 1.2774752
4659.939446000117 1.2737826
4660.939600000117 1.2700927
4661.939754000117 1.27267
4662.939908000118 1.2752485
4663.940062000118 1.2747196
4664.940216000118 1.2741901
4665.9403700001185 1.2586623
4666.940524000119 1.2431319
4667.940678000119 1.2124087
4668.940832000119 1.1816827
4669.94098600012 1.1566297
4670.94114000012 1.1315776
4671.94129400012 1.1275373
4672.9414480001205 1.1235007
4673.941602000121 1.1228817
4674.941756000121 1.1222631
4675.941910000121 1.1057346
4676.942064000122 1.0892031
4677.942218000122 1.0642312
4678.942372000122 1.0392578
4679.942526000123 1.0214344
4680.942680000123 1.0036124
4681.942834000123 0.9959996
4682.9429880001235 0.98838866
4683.943142000124 0.9844255
4684.943296000124 0.9804631
4685.943450000124 0.97567815
4686.943604000125 0.97089314
4687.943758000125 0.96612424
4688.943912000125 0.9613553
4689.9440660001255 0.95705926
4690.944220000126 0.9527633
4691.944374000126 0.9411476
4692.944528000126 0.92953044
4693.944682000127 0.90092427
4694.944836000127 0.8723147
4695.944990000127 0.8420306
4696.945144000128 0.8117462
4697.945298000128 0.8090791
4698.945452000128 0.8064175
4699.9456060001285 0.8278819
4700.945760000129 0.84935105
4701.945914000129 0.84518784
4702.946068000129 0.8410195
4703.94622200013 0.7851684
4704.94637600013 0.72930694
4705.94653000013 0.68483686
4706.9466840001305 0.64036906
4707.946838000131 0.6669202
4708.946992000131 0.6934856
4709.947146000131 0.7456879
4710.947300000132 0.7978954
4711.947454000132 0.80553794
4712.947608000132 0.81317145
4713.947762000133 0.7775787
4714.947916000133 0.7419771
4715.948070000133 0.7066824
4716.948224000133 0.6713877
4717.948378000134 0.6637855
4718.948532000134 0.6561891
4719.948686000134 0.6805563
4720.948840000135 0.7049301
4721.948994000135 0.76143765
4722.949148000135 0.8179519
4723.9493020001355 0.8569738
4724.949456000136 0.8959921
4725.949610000136 0.8624714
4726.949764000136 0.82893544
4727.949918000137 0.75825477
4728.950072000137 0.6875663
4729.950226000137 0.64737725
4730.950380000138 0.6071947
4731.950534000138 0.610278
4732.950688000138 0.6133704
4733.950842000138 0.62043446
4734.950996000139 0.6274993
4735.951150000139 0.61745
4736.951304000139 0.6073971
4737.95145800014 0.5994806
4738.95161200014 0.5915646
4739.95176600014 0.60018194
4740.9519200001405 0.60880286
4741.952074000141 0.6186535
4742.952228000141 0.62850434
4743.952382000141 0.6200178
4744.952536000142 0.61152726
4745.952690000142 0.59279174
4746.952844000142 0.57405394
4747.9529980001425 0.5664865
4748.953152000143 0.55892146
4749.953306000143 0.56697613
4750.953460000143 0.5750342
4751.953614000144 0.58038056
4752.953768000144 0.5857263
4753.953922000144 0.5768351
4754.954076000145 0.5679407
4755.954230000145 0.5537663
4756.954384000145 0.5395908
4757.9545380001455 0.52871794
4758.954692000146 0.51784587
4759.954846000146 0.51154715
4760.955000000146 0.5052495
4761.955154000147 0.5043254
4762.955308000147 0.50340253
4763.955462000147 0.50360024
4764.9556160001475 0.50379825
4765.955770000148 0.49643868
4766.955924000148 0.4890774
4767.956078000148 0.47360563
4768.956232000149 0.45813206
4769.956386000149 0.45120963
4770.956540000149 0.4442892
4771.95669400015 0.4579497
4772.95684800015 0.47161493
4773.95700200015 0.4871596
4774.9571560001505 0.5027047
4775.957310000151 0.49786997
4776.957464000151 0.49303052
4777.957618000151 0.48143327
4778.957772000152 0.46983442
4779.957926000152 0.47981122
4780.958080000152 0.48979306
4781.9582340001525 0.51444006
4782.958388000153 0.53909045
4783.958542000153 0.53520864
4784.958696000153 0.53132004
4785.958850000154 0.48201084
4786.959004000154 0.43269092
4787.959158000154 0.39307648
4788.959312000155 0.35346437
4789.959466000155 0.37052122
4790.959620000155 0.3875916
4791.959774000155 0.4255694
4792.959928000156 0.46355218
4793.960082000156 0.4735841
4794.960236000156 0.4836093
4795.960390000157 0.47011906
4796.960544000157 0.45662317
4797.960698000157 0.4489584
4798.9608520001575 0.44129506
4799.961006000158 0.45163828
4800.961160000158 0.4619859
4801.961314000158 0.48032346
4802.961468000159 0.498663
4803.961622000159 0.517943
4804.961776000159 0.5372233
4805.96193000016 0.5504749
4806.96208400016 0.56372505
4807.96223800016 0.56508076
4808.96239200016 0.56643355
4809.962546000161 0.55771387
4810.962700000161 0.5489917
4811.962854000161 0.5328081
4812.963008000162 0.5166227
4813.963162000162 0.50805515
4814.963316000162 0.49948946
4815.9634700001625 0.5242149
4816.963624000163 0.5489487
4817.963778000163 0.6088862
4818.963932000163 0.6688325
4819.964086000164 0.71856296
4820.964240000164 0.76829094
4821.964394000164 0.7717989
4822.9645480001645 0.7752952
4823.964702000165 0.7548
4824.964856000165 0.7342987
4825.965010000165 0.7174087
4826.965164000166 0.7005196
4827.965318000166 0.68720204
4828.965472000166 0.6738854
4829.965626000167 0.65471643
4830.965780000167 0.63554597
4831.965934000167 0.6145911
4832.9660880001675 0.5936358
4833.966242000168 0.58825254
4834.966396000168 0.5828733
4835.966550000168 0.6002173
4836.966704000169 0.6175672
4837.966858000169 0.63930494
4838.967012000169 0.6610438
4839.9671660001695 0.6708224
4840.96732000017 0.68059784
4841.96747400017 0.6765885
4842.96762800017 0.67257553
4843.967782000171 0.6545989
4844.967936000171 0.63661855
4845.968090000171 0.61315143
4846.968244000172 0.58968294
4847.968398000172 0.5738318
4848.968552000172 0.5579827
4849.9687060001725 0.55667216
4850.968860000173 0.55536544
4851.969014000173 0.5674547
4852.969168000173 0.57954746
4853.969322000174 0.60166097
4854.969476000174 0.62377715
4855.969630000174 0.63820446
4856.9697840001745 0.65262973
4857.969938000175 0.64167714
4858.970092000175 0.63071775
4859.970246000175 0.6094776
4860.970400000176 0.58823466
4861.970554000176 0.58249533
4862.970708000176 0.57676023
4863.970862000177 0.58381164
4864.971016000177 0.59086645
4865.971170000177 0.5870546
4866.971324000177 0.58323973
4867.971478000178 0.5616681
4868.971632000178 0.5400915
4869.971786000178 0.52844167
4870.971940000179 0.5167945
4871.972094000179 0.534691
4872.972248000179 0.55259556
4873.9724020001795 0.57469237
4874.97255600018 0.5967904
4875.97271000018 0.59321225
4876.97286400018 0.589627
4877.973018000181 0.5724922
4878.973172000181 0.5553536
4879.973326000181 0.5530329
4880.973480000182 0.55071634
4881.973634000182 0.5664669
4882.973788000182 0.5822226
4883.973942000182 0.59465605
4884.974096000183 0.60708857
4885.974250000183 0.6041174
4886.974404000183 0.60114187
4887.974558000184 0.59236205
4888.974712000184 0.5835806
4889.974866000184 0.577593
4890.9750200001845 0.5716062
4891.975174000185 0.5717345
4892.975328000185 0.57186455
4893.975482000185 0.5821755
4894.975636000186 0.59248936
4895.975790000186 0.60711503
4896.975944000186 0.621742
4897.9760980001865 0.6285732
4898.976252000187 0.63540214
4899.976406000187 0.63309634
4900.976560000187 0.63078797
4901.976714000188 0.6341124
4902.976868000188 0.63743854
4903.977022000188 0.6556687
4904.977176000189 0.67390317
4905.977330000189 0.6939811
4906.977484000189 0.71405953
4907.9776380001895 0.7231667
4908.97779200019 0.73227066
4909.97794600019 0.730684
4910.97810000019 0.72909415
4911.978254000191 0.7202921
4912.978408000191 0.7114879
4913.978562000191 0.7019821
4914.9787160001915 0.69247603
4915.978870000192 0.6924311
4916.979024000192 0.6923889
4917.979178000192 0.7056812
4918.979332000193 0.71897745
4919.979486000193 0.73587745
4920.979640000193 0.75277853
4921.979794000194 0.76520723
4922.979948000194 0.77763456
4923.980102000194 0.7841245
4924.9802560001945 0.79061264
4925.980410000195 0.7908008
4926.980564000195 0.790987
4927.980718000195 0.7873883
4928.980872000196 0.7837885
4929.981026000196 0.7800645
4930.981180000196 0.77634054
4931.9813340001965 0.77581763
4932.981488000197 0.77529573
4933.981642000197 0.78035897
4934.981796000197 0.7854239
4935.981950000198 0.7958541
4936.982104000198 0.8062859
4937.982258000198 0.8116755
4938.982412000199 0.81706357
4939.982566000199 0.8080974
4940.982720000199 0.79912686
4941.982874000199 0.7868739
4942.9830280002 0.7746199
4943.9831820002 0.77380806
4944.9833360002 0.77299976
4945.983490000201 0.7824082
4946.983644000201 0.7918198
4947.983798000201 0.8008506
4948.9839520002015 0.8098812
4949.984106000202 0.81618446
4950.984260000202 0.8224868
4951.984414000202 0.8358376
4952.984568000203 0.84919065
4953.984722000203 0.87430334
4954.984876000203 0.8994197
4955.985030000204 0.91904575
4956.985184000204 0.93867004
4957.985338000204 0.93626916
4958.985492000204 0.9338614
4959.985646000205 0.9181256
4960.985800000205 0.90238565
4961.985954000205 0.8890627
4962.986108000206 0.8757405
4963.986262000206 0.87140995
4964.986416000206 0.8670823
4965.9865700002065 0.8726184
4966.986724000207 0.8781576
4967.986878000207 0.89009255
4968.987032000207 0.90202945
4969.987186000208 0.9061383
4970.987340000208 0.9102446
4971.987494000208 0.89559466
4972.9876480002085 0.8809387
4973.987802000209 0.8631832
4974.987956000209 0.84542674
4975.988110000209 0.8443088
4976.98826400021 0.8431963
4977.98841800021 0.85103935
4978.98857200021 0.85888535
4979.988726000211 0.85481834
4980.988880000211 0.8507474
4981.989034000211 0.83652335
4982.9891880002115 0.82229596
4983.989342000212 0.8255278
4984.989496000212 0.82876533
4985.989650000212 0.8597258
4986.989804000213 0.89069533
4987.989958000213 0.90910196
4988.990112000213 0.9275044
4989.9902660002135 0.8970764
4990.990420000214 0.86663234
4991.990574000214 0.81866115
4992.990728000214 0.7706842
4993.990882000215 0.75001377
4994.991036000215 0.72935236
4995.991190000215 0.7331321
4996.991344000216 0.73692006
4997.991498000216 0.73751926
4998.991652000216 0.7381174
4999.9918060002165 0.7235328
5000.991960000217 0.70894307
5001.992114000217 0.6909211
5002.992268000217 0.67289805
5003.992422000218 0.65882945
5004.992576000218 0.64476216
5005.992730000218 0.6361264
5006.9928840002185 0.6274925
5007.993038000219 0.6255587
5008.993192000219 0.6236271
5009.993346000219 0.6250176
5010.99350000022 0.6264091
5011.99365400022 0.62523425
5012.99380800022 0.6240585
5013.993962000221 0.62025493
5014.994116000221 0.6164505
5015.994270000221 0.61337334
5016.994424000221 0.6102964
5017.994578000222 0.6104379
5018.994732000222 0.61058056
5019.994886000222 0.61516637
5020.995040000223 0.6197537
5021.995194000223 0.62921983
5022.995348000223 0.6386876
5023.9955020002235 0.6382536
5024.995656000224 0.63781613
5025.995810000224 0.60949624
5026.995964000224 0.5811667
5027.996118000225 0.5454285
5028.996272000225 0.5096877
5029.996426000225 0.50427693
5030.996580000226 0.4988767
5031.996734000226 0.52676004
5032.996888000226 0.55465496
5033.997042000226 0.5788737
5034.997196000227 0.6030911
5035.997350000227 0.60104936
5036.997504000227 0.5989984
5037.997658000228 0.58500206
5038.997812000228 0.5710015
5039.997966000228 0.55796117
5040.9981200002285 0.5449212
5041.998274000229 0.5431512
5042.998428000229 0.54138523
5043.998582000229 0.56301856
5044.99873600023 0.5846601
5045.99889000023 0.61676323
5046.99904400023 0.64887
5047.9991980002305 0.6640836
5048.999352000231 0.6792912
5049.999506000231 0.66541505
5050.999660000231 0.65152854
5051.999814000232 0.6204742
5052.999968000232 0.5894137
5054.000122000232 0.5526545
5055.000276000233 0.5158933
5056.000430000233 0.4889516
5057.000584000233 0.4620134
5058.0007380002335 0.46121177
5059.000892000234 0.4604196
5060.001046000234 0.47440943
5061.001200000234 0.48840463
5062.001354000235 0.49641636
5063.001508000235 0.5044259
5064.001662000235 0.50253695
5065.0018160002355 0.5006444
5066.001970000236 0.4988392
5067.002124000236 0.49703404
5068.002278000236 0.5001105
5069.002432000237 0.5031888
5070.002586000237 0.50548124
5071.002740000237 0.50777346
5072.002894000238 0.5057445
5073.003048000238 0.503714
5074.003202000238 0.50175524
5075.003356000238 0.49979642
5076.003510000239 0.50341666
5077.003664000239 0.50703895
5078.003818000239 0.5147066
5079.00397200024 0.52237576
5080.00412600024 0.529173
5081.00428000024 0.53597
5082.0044340002405 0.5409641
5083.004588000241 0.5459576
5084.004742000241 0.5535992
5085.004896000241 0.56124175
5086.005050000242 0.5722151
5087.005204000242 0.5831896
5088.005358000242 0.5875613
5089.005512000243 0.59193057
5090.005666000243 0.580988
5091.005820000243 0.5700397
5092.005974000243 0.5490772
5093.006128000244 0.528111
5094.006282000244 0.50449514
5095.006436000244 0.4808783
5096.006590000245 0.4620528
5097.006744000245 0.4432291
5098.006898000245 0.4372504
5099.0070520002455 0.43127656
5100.007206000246 0.4386623
5101.007360000246 0.4460531
5102.007514000246 0.4542467
5103.007668000247 0.46244058
5104.007822000247 0.4617226
5105.007976000247 0.46100128
5106.008130000248 0.463361
5107.008284000248 0.4657219
5108.008438000248 0.48394826
5109.008592000248 0.5021807
5110.008746000249 0.5223662
5111.008900000249 0.5425525
5112.009054000249 0.5418401
5113.00920800025 0.5411197
5114.00936200025 0.5200437
5115.00951600025 0.49895984
5116.0096700002505 0.47723475
5117.009824000251 0.4555094
5118.009978000251 0.44566816
5119.010132000251 0.43583152
5120.010286000252 0.43669775
5121.010440000252 0.43756816
5122.010594000252 0.4478206
5123.0107480002525 0.45807672
5124.010902000253 0.46698707
5125.011056000253 0.47589692
5126.011210000253 0.47041145
5127.011364000254 0.46492034
5128.011518000254 0.45230153
5129.011672000254 0.43967995
5130.011826000255 0.43741828
5131.011980000255 0.4351607
5132.012134000255 0.44554752
5133.0122880002555 0.4559393
5134.012442000256 0.46119228
5135.012596000256 0.4664432
5136.012750000256 0.45710275
5137.012904000257 0.4477565
5138.013058000257 0.44334146
5139.013212000257 0.43892837
5140.0133660002575 0.45794004
5141.013520000258 0.47696105
5142.013674000258 0.49876487
5143.013828000258 0.5205698
5144.013982000259 0.5148518
5145.014136000259 0.5091228
5146.014290000259 0.48376206
5147.01444400026 0.45839345
5148.01459800026 0.44548494
5149.01475200026 0.43258137
5150.01490600026 0.44508073
5151.015060000261 0.45759028
5152.015214000261 0.47548243
5153.015368000261 0.4933768
5154.015522000262 0.5015444
5155.015676000262 0.5097081
5156.015830000262 0.5104553
5157.0159840002625 0.5111995
5158.016138000263 0.50688106
5159.016292000263 0.50256056
5160.016446000263 0.49717864
5161.016600000264 0.49179628
5162.016754000264 0.4909293
5163.016908000264 0.49006414
5164.017062000265 0.49378508
5165.017216000265 0.49750787
5166.017370000265 0.50078124
5167.017524000265 0.5040545
5168.017678000266 0.5044185
5169.017832000266 0.50478137
5170.017986000266 0.50550026
5171.018140000267 0.5062193
5172.018294000267 0.51016635
5173.018448000267 0.5141147
5174.0186020002675 0.52093923
5175.018756000268 0.527765
5176.018910000268 0.5364847
5177.019064000268 0.5452053
5178.019218000269 0.5537571
5179.019372000269 0.5623087
5180.019526000269 0.5677677
5181.01968000027 0.5732253
5182.01983400027 0.5735984
5183.01998800027 0.57396936
5184.02014200027 0.5667623
5185.020296000271 0.55955213
5186.020450000271 0.5456994
5187.020604000271 0.531844
5188.020758000272 0.52781945
5189.020912000272 0.523799
5190.021066000272 0.5455714
5191.0212200002725 0.5673546
5192.021374000273 0.59696203
5193.021528000273 0.6265727
5194.021682000273 0.63776785
5195.021836000274 0.64895517
5196.021990000274 0.6384298
5197.022144000274 0.62789524
5198.0222980002745 0.60812795
5199.022452000275 0.5883567
5200.022606000275 0.56887054
5201.022760000275 0.5493845
5202.022914000276 0.53419787
5203.023068000276 0.51901305
5204.023222000276 0.5127043
5205.023376000277 0.5063993
5206.023530000277 0.5182009
5207.023684000277 0.53001016
5208.0238380002775 0.56897664
5209.023992000278 0.6079547
5210.024146000278 0.6543129
5211.024300000278 0.7006743
5212.024454000279 0.7223048
5213.024608000279 0.7439247
5214.024762000279 0.739763
5215.0249160002795 0.7355902
5216.02507000028 0.7362724
5217.02522400028 0.7369567
5218.02537800028 0.75842255
5219.025532000281 0.7798974
5220.025686000281 0.79660213
5221.025840000281 0.81330484
5222.025994000282 0.8032718
5223.026148000282 0.7932271
5224.026302000282 0.77593786
5225.026456000282 0.75864553
5226.026610000283 0.7595002
5227.026764000283 0.7603628
5228.026918000283 0.7770704
5229.027072000284 0.7937849
5230.027226000284 0.8114596
5231.027380000284 0.82913476
5232.0275340002845 0.83782405
5233.027688000285 0.8465094
5234.027842000285 0.84125066
5235.027996000285 0.83598584
5236.028150000286 0.8160225
5237.028304000286 0.7960527
5238.028458000286 0.7817174
5239.028612000287 0.76738465
5240.028766000287 0.7791266
5241.028920000287 0.7908801
5242.029074000287 0.81903464
5243.029228000288 0.8471965
5244.029382000288 0.8743605
5245.029536000288 0.901524
5246.029690000289 0.91772825
5247.029844000289 0.9339276
5248.029998000289 0.93426174
5249.0301520002895 0.93458885
5250.03030600029 0.9197095
5251.03046000029 0.90482336
5252.03061400029 0.8890737
5253.030768000291 0.8733237
5254.030922000291 0.8692169
5255.031076000291 0.86511546
5256.0312300002915 0.87246764
5257.031384000292 0.879825
5258.031538000292 0.89640605
5259.031692000292 0.9129912
5260.031846000293 0.93263406
5261.032000000293 0.9522782
5262.032154000293 0.9664873
5263.032308000294 0.9806939
5264.032462000294 0.98716724
5265.032616000294 0.99363714
5266.0327700002945 0.99937046
5267.032924000295 1.0051033
5268.033078000295 1.0132403
5269.033232000295 1.0213783
5270.033386000296 1.0276537
5271.033540000296 1.0339282
5272.033694000296 1.0344777
5273.0338480002965 1.0350248
5274.034002000297 1.0265244
5275.034156000297 1.0180199
5276.034310000297 0.99507177
5277.034464000298 0.97211707
5278.034618000298 0.9483931
5279.034772000298 0.9246688
5280.034926000299 0.9270185
5281.035080000299 0.92938024
5282.035234000299 0.96082294
5283.0353880002995 0.99227905
5284.0355420003 1.0156645
5285.0356960003 1.0390462
5286.0358500003 1.0286179
5287.036004000301 1.0181738
5288.036158000301 0.99990875
5289.036312000301 0.98164
5290.0364660003015 0.98375237
5291.036620000302 0.98587424
5292.036774000302 1.001161
5293.036928000302 1.0164539
5294.037082000303 1.0281805
5295.037236000303 1.0399055
5296.037390000303 1.0435913
5297.037544000304 1.0472733
5298.037698000304 1.0491381
5299.037852000304 1.0510021
5300.038006000304 1.0533229
5301.038160000305 1.0556439
5302.038314000305 1.05353
5303.038468000305 1.051414
5304.038622000306 1.0410599
5305.038776000306 1.0307019
5306.038930000306 1.0211035
5307.0390840003065 1.0115055
5308.039238000307 1.0120332
5309.039392000307 1.0125657
5310.039546000307 1.0223188
5311.039700000308 1.0320764
5312.039854000308 1.0449384
5313.040008000308 1.0578018
5314.040162000309 1.0685174
5315.040316000309 1.0792319
5316.040470000309 1.0850552
5317.040624000309 1.0908762
5318.04077800031 1.0893242
5319.04093200031 1.0877688
5320.04108600031 1.0780367
5321.041240000311 1.0683007
5322.041394000311 1.0497934
5323.041548000311 1.0312818
5324.0417020003115 1.0181623
5325.041856000312 1.0050453
5326.042010000312 1.0162996
5327.042164000312 1.0275656
5328.042318000313 1.0528878
5329.042472000313 1.0782168
5330.042626000313 1.0878508
5331.0427800003135 1.0974773
5332.042934000314 1.078762
5333.043088000314 1.0600331
5334.043242000314 1.0317622
5335.043396000315 1.0034868
5336.043550000315 0.9816457
5337.043704000315 0.9598078
5338.043858000316 0.94984895
5339.044012000316 0.93989587
5340.044166000316 0.9478203
5341.0443200003165 0.95575345
5342.044474000317 0.9732816
5343.044628000317 0.9908145
5344.044782000317 1.0051585
5345.044936000318 1.019501
5346.045090000318 1.0240848
5347.045244000318 1.0286638
5348.0453980003185 1.0247535
5349.045552000319 1.020839
5350.045706000319 1.0106626
5351.045860000319 1.000483
5352.04601400032 0.99285823
5353.04616800032 0.9852347
5354.04632200032 0.98820215
5355.046476000321 0.99117494
5356.046630000321 0.9943308
5357.046784000321 0.9974868
5358.0469380003215 0.9852849
5359.047092000322 0.97307533
5360.047246000322 0.9545321
5361.047400000322 0.93598574
5362.047554000323 0.9334251
5363.047708000323 0.9308725
5364.047862000323 0.94752216
5365.0480160003235 0.96418136
5366.048170000324 0.97273755
5367.048324000324 0.9812896
5368.048478000324 0.9646913
5369.048632000325 0.9480803
5370.048786000325 0.92877185
5371.048940000325 0.909462
5372.049094000326 0.9114591
5373.049248000326 0.9134669
5374.049402000326 0.9233
5375.049556000326 0.9331371
5376.049710000327 0.92705756
5377.049864000327 0.92096996
5378.050018000327 0.9029827
5379.050172000328 0.8849895
5380.050326000328 0.8821255
5381.050480000328 0.8792691
5382.0506340003285 0.900873
5383.050788000329 0.9224892
5384.050942000329 0.94085854
5385.051096000329 0.9592262
5386.05125000033 0.95214325
5387.05140400033 0.94504744
5388.05155800033 0.92769396
5389.051712000331 0.91033524
5390.051866000331 0.90153235
5391.052020000331 0.8927338
5392.052174000331 0.89230597
5393.052328000332 0.8918824
5394.052482000332 0.89229274
5395.052636000332 0.8927035
5396.052790000333 0.89158165
5397.052944000333 0.89045906
5398.053098000333 0.8898693
5399.0532520003335 0.8892797
5400.053406000334 0.890325
5401.053560000334 0.8913712
5402.053714000334 0.89292634
5403.053868000335 0.8944818
5404.054022000335 0.89603466
5405.054176000335 0.8975875
5406.0543300003355 0.89881766
5407.054484000336 0.90004766
5408.054638000336 0.9013393
5409.054792000336 0.9026309
5410.054946000337 0.90407443
5411.055100000337 0.90551805
5412.055254000337 0.9066754
5413.055408000338 0.9078326
5414.055562000338 0.9090936
5415.055716000338 0.91035473
5416.0558700003385 0.91196483
5417.056024000339 0.91357505
5418.056178000339 0.9158144
5419.056332000339 0.9180541
5420.05648600034 0.91856986
5421.05664000034 0.9190847
5422.05679400034 0.9156127
5423.0569480003405 0.9121385
5424.057102000341 0.90744454
5425.057256000341 0.9027499
5426.057410000341 0.9014745
5427.057564000342 0.90020084
5428.057718000342 0.903016
5429.057872000342 0.9058332
5430.058026000343 0.91001636
5431.058180000343 0.9142002
5432.058334000343 0.9174874
5433.0584880003435 0.92077404
5434.058642000344 0.9238759
5435.058796000344 0.92697775
5436.058950000344 0.9305541
5437.059104000345 0.9341307
5438.059258000345 0.93603176
5439.059412000345 0.9379319
5440.0595660003455 0.935166
5441.059720000346 0.93239766
5442.059874000346 0.9272922
5443.060028000346 0.92218554
5444.060182000347 0.91926557
5445.060336000347 0.9163468
5446.060490000347 0.9164478
5447.060644000348 0.9165505
5448.060798000348 0.91479605
5449.060952000348 0.9130405
5450.061106000348 0.9063367
5451.061260000349 0.8996302
5452.061414000349 0.8907218
5453.061568000349 0.8818122
5454.06172200035 0.87318885
5455.06187600035 0.8645657
5456.06203000035 0.8603644
5457.0621840003505 0.85616547
5458.062338000351 0.8622365
5459.062492000351 0.86831313
5460.062646000351 0.87838364
5461.062800000352 0.88845634
5462.062954000352 0.8853288
5463.063108000352 0.8821941
5464.063262000353 0.8606146
5465.063416000353 0.839025
5466.063570000353 0.81789446
5467.063724000353 0.79676414
5468.063878000354 0.79251695
5469.064032000354 0.788279
5470.064186000354 0.7962413
5471.064340000355 0.80421025
5472.064494000355 0.8181318
5473.064648000355 0.8320567
5474.0648020003555 0.84665626
5475.064956000356 0.8612562
5476.065110000356 0.87140125
5477.065264000356 0.8815438
5478.065418000357 0.8851066
5479.065572000357 0.88866585
5480.065726000357 0.88856643
5481.0658800003575 0.88846505
5482.066034000358 0.8867303
5483.066188000358 0.8849947
5484.066342000358 0.8776396
5485.066496000359 0.8702814
5486.066650000359 0.854406
5487.066804000359 0.8385259
5488.06695800036 0.82277083
5489.06711200036 0.80701584
5490.06726600036 0.80436426
5491.0674200003605 0.80171996
5492.067574000361 0.8082774
5493.067728000361 0.81484
5494.067882000361 0.8168727
5495.068036000362 0.81890285
5496.068190000362 0.8104501
5497.068344000362 0.8019914
5498.0684980003625 0.7941733
5499.068652000363 0.7863555
5500.068806000363 0.78687143
5501.068960000363 0.7873921
5502.069114000364 0.7932235
5503.069268000364 0.79905784
5504.069422000364 0.8067477
5505.069576000365 0.8144386
5506.069730000365 0.8170297
5507.069884000365 0.81961805
5508.0700380003655 0.80769444
5509.070192000366 0.79576266
5510.070346000366 0.7725298
5511.070500000366 0.7492905
5512.070654000367 0.7325481
5513.070808000367 0.71580935
5514.070962000367 0.7157152
5515.0711160003675 0.71563053
5516.071270000368 0.7216472
5517.071424000368 0.7276673
5518.071578000368 0.7296028
5519.071732000369 0.731536
5520.071886000369 0.72970814
5521.072040000369 0.72787815
5522.07219400037 0.7235924
5523.07234800037 0.7193052
5524.07250200037 0.71572477
5525.07265600037 0.7121447
5526.072810000371 0.7137506
5527.072964000371 0.7153595
5528.073118000371 0.7228181
5529.073272000372 0.73028004
5530.073426000372 0.7361774
5531.073580000372 0.74207383
5532.0737340003725 0.7409578
5533.073888000373 0.73983777
5534.074042000373 0.7342239
5535.074196000373 0.72860754
5536.074350000374 0.72171116
5537.074504000374 0.71481407
5538.074658000374 0.706665
5539.074812000375 0.69851524
5540.074966000375 0.6881628
5541.075120000375 0.6778091
5542.075274000375 0.6683718
5543.075428000376 0.65893507
5544.075582000376 0.6579241
5545.075736000376 0.6569181
5546.075890000377 0.66647375
5547.076044000377 0.6760355
5548.076198000377 0.68294555
5549.0763520003775 0.68985397
5550.076506000378 0.68343174
5551.076660000378 0.6770018
5552.076814000378 0.6667303
5553.076968000379 0.6564566
5554.077122000379 0.65578216
5555.077276000379 0.6551133
5556.0774300003795 0.6604546
5557.07758400038 0.6657994
5558.07773800038 0.66539794
5559.07789200038 0.66499317
5560.078046000381 0.6563142
5561.078200000381 0.6476304
5562.078354000381 0.64100516
5563.078508000382 0.6343811
5564.078662000382 0.6358016
5565.078816000382 0.6372269
5566.0789700003825 0.6342877
5567.079124000383 0.6313459
5568.079278000383 0.61155355
5569.079432000383 0.5917512
5570.079586000384 0.5709766
5571.079740000384 0.5502014
5572.079894000384 0.5539097
5573.0800480003845 0.55763257
5574.080202000385 0.5782192
5575.080356000385 0.59881574
5576.080510000385 0.60228074
5577.080664000386 0.60573554
5578.080818000386 0.57917243
5579.080972000386 0.55259144
5580.081126000387 0.52745754
5581.081280000387 0.5023245
5582.081434000387 0.5039176
5583.0815880003875 0.50552666
5584.081742000388 0.5173786
5585.081896000388 0.5292367
5586.082050000388 0.5309678
5587.082204000389 0.5326928
5588.082358000389 0.52647984
5589.082512000389 0.5202621
5590.0826660003895 0.5164149
5591.08282000039 0.512569
5592.08297400039 0.5163922
5593.08312800039 0.5202199
5594.083282000391 0.53182757
5595.083436000391 0.5434399
5596.083590000391 0.56086254
5597.083744000392 0.5782887
5598.083898000392 0.58749
5599.084052000392 0.5966864
5600.084206000392 0.5837482
5601.084360000393 0.57079667
5602.084514000393 0.54678625
5603.084668000393 0.52276915
5604.084822000394 0.5045948
5605.084976000394 0.48642394
5606.085130000394 0.4766167
5607.0852840003945 0.46681458
5608.085438000395 0.4577102
5609.085592000395 0.44860625
5610.085746000395 0.43766922
5611.085900000396 0.42673108
5612.086054000396 0.41988903
5613.086208000396 0.4130495
5614.086362000397 0.41415703
5615.086516000397 0.4152694
5616.086670000397 0.42122304
5617.086824000397 0.42717963
5618.086978000398 0.4345238
5619.087132000398 0.44186878
5620.087286000398 0.44579175
5621.087440000399 0.4497126
5622.087594000399 0.4439467
5623.087748000399 0.43817484
5624.0879020003995 0.42617136
5625.0880560004 0.414164
5626.0882100004 0.41023263
5627.0883640004 0.40630624
5628.088518000401 0.41829765
5629.088672000401 0.43029886
5630.088826000401 0.4433673
5631.0889800004015 0.4564364
5632.089134000402 0.456558
5633.089288000402 0.45667154
5634.089442000402 0.45406216
5635.089596000403 0.45145112
5636.089750000403 0.46273184
5637.089904000403 0.47402117
5638.090058000404 0.4891794
5639.090212000404 0.50434005
5640.090366000404 0.4972809
5641.0905200004045 0.4902079
5642.090674000405 0.45625207
5643.090828000405 0.42227942
5644.090982000405 0.39408457
5645.091136000406 0.36589333
5646.091290000406 0.3677028
5647.091444000406 0.36953107
5648.0915980004065 0.38613373
5649.091752000407 0.40274566
5650.091906000407 0.41663024
5651.092060000407 0.43051308
5652.092214000408 0.43725306
5653.092368000408 0.44398856
5654.092522000408 0.44320863
5655.092676000409 0.442424
5656.092830000409 0.4355333
5657.092984000409 0.42863876
5658.093138000409 0.42030042
5659.09329200041 0.41196117
5660.09344600041 0.4064338
5661.09360000041 0.4009082
5662.093754000411 0.40131453
5663.093908000411 0.40172464
5664.094062000411 0.41068995
5665.0942160004115 0.41966072
5666.094370000412 0.42770934
5667.094524000412 0.4357574
5668.094678000412 0.43019685
5669.094832000413 0.42462763
5670.094986000413 0.41060323
5671.095140000413 0.39657345
5672.095294000414 0.38948587
5673.095448000414 0.38240272
5674.095602000414 0.38717183
5675.095756000414 0.39194855
5676.095910000415 0.39694077
5677.096064000415 0.4019331
5678.096218000415 0.39864197
5679.096372000416 0.3953455
5680.096526000416 0.3891834
5681.096680000416 0.38301945
5682.0968340004165 0.37949017
5683.096988000417 0.37596256
5684.097142000417 0.37461492
5685.097296000417 0.37326866
5686.097450000418 0.3724158
5687.097604000418 0.37156326
5688.097758000418 0.37012377
5689.097912000419 0.36868393
5690.098066000419 0.36608517
5691.098220000419 0.3634857
5692.098374000419 0.35941783
5693.09852800042 0.35534903
5694.09868200042 0.35014153
5695.09883600042 0.34493327
5696.098990000421 0.3390501
5697.099144000421 0.3331665
5698.099298000421 0.3286131
5699.0994520004215 0.32406056
5700.099606000422 0.3229117
5701.099760000422 0.32176504
5702.099914000422 0.32395053
5703.100068000423 0.32613817
5704.100222000423 0.3310854
5705.100376000423 0.33603448
5706.1005300004235 0.34076476
5707.100684000424 0.3454949
5708.100838000424 0.3442521
5709.100992000424 0.34300542
5710.101146000425 0.33192188
5711.101300000425 0.32083187
5712.101454000425 0.30175242
5713.101608000426 0.28266773
5714.101762000426 0.25781733
5715.101916000426 0.23296313
5716.1020700004265 0.21402825
5717.102224000427 0.19509725
5718.102378000427 0.19669044
5719.102532000427 0.19829714
5720.102686000428 0.21943855
5721.102840000428 0.24059284
5722.102994000428 0.26723585
5723.1031480004285 0.2938825
5724.103302000429 0.31415954
5725.103456000429 0.3344324
5726.103610000429 0.3405647
5727.10376400043 0.34668764
5728.10391800043 0.33239153
5729.10407200043 0.3180819
5730.104226000431 0.29711518
5731.104380000431 0.27614403
5732.104534000431 0.26594782
5733.104688000431 0.2557588
5734.104842000432 0.25703725
5735.104996000432 0.25832334
5736.105150000432 0.2632069
5737.105304000433 0.26809284
5738.105458000433 0.272523
5739.105612000433 0.27695283
5740.1057660004335 0.2821479
5741.105920000434 0.28734353
5742.106074000434 0.29302675
5743.106228000434 0.2987103
5744.106382000435 0.30114788
5745.106536000435 0.30358326
5746.106690000435 0.29940292
5747.106844000436 0.2952181
5748.106998000436 0.28872272
5749.107152000436 0.28222576
5750.107306000436 0.28005916
5751.107460000437 0.27789545
5752.107614000437 0.28171563
5753.107768000437 0.28553984
5754.107922000438 0.29359305
5755.108076000438 0.30164915
5756.108230000438 0.3115637
5757.1083840004385 0.3214795
5758.108538000439 0.3291066
5759.108692000439 0.33673215
5760.108846000439 0.33821225
5761.10900000044 0.3396882
5762.10915400044 0.34117043
5763.10930800044 0.3426527
5764.1094620004405 0.35258195
5765.109616000441 0.36251694
5766.109770000441 0.37367782
5767.109924000441 0.3848395
5768.110078000442 0.38217026
5769.110232000442 0.37949163
5770.110386000442 0.36184046
5771.110540000443 0.34417906
5772.110694000443 0.3293464
5773.110848000443 0.31451565
5774.1110020004435 0.3150004
5775.111156000444 0.31549567
5776.111310000444 0.3256286
5777.111464000444 0.33576816
5778.111618000445 0.34996122
5779.111772000445 0.36415705
5780.111926000445 0.3741199
5781.1120800004455 0.38407984
5782.112234000446 0.37952444
5783.112388000446 0.37495905
5784.112542000446 0.36032644
5785.112696000447 0.34568688
5786.112850000447 0.33738735
5787.113004000447 0.32909223
5788.113158000448 0.33615148
5789.113312000448 0.3432213
5790.113466000448 0.35664612
5791.1136200004485 0.37007532
5792.113774000449 0.3820212
5793.113928000449 0.39396602
5794.114082000449 0.4043523
5795.11423600045 0.4147375
5796.11439000045 0.42396885
5797.11454400045 0.4331994
5798.1146980004505 0.43955508
5799.114852000451 0.44590878
5800.115006000451 0.44645432
5801.115160000451 0.44699582
5802.115314000452 0.44362444
5803.115468000452 0.44025034
5804.115622000452 0.4429789
5805.115776000453 0.4457117
5806.115930000453 0.459537
5807.116084000453 0.47337005
5808.116238000453 0.4816655
5809.116392000454 0.4899571
5810.116546000454 0.47541848
5811.116700000454 0.4608639
5812.116854000455 0.44169828
5813.117008000455 0.42252946
5814.117162000455 0.42718598
5815.1173160004555 0.43185923
5816.117470000456 0.45861962
5817.117624000456 0.48539558
5818.117778000456 0.5090841
5819.117932000457 0.5327704
5820.118086000457 0.5388815
5821.118240000457 0.5449802
5822.118394000458 0.54214245
5823.118548000458 0.5392984
5824.118702000458 0.53424233
5825.118856000458 0.5291847
5826.119010000459 0.52218324
5827.119164000459 0.51518047
5828.119318000459 0.5054219
5829.11947200046 0.49566132
5830.11962600046 0.4893757
5831.11978000046 0.48309255
5832.1199340004605 0.48954612
5833.120088000461 0.4960087
5834.120242000461 0.51434475
5835.120396000461 0.5326893
5836.120550000462 0.54806554
5837.120704000462 0.5634397
5838.120858000462 0.5658378
5839.1210120004625 0.5682266
5840.121166000463 0.5667972
5841.121320000463 0.56536514
5842.121474000463 0.5693666
5843.121628000464 0.57337195
5844.121782000464 0.58197737
5845.121936000464 0.5905861
5846.122090000465 0.6010572
5847.122244000465 0.61152947
5848.122398000465 0.6211754
5849.1225520004655 0.63082075
5850.122706000466 0.6378471
5851.122860000466 0.64487153
5852.123014000466 0.64761096
5853.123168000467 0.65034735
5854.123322000467 0.65000576
5855.123476000467 0.64966196
5856.1236300004675 0.6475192
5857.123784000468 0.6453751
5858.123938000468 0.64381343
5859.124092000468 0.6422522
5860.124246000469 0.6433162
5861.124400000469 0.644382
5862.124554000469 0.6495396
5863.12470800047 0.65470016
5864.12486200047 0.66373324
5865.12501600047 0.6727691
5866.1251700004705 0.6844843
5867.125324000471 0.6962014
5868.125478000471 0.70722556
5869.125632000471 0.7182492
5870.125786000472 0.726011
5871.125940000472 0.73377043
5872.126094000472 0.735819
5873.1262480004725 0.7378633
5874.126402000473 0.73266697
5875.126556000473 0.7274653
5876.126710000473 0.71858764
5877.126864000474 0.70970726
5878.127018000474 0.7030211
5879.127172000474 0.6963365
5880.127326000475 0.69341516
5881.127480000475 0.6904966
5882.127634000475 0.6896288
5883.127788000475 0.6887624
5884.127942000476 0.68890023
5885.128096000476 0.6890388
5886.128250000476 0.6907624
5887.128404000477 0.6924871
5888.128558000477 0.695826
5889.128712000477 0.69916606
5890.1288660004775 0.7048242
5891.129020000478 0.71048415
5892.129174000478 0.7196901
5893.129328000478 0.7288987
5894.129482000479 0.73841053
5895.129636000479 0.7479226
5896.129790000479 0.752921
5897.12994400048 0.7579161
5898.13009800048 0.7565708
5899.13025200048 0.7552208
5900.13040600048 0.74923193
5901.130560000481 0.74323964
5902.130714000481 0.734939
5903.130868000481 0.72663665
5904.131022000482 0.72147316
5905.131176000482 0.71631205
5906.131330000482 0.720093
5907.1314840004825 0.7238807
5908.131638000483 0.73275155
5909.131792000483 0.7416262
5910.131946000483 0.7496768
5911.132100000484 0.7577268
5912.132254000484 0.76038414
5913.132408000484 0.7630375
5914.1325620004845 0.7572952
5915.132716000485 0.7515466
5916.132870000485 0.73793906
5917.133024000485 0.7243257
5918.133178000486 0.7151893
5919.133332000486 0.70605624
5920.133486000486 0.7114652
5921.133640000487 0.71688503
5922.133794000487 0.72837836
5923.133948000487 0.7398763
5924.1341020004875 0.745516
5925.134256000488 0.7511514
5926.134410000488 0.74926233
5927.134564000488 0.7473676
5928.134718000489 0.7411929
5929.134872000489 0.73501486
5930.135026000489 0.7274976
5931.1351800004895 0.7199793
5932.13533400049 0.71463704
5933.13548800049 0.70929646
5934.13564200049 0.7088237
5935.135796000491 0.70835465
5936.135950000491 0.7100276
5937.136104000491 0.7117021
5938.136258000492 0.71301526
5939.136412000492 0.7143281
5940.136566000492 0.71078706
5941.1367200004925 0.7072423
5942.136874000493 0.6924811
5943.137028000493 0.6777114
5944.137182000493 0.65704256
5945.137336000494 0.6363692
5946.137490000494 0.6258486
5947.137644000494 0.6153357
5948.1377980004945 0.62295455
5949.137952000495 0.63058716
5950.138106000495 0.6418199
5951.138260000495 0.6530554
5952.138414000496 0.65509367
5953.138568000496 0.6571248
5954.138722000496 0.65299475
5955.138876000497 0.64886
5956.139030000497 0.64528424
5957.139184000497 0.64170897
5958.139338000497 0.63632953
5959.139492000498 0.6309487
5960.139646000498 0.6167487
5961.139800000498 0.6025419
5962.139954000499 0.58148265
5963.140108000499 0.5604181
5964.140262000499 0.54879063
5965.1404160004995 0.53717047
5966.1405700005 0.5465159
5967.1407240005 0.5558775
5968.1408780005 0.5699394
5969.141032000501 0.58400494
5970.141186000501 0.5847261
5971.141340000501 0.58543694
5972.141494000502 0.5792597
5973.141648000502 0.5730771
5974.141802000502 0.57494557
5975.141956000502 0.57682025
5976.142110000503 0.58789164
5977.142264000503 0.59897023
5978.142418000503 0.6069821
5979.142572000504 0.61499166
5980.142726000504 0.6126545
5981.142880000504 0.6103093
5982.1430340005045 0.60294974
5983.143188000505 0.59558624
5984.143342000505 0.5873316
5985.143496000505 0.57907623
5986.143650000506 0.57247186
5987.143804000506 0.56586874
5988.143958000506 0.5634239
5989.1441120005065 0.5609822
5990.144266000507 0.56013995
5991.144420000507 0.55929893
5992.144574000507 0.5533246
5993.144728000508 0.5473462
5994.144882000508 0.5353439
5995.145036000508 0.5233369
5996.145190000509 0.5159641
5997.145344000509 0.5085949
5998.145498000509 0.5133977
5999.1456520005095 0.51821
6000.14580600051 0.5260165
6001.14596000051 0.5338253
6002.14611400051 0.5341536
6003.146268000511 0.53447604
6004.146422000511 0.5287492
6005.146576000511 0.52301764
6006.1467300005115 0.51697457
6007.146884000512 0.51093125
6008.147038000512 0.507826
6009.147192000512 0.5047231
6010.147346000513 0.50683415
6011.147500000513 0.5089494
6012.147654000513 0.5163394
6013.147808000514 0.5237336
6014.147962000514 0.5289173
6015.148116000514 0.5340992
6016.1482700005145 0.5296681
6017.148424000515 0.5252294
6018.148578000515 0.51721364
6019.148732000515 0.50919497
6020.148886000516 0.50688195
6021.149040000516 0.50457346
6022.149194000516 0.508479
6023.1493480005165 0.5123895
6024.149502000517 0.51760155
6025.149656000517 0.52281463
6026.149810000517 0.52569425
6027.149964000518 0.528572
6028.150118000518 0.525958
6029.150272000518 0.52333957
6030.150426000519 0.5134413
6031.150580000519 0.50353724
6032.150734000519 0.49413007
6033.150888000519 0.48472333
6034.15104200052 0.48571384
6035.15119600052 0.4867127
6036.15135000052 0.49379072
6037.151504000521 0.5008736
6038.151658000521 0.50367045
6039.151812000521 0.5064638
6040.1519660005215 0.5020444
6041.152120000522 0.49761906
6042.152274000522 0.49281183
6043.152428000522 0.48800427
6044.152582000523 0.4870686
6045.152736000523 0.48613605
6046.152890000523 0.48593757
6047.153044000524 0.48573965
6048.153198000524 0.4834033
6049.153352000524 0.48106518
6050.153506000524 0.4769232
6051.153660000525 0.47277975
6052.153814000525 0.46658838
6053.153968000525 0.4603953
6054.154122000526 0.45561922
6055.154276000526 0.45084426
6056.154430000526 0.4535419
6057.1545840005265 0.4562456
6058.154738000527 0.46746594
6059.154892000527 0.4786932
6060.155046000527 0.48780283
6061.155200000528 0.49691078
6062.155354000528 0.4948344
6063.155508000528 0.4927489
6064.1556620005285 0.48334262
6065.155816000529 0.4739304
6066.155970000529 0.46279588
6067.156124000529 0.45165998
6068.15627800053 0.44320002
6069.15643200053 0.4347422
6070.15658600053 0.43379292
6071.156740000531 0.43284976
6072.156894000531 0.4390261
6073.157048000531 0.44520822
6074.1572020005315 0.44906718
6075.157356000532 0.45292425
6076.157510000532 0.44810575
6077.157664000532 0.44328016
6078.157818000533 0.43624443
6079.157972000533 0.42920688
6080.158126000533 0.42660823
6081.1582800005335 0.42401323
6082.158434000534 0.4260763
6083.158588000534 0.4281432
6084.158742000534 0.4329845
6085.158896000535 0.4378281
6086.159050000535 0.4439879
6087.159204000535 0.45014882
6088.159358000536 0.45651984
6089.159512000536 0.46289104
6090.159666000536 0.46789867
6091.1598200005365 0.47290516
6092.159974000537 0.47400963
6093.160128000537 0.4751109
6094.160282000537 0.4704854
6095.160436000538 0.46585515
6096.160590000538 0.4617127
6097.160744000538 0.45757064
6098.1608980005385 0.4627666
6099.161052000539 0.46797028
6100.161206000539 0.4783769
6101.161360000539 0.48878783
6102.16151400054 0.49272114
6103.16166800054 0.49664903
6104.16182200054 0.49030176
6105.161976000541 0.4839459
6106.162130000541 0.47747913
6107.162284000541 0.4710123
6108.162438000541 0.47191638
6109.162592000542 0.47282663
6110.162746000542 0.47871858
6111.162900000542 0.48461467
6112.163054000543 0.4924452
6113.163208000543 0.50027734
6114.163362000543 0.5069418
6115.1635160005435 0.5136053
6116.163670000544 0.5152437
6117.163824000544 0.51687795
6118.163978000544 0.51247805
6119.164132000545 0.5080731
6120.164286000545 0.49912283
6121.164440000545 0.49016872
6122.164594000546 0.47856042
6123.164748000546 0.46694988
6124.164902000546 0.45685336
6125.165056000546 0.4467581
6126.165210000547 0.44210938
6127.165364000547 0.43746522
6128.165518000547 0.43493718
6129.165672000548 0.43241093
6130.165826000548 0.42689437
6131.165980000548 0.42137527
6132.1661340005485 0.4126642
6133.166288000549 0.40395048
6134.166442000549 0.3957055
6135.166596000549 0.3874609
6136.16675000055 0.3812148
6137.16690400055 0.3749704
6138.16705800055 0.36708325
6139.1672120005505 0.3591947
6140.167366000551 0.34732777
6141.167520000551 0.33545747
6142.167674000551 0.32574457
6143.167828000552 0.31603345
6144.167982000552 0.31605533
6145.168136000552 0.3160855
6146.168290000553 0.32049727
6147.168444000553 0.32491285
6148.168598000553 0.322506
6149.1687520005535 0.32009336
6150.168906000554 0.30857113
6151.169060000554 0.29704115
6152.169214000554 0.28622973
6153.169368000555 0.27541894
6154.169522000555 0.2720631
6155.169676000555 0.26871365
6156.1698300005555 0.26976988
6157.169984000556 0.2708299
6158.170138000556 0.27299199
6159.170292000556 0.27515504
6160.170446000557 0.27658826
6161.170600000557 0.27802086
6162.170754000557 0.27665854
6163.170908000558 0.27529377
6164.171062000558 0.27206028
6165.171216000558 0.26882517
6166.171370000558 0.26729822
6167.171524000559 0.2657727
6168.171678000559 0.26803824
6169.171832000559 0.27030703
6170.17198600056 0.2741935
6171.17214000056 0.27808136
6172.17229400056 0.2815083
6173.1724480005605 0.28493485
6174.172602000561 0.28600693
6175.172756000561 0.28707698
6176.172910000561 0.28422418
6177.173064000562 0.281368
6178.173218000562 0.27481368
6179.173372000562 0.2682562
6180.173526000563 0.25945103
6181.173680000563 0.25064394
6182.173834000563 0.24237289
6183.173988000563 0.23410228
6184.174142000564 0.232429
6185.174296000564 0.23076145
6186.174450000564 0.23949425
6187.174604000565 0.24823609
6188.174758000565 0.25844577
6189.174912000565 0.2686567
6190.1750660005655 0.2703819
6191.175220000566 0.2720997
6192.175374000566 0.26750597
6193.175528000566 0.26290673
6194.175682000567 0.2581948
6195.175836000567 0.25348282
6196.175990000567 0.2523372
6197.176144000568 0.2511947
6198.176298000568 0.25528452
6199.176452000568 0.2593789
6200.176606000568 0.2687762
6201.176760000569 0.27817816
6202.176914000569 0.28517962
6203.177068000569 0.29217896
6204.17722200057 0.28930473
6205.17737600057 0.28642184
6206.17753000057 0.27788812
6207.1776840005705 0.2693494
6208.177838000571 0.26208463
6209.177992000571 0.254821
6210.178146000571 0.2508053
6211.178300000572 0.24679244
6212.178454000572 0.24453324
6213.178608000572 0.2422756
6214.1787620005725 0.24173862
6215.178916000573 0.24120317
6216.179070000573 0.24602678
6217.179224000573 0.25085512
6218.179378000574 0.26337627
6219.179532000574 0.2759042
6220.179686000574 0.28723073
6221.179840000575 0.29855618
6222.179994000575 0.2984534
6223.180148000575 0.2983405
6224.1803020005755 0.29122618
6225.180456000576 0.28410563
6226.180610000576 0.280805
6227.180764000576 0.27750772
6228.180918000577 0.28319758
6229.181072000577 0.28889543
6230.181226000577 0.30106068
6231.1813800005775 0.31323168
6232.181534000578 0.32909876
6233.181688000578 0.34496915
6234.181842000578 0.35595456
6235.181996000579 0.3669356
6236.182150000579 0.36420774
6237.182304000579 0.36146766
6238.18245800058 0.35165533
6239.18261200058 0.3418367
6240.18276600058 0.3364178
6241.18292000058 0.33100283
6242.183074000581 0.33270288
6243.183228000581 0.33440927
6244.183382000581 0.33758965
6245.183536000582 0.34077135
6246.183690000582 0.34221175
6247.183844000582 0.3436506
6248.1839980005825 0.3444829
6249.184152000583 0.34531465
6250.184306000583 0.34647092
6251.184460000583 0.34762746
6252.184614000584 0.35117325
6253.184768000584 0.35472122
6254.184922000584 0.36373997
6255.185076000585 0.37276366
6256.185230000585 0.3831412
6257.185384000585 0.39351994
6258.185538000585 0.39678246
6259.185692000586 0.40003857
6260.185846000586 0.39336833
6261.186000000586 0.38668913
6262.186154000587 0.37893343
6263.186308000587 0.37117672
6264.186462000587 0.3691178
6265.1866160005875 0.36706406
6266.186770000588 0.3661529
6267.186924000588 0.36524284
6268.187078000588 0.35977507
6269.187232000589 0.35430318
6270.187386000589 0.3477599
6271.187540000589 0.34121564
6272.1876940005895 0.3406798
6273.18784800059 0.34014937
6274.18800200059 0.34598035
6275.18815600059 0.3518171
6276.188310000591 0.35604703
6277.188464000591 0.36027554
6278.188618000591 0.3583084
6279.188772000592 0.3563356
6280.188926000592 0.35502395
6281.189080000592 0.3537129
6282.1892340005925 0.36016575
6283.189388000593 0.3666257
6284.189542000593 0.37537274
6285.189696000593 0.3841219
6286.189850000594 0.38667828
6287.190004000594 0.38922897
6288.190158000594 0.38484198
6289.1903120005945 0.38044864
6290.190466000595 0.3745552
6291.190620000595 0.36866042
6292.190774000595 0.36467904
6293.190928000596 0.36069945
6294.191082000596 0.356843
6295.191236000596 0.35298663
6296.191390000597 0.34778538
6297.191544000597 0.34258288
6298.191698000597 0.34486404
6299.1918520005975 0.34715208
6300.192006000598 0.3681351
6301.192160000598 0.38913533
6302.192314000598 0.41663128
6303.192468000599 0.44413322
6304.192622000599 0.45340836
6305.192776000599 0.46266666
6306.1929300005995 0.44687486
6307.1930840006 0.43105993
6308.1932380006 0.41317016
6309.1933920006 0.39527845
6310.193546000601 0.39285886
6311.193700000601 0.39045364
6312.193854000601 0.39780867
6313.194008000602 0.40517277
6314.194162000602 0.4155216
6315.194316000602 0.4258732
6316.194470000602 0.43502688
6317.194624000603 0.4441795
6318.194778000603 0.44733313
6319.194932000603 0.45048118
6320.195086000604 0.4480928
6321.195240000604 0.44569921
6322.195394000604 0.44412163
6323.1955480006045 0.44254476
6324.195702000605 0.44578147
6325.195856000605 0.44902268
6326.196010000605 0.45371607
6327.196164000606 0.45841083
6328.196318000606 0.46101186
6329.196472000606 0.46361098
6330.196626000607 0.46514976
6331.196780000607 0.46668756
6332.196934000607 0.46937767
6333.197088000607 0.47206888
6334.197242000608 0.47504857
6335.197396000608 0.4780285
6336.197550000608 0.47875023
6337.197704000609 0.47946984
6338.197858000609 0.47737548
6339.198012000609 0.47527847
6340.1981660006095 0.47360063
6341.19832000061 0.47192317
6342.19847400061 0.4735529
6343.19862800061 0.47518575
6344.198782000611 0.47914088
6345.198936000611 0.48309818
6346.199090000611 0.48802415
6347.1992440006115 0.49295107
6348.199398000612 0.4970295
6349.199552000612 0.50110716
6350.199706000612 0.5020078
6351.199860000613 0.5029054
6352.200014000613 0.50058115
6353.200168000613 0.4982538
6354.200322000614 0.4969366
6355.200476000614 0.49562034
6356.200630000614 0.49789414
6357.2007840006145 0.50017136
6358.200938000615 0.501593
6359.201092000615 0.50301385
6360.201246000615 0.49830532
6361.201400000616 0.49359098
6362.201554000616 0.4862611
6363.201708000616 0.47892877
6364.2018620006165 0.47493005
6365.202016000617 0.4709345
6366.202170000617 0.47200334
6367.202324000617 0.47307697
6368.202478000618 0.4765896
6369.202632000618 0.48010457
6370.202786000618 0.48398855
6371.202940000619 0.4878729
6372.203094000619 0.49051797
6373.203248000619 0.4931619
6374.2034020006195 0.49287024
6375.20355600062 0.4925758
6376.20371000062 0.49296343
6377.20386400062 0.49335173
6378.204018000621 0.49981067
6379.204172000621 0.5062754
6380.204326000621 0.5170393
6381.2044800006215 0.5278073
6382.204634000622 0.5365854
6383.204788000622 0.5453616
6384.204942000622 0.54732007
6385.205096000623 0.549272
6386.205250000623 0.54001236
6387.205404000623 0.53074193
6388.205558000624 0.5077315
6389.205712000624 0.48470783
6390.205866000624 0.46114072
6391.206020000624 0.4375731
6392.206174000625 0.42865977
6393.206328000625 0.41976058
6394.206482000625 0.42606157
6395.206636000626 0.43237722
6396.206790000626 0.44772357
6397.206944000626 0.46307868
6398.2070980006265 0.4803806
6399.207252000627 0.4976844
6400.207406000627 0.5077625
6401.207560000627 0.51783365
6402.207714000628 0.5144574
6403.207868000628 0.5110681
6404.208022000628 0.50379354
6405.208176000629 0.49651524
6406.208330000629 0.49638918
6407.208484000629 0.49627
6408.208638000629 0.50152886
6409.20879200063 0.5067929
6410.20894600063 0.5118492
6411.20910000063 0.51690537
6412.209254000631 0.5196574
6413.209408000631 0.5224071
6414.209562000631 0.5246925
6415.2097160006315 0.52697736
6416.209870000632 0.52957934
6417.210024000632 0.53218156
6418.210178000632 0.53350914
6419.210332000633 0.5348355
6420.210486000633 0.5338918
6421.210640000633 0.5329458
6422.2107940006335 0.52942
6423.210948000634 0.5258917
6424.211102000634 0.51938087
6425.211256000634 0.5128671
6426.211410000635 0.5071623
6427.211564000635 0.5014583
6428.211718000635 0.5033559
6429.211872000636 0.505261
6430.212026000636 0.5161811
6431.212180000636 0.5271101
6432.2123340006365 0.53582245
6433.212488000637 0.54453266
6434.212642000637 0.5413776
6435.212796000637 0.5382109
6436.212950000638 0.52763736
6437.213104000638 0.5170565
6438.213258000638 0.5043648
6439.2134120006385 0.491671
6440.213566000639 0.48287177
6441.213720000639 0.47407636
6442.213874000639 0.4754974
6443.21402800064 0.4769285
6444.21418200064 0.48883834
6445.21433600064 0.5007585
6446.214490000641 0.51316994
6447.214644000641 0.52558184
6448.214798000641 0.53036785
6449.2149520006415 0.5351463
6450.215106000642 0.535089
6451.215260000642 0.53502697
6452.215414000642 0.53410846
6453.215568000643 0.5331891
6454.215722000643 0.53081626
6455.215876000643 0.52844197
6456.2160300006435 0.52303797
6457.216184000644 0.517631
6458.216338000644 0.5111435
6459.216492000644 0.50465494
6460.216646000645 0.50325966
6461.216800000645 0.5018694
6462.216954000645 0.50828874
6463.217108000646 0.5147159
6464.217262000646 0.51932055
6465.217416000646 0.5239234
6466.217570000646 0.5169949
6467.217724000647 0.51005495
6468.217878000647 0.5002439
6469.218032000647 0.49043
6470.218186000648 0.4906329
6471.218340000648 0.4908458
6472.218494000648 0.5004207
6473.2186480006485 0.51000494
6474.218802000649 0.51743144
6475.218956000649 0.5248558
6476.219110000649 0.52387375
6477.21926400065 0.5228833
6478.21941800065 0.5168933
6479.21957200065 0.5108983
6480.219726000651 0.5028466
6481.219880000651 0.4947928
6482.220034000651 0.48890877
6483.220188000651 0.48302692
6484.220342000652 0.48419768
6485.220496000652 0.48537552
6486.220650000652 0.49145088
6487.220804000653 0.49753118
6488.220958000653 0.5015745
6489.221112000653 0.50561583
6490.2212660006535 0.5047553
6491.221420000654 0.50388986
6492.221574000654 0.50034845
6493.221728000654 0.4968044
6494.221882000655 0.49296683
6495.222036000655 0.48912898
6496.222190000655 0.48648965
6497.2223440006555 0.48385155
6498.222498000656 0.48442513
6499.222652000656 0.48500192
6500.222806000656 0.48719996
6501.222960000657 0.48939967
6502.223114000657 0.4896314
6503.223268000657 0.48986116
6504.223422000658 0.48879957
6505.223576000658 0.48773667
6506.223730000658 0.49103954
6507.2238840006585 0.49434686
6508.224038000659 0.5049592
6509.224192000659 0.515579
6510.224346000659 0.5225233
6511.22450000066 0.5294638
6512.22465400066 0.52214414
6513.22480800066 0.51480985
6514.2249620006605 0.50261325
6515.225116000661 0.49041173
6516.225270000661 0.48878664
6517.225424000661 0.48717234
6518.225578000662 0.49680176
6519.225732000662 0.50644267
6520.225886000662 0.5153471
6521.226040000663 0.5242508
6522.226194000663 0.5253662
6523.226348000663 0.5264736
6524.2265020006635 0.52430594
6525.226656000664 0.5221349
6526.226810000664 0.5200884
6527.226964000664 0.5180419
6528.227118000665 0.5168913
6529.227272000665 0.5157416
6530.227426000665 0.5166418
6531.2275800006655 0.51754415
6532.227734000666 0.5175676
6533.227888000666 0.5175901
6534.228042000666 0.5112219
6535.228196000667 0.50484717
6536.228350000667 0.49178874
6537.228504000667 0.47872344
6538.228658000668 0.4701178
6539.228812000668 0.46151677
6540.228966000668 0.46574667
6541.229120000668 0.46998984
6542.229274000669 0.4785478
6543.229428000669 0.48711026
6544.229582000669 0.4897631
6545.22973600067 0.49240986
6546.22989000067 0.49000418
6547.23004400067 0.4875933
6548.2301980006705 0.48596445
6549.230352000671 0.48433638
6550.230506000671 0.48638183
6551.230660000671 0.48843107
6552.230814000672 0.4940421
6553.230968000672 0.4996568
6554.231122000672 0.50823635
6555.231276000673 0.516819
6556.231430000673 0.52173656
6557.231584000673 0.5266503
6558.231738000673 0.5207397
6559.231892000674 0.5148178
6560.232046000674 0.5040904
6561.232200000674 0.49335817
6562.232354000675 0.4879317
6563.232508000675 0.48251075
6564.232662000675 0.48436186
6565.2328160006755 0.48622057
6566.232970000676 0.48856416
6567.233124000676 0.49090827
6568.233278000676 0.48924538
6569.233432000677 0.48757833
6570.233586000677 0.48387283
6571.233740000677 0.48016518
6572.2338940006775 0.47565576
6573.234048000678 0.4711455
6574.234202000678 0.468437
6575.234356000678 0.46573034
6576.234510000679 0.46784064
6577.234664000679 0.46995598
6578.234818000679 0.47540754
6579.23497200068 0.4808626
6580.23512600068 0.48491415
6581.23528000068 0.48896426
6582.2354340006805 0.4888743
6583.235588000681 0.48878
6584.235742000681 0.4875322
6585.235896000681 0.4862832
6586.236050000682 0.48635277
6587.236204000682 0.48642373
6588.236358000682 0.48691374
6589.2365120006825 0.4874042
6590.236666000683 0.48720947
6591.236820000683 0.487014
6592.236974000683 0.48622522
6593.237128000684 0.48543584
6594.237282000684 0.48475063
6595.237436000684 0.48406553
