3190.108 3.8541134e-15
3192.44585 2.9074116e-15
3194.7837 1.9607095e-15
3197.12155 2.6625405e-15
3199.4593999999997 3.3649356e-15
3201.7972499999996 5.227216e-16
3204.1350999999995 -2.32192e-15
3206.4729499999994 -3.2879572e-15
3208.8107999999993 -4.252064e-15
3211.148649999999 -1.2878214e-15
3213.486499999999 1.6823112e-15
3215.824349999999 2.5637318e-15
3218.162199999999 3.4413034e-15
3220.5000499999987 4.228401e-15
3222.8378999999986 5.015301e-15
3225.1757499999985 2.93716e-15
3227.5135999999984 8.514004e-16
3229.8514499999983 -9.644932e-16
3232.189299999998 -2.7795765e-15
3234.527149999998 -1.6243822e-15
3236.864999999998 -4.589889e-16
3239.202849999998 1.6034534e-16
3241.5406999999977 7.776163e-16
3243.8785499999976 1.1602414e-15
3246.2163999999975 1.541899e-15
3248.5542499999974 1.6709874e-15
3250.8920999999973 1.7989146e-15
3253.229949999997 1.1799522e-15
3255.567799999997 5.572975e-16
3257.905649999997 7.339973e-16
3260.243499999997 9.14925e-16
3262.5813499999967 3.1525468e-16
3264.9191999999966 -2.8881433e-16
3267.2570499999965 -3.1293211e-16
3269.5948999999964 -3.3350578e-16
3271.9327499999963 5.0705097e-16
3274.270599999996 1.3531686e-15
3276.608449999996 5.8031477e-16
3278.946299999996 -2.0355507e-16
3281.284149999996 2.391168e-16
3283.6219999999958 6.907197e-16
3285.9598499999956 8.6004967e-16
3288.2976999999955 1.0272262e-15
3290.6355499999954 3.7237397e-16
3292.9733999999953 -2.8903504e-16
3295.311249999995 -3.1532623e-16
3297.649099999995 -3.362477e-16
3299.986949999995 -8.887133e-17
3302.324799999995 1.6086679e-16
3304.6626499999948 1.4685341e-16
3307.0004999999946 1.304264e-16
3309.3383499999945 -1.07498844e-16
3311.6761999999944 -3.4752825e-16
3314.0140499999943 -3.6318655e-16
3316.351899999994 -3.7660572e-16
3318.689749999994 -2.1059874e-16
3321.027599999994 -4.2738526e-17
3323.365449999994 1.7111187e-16
3325.7032999999938 3.8545335e-16
3328.0411499999936 1.9061591e-16
3330.3789999999935 -8.787521e-18
3332.7168499999934 -7.906783e-17
3335.0546999999933 -1.4786207e-16
3337.392549999993 -9.775568e-17
3339.730399999993 -4.6239234e-17
3342.068249999993 -6.6460435e-17
3344.406099999993 -8.756381e-17
3346.7439499999928 -1.1967067e-16
3349.0817999999927 -1.5191717e-16
3351.4196499999925 -4.9839796e-17
3353.7574999999924 5.4001365e-17
3356.0953499999923 6.933798e-17
3358.433199999992 8.348135e-17
3360.771049999992 5.941487e-17
3363.108899999992 3.48198e-17
3365.446749999992 -2.7259276e-17
3367.7845999999918 -8.987173e-17
3370.1224499999917 -3.969394e-17
3372.4602999999915 1.21384685e-17
3374.7981499999914 4.4509077e-17
3377.1359999999913 7.658732e-17
3379.473849999991 9.0675506e-17
3381.811699999991 1.0448709e-16
3384.149549999991 -2.8272196e-17
3386.487399999991 -1.6335614e-16
3388.825249999991 -1.2103053e-16
3391.1630999999907 -7.582848e-17
3393.5009499999906 -1.2700816e-17
3395.8387999999904 5.0723827e-17
3398.1766499999903 2.562912e-17
3400.51449999999 -9.75152e-19
3402.85234999999 -4.27881e-17
3405.19019999999 -8.486579e-17
3407.52804999999 9.474549e-18
3409.86589999999 1.0623794e-16
3412.2037499999897 9.129095e-17
3414.5415999999896 7.432015e-17
3416.8794499999894 7.119318e-17
3419.2172999999893 6.832376e-17
3421.555149999989 8.080608e-17
3423.892999999989 9.3579465e-17
3426.230849999989 9.1256835e-17
3428.568699999989 8.864262e-17
3430.906549999989 1.1377443e-16
3433.2443999999887 1.3945572e-16
3435.5822499999886 1.1792219e-16
3437.9200999999885 9.543682e-17
3440.2579499999883 6.149506e-17
3442.5957999999882 2.7318263e-17
3444.933649999988 -1.2055135e-17
3447.271499999988 -5.1537697e-17
3449.609349999988 7.2850094e-17
3451.947199999988 2.0073874e-16
3454.2850499999877 1.4744047e-16
3456.6228999999876 9.020672e-17
3458.9607499999875 8.1045575e-17
3461.2985999999873 7.294577e-17
3463.6364499999872 7.8955706e-17
3465.974299999987 8.52841e-17
3468.312149999987 5.1561893e-17
3470.649999999987 1.6921415e-17
3472.987849999987 4.6501202e-17
3475.3256999999867 7.757641e-17
3477.6635499999866 7.719261e-17
3480.0013999999865 7.606215e-17
3482.3392499999864 7.73528e-17
3484.6770999999862 7.8701894e-17
3487.014949999986 1.1561388e-16
3489.352799999986 1.5340022e-16
3491.690649999986 1.2588572e-16
3494.028499999986 9.674225e-17
3496.3663499999857 9.247829e-17
3498.7041999999856 8.884393e-17
3501.0420499999855 9.57788e-17
3503.3798999999854 1.0298636e-16
3505.7177499999852 8.513882e-17
3508.055599999985 6.6635824e-17
3510.393449999985 5.9203355e-17
3512.731299999985 5.2064478e-17
3515.069149999985 1.5106297e-17
3517.4069999999847 -2.2653476e-17
3519.7448499999846 1.9550146e-17
3522.0826999999845 6.394301e-17
3524.4205499999844 9.083764e-17
3526.7583999999842 1.1724688e-16
3529.096249999984 1.3073815e-16
3531.434099999984 1.4386642e-16
3533.771949999984 1.3002688e-16
3536.109799999984 1.1541611e-16
3538.4476499999837 1.2691711e-16
3540.7854999999836 1.3917432e-16
3543.1233499999835 8.3843536e-17
3545.4611999999834 2.6530882e-17
3547.7990499999833 5.1538947e-17
3550.136899999983 7.900197e-17
3552.474749999983 8.45166e-17
3554.812599999983 8.936872e-17
3557.150449999983 8.658546e-17
3559.4882999999827 8.3568965e-17
3561.8261499999826 9.985148e-17
3564.1639999999825 1.1673056e-16
3566.5018499999824 1.3347598e-16
3568.8396999999823 1.5021722e-16
3571.177549999982 1.6370356e-16
3573.515399999982 1.7708648e-16
3575.853249999982 1.4855844e-16
3578.191099999982 1.1868334e-16
3580.5289499999817 1.1876429e-16
3582.8667999999816 1.1982169e-16
3585.2046499999815 1.1400586e-16
3587.5424999999814 1.0796316e-16
3589.8803499999813 1.1849562e-16
3592.218199999981 1.2958277e-16
3594.556049999981 1.3198107e-16
3596.893899999981 1.3408543e-16
3599.231749999981 1.1513428e-16
3601.5695999999807 9.546311e-17
3603.9074499999806 1.0438974e-16
3606.2452999999805 1.1430866e-16
3608.5831499999804 1.374794e-16
3610.9209999999803 1.6111483e-16
3613.25884999998 1.3155838e-16
3615.59669999998 1.0011724e-16
3617.93454999998 9.129103e-17
3620.27239999998 8.32744e-17
3622.6102499999797 9.3892576e-17
3624.9480999999796 1.0518728e-16
3627.2859499999795 1.3212392e-16
3629.6237999999794 1.5963419e-16
3631.9616499999793 1.5426085e-16
3634.299499999979 1.476695e-16
3636.637349999979 1.5497634e-16
3638.975199999979 1.6280499e-16
3641.313049999979 1.7352101e-16
3643.6508999999787 1.8434652e-16
3645.9887499999786 1.508945e-16
3648.3265999999785 1.1574741e-16
3650.6644499999784 1.3091213e-16
3653.0022999999783 1.4802847e-16
3655.340149999978 1.2838493e-16
3657.677999999978 1.07301876e-16
3660.015849999978 1.0528347e-16
3662.353699999978 1.0401869e-16
3664.6915499999777 1.0953815e-16
3667.0293999999776 1.153283e-16
3669.3672499999775 1.1646253e-16
3671.7050999999774 1.1740863e-16
3674.0429499999773 1.195439e-16
3676.380799999977 1.2172767e-16
3678.718649999977 1.16537e-16
3681.056499999977 1.1104287e-16
3683.394349999977 1.019836e-16
3685.7321999999767 9.2775797e-17
3688.0700499999766 8.1320695e-17
3690.4078999999765 6.977113e-17
3692.7457499999764 7.9373565e-17
3695.0835999999763 8.9872915e-17
3697.421449999976 9.567536e-17
3699.759299999976 1.0127647e-16
3702.097149999976 1.1873014e-16
3704.434999999976 1.3669689e-16
3706.7728499999757 1.4642541e-16
3709.1106999999756 1.5579349e-16
3711.4485499999755 1.5432224e-16
3713.7863999999754 1.5237371e-16
3716.1242499999753 1.5553015e-16
3718.462099999975 1.5891377e-16
3720.799949999975 1.4495517e-16
3723.137799999975 1.3021756e-16
3725.475649999975 1.3263392e-16
3727.8134999999747 1.3582884e-16
3730.1513499999746 1.3664985e-16
3732.4891999999745 1.3736223e-16
3734.8270499999744 1.4476138e-16
3737.1648999999743 1.5246904e-16
3739.502749999974 1.6086207e-16
3741.840599999974 1.6928705e-16
3744.178449999974 1.4422899e-16
3746.516299999974 1.1759635e-16
3748.8541499999737 1.1897793e-16
3751.1919999999736 1.2168737e-16
3753.5298499999735 1.3615753e-16
3755.8676999999734 1.5119121e-16
3758.2055499999733 1.5475801e-16
3760.543399999973 1.5777106e-16
3762.881249999973 1.5502404e-16
3765.219099999973 1.5199667e-16
3767.556949999973 1.6373188e-16
3769.8947999999727 1.7619112e-16
3772.2326499999726 1.6091452e-16
3774.5704999999725 1.4426321e-16
3776.9083499999724 1.5325476e-16
3779.2461999999723 1.6352691e-16
3781.584049999972 1.6145654e-16
3783.921899999972 1.5876512e-16
3786.259749999972 1.3822192e-16
3788.597599999972 1.167712e-16
3790.9354499999718 1.1012241e-16
3793.2732999999716 1.0423171e-16
3795.6111499999715 9.011575e-17
3797.9489999999714 7.5575416e-17
3800.2868499999713 6.1793985e-17
3802.624699999971 4.805211e-17
3804.962549999971 4.0553502e-17
3807.300399999971 3.338262e-17
3809.638249999971 2.3911095e-17
3811.9760999999708 1.4317929e-17
3814.3139499999706 2.0435935e-17
3816.6517999999705 2.7390585e-17
3818.9896499999704 2.5117993e-17
3821.3274999999703 2.2349216e-17
3823.66534999997 2.3162121e-17
3826.00319999997 2.4168987e-17
3828.34104999997 2.754765e-17
3830.67889999997 3.105566e-17
3833.0167499999698 3.223587e-17
3835.3545999999697 3.328803e-17
3837.6924499999695 2.7520094e-17
3840.0302999999694 2.1374059e-17
3842.3681499999693 2.5681951e-17
3844.705999999969 3.0574382e-17
3847.043849999969 3.4349634e-17
3849.381699999969 3.8061995e-17
3851.719549999969 3.8712602e-17
3854.0573999999688 3.918967e-17
3856.3952499999687 3.8219212e-17
3858.7330999999685 3.7165946e-17
3861.0709499999684 5.1609866e-17
3863.4087999999683 6.694623e-17
3865.746649999968 5.797396e-17
3868.084499999968 4.759251e-17
3870.422349999968 3.8832212e-17
3872.760199999968 3.0166513e-17
3875.0980499999678 4.1098935e-17
3877.4358999999677 5.3185308e-17
3879.7737499999675 5.4453574e-17
3882.1115999999674 5.508071e-17
3884.4494499999673 6.792046e-17
3886.787299999967 8.1488686e-17
3889.125149999967 8.2879586e-17
3891.462999999967 8.353769e-17
3893.800849999967 8.1825964e-17
3896.138699999967 7.997072e-17
3898.4765499999667 9.737689e-17
3900.8143999999666 1.1595698e-16
3903.1522499999664 1.0569179e-16
3905.4900999999663 9.365327e-17
3907.827949999966 1.0762634e-16
3910.165799999966 1.2320855e-16
3912.503649999966 1.3716383e-16
3914.841499999966 1.5101782e-16
3917.179349999966 1.5145517e-16
3919.5171999999657 1.5105217e-16
3921.8550499999656 1.4857036e-16
3924.1928999999654 1.4595725e-16
3926.5307499999653 1.6093986e-16
3928.868599999965 1.7704074e-16
3931.206449999965 1.737067e-16
3933.544299999965 1.6912998e-16
3935.882149999965 1.6452147e-16
3938.219999999965 1.5991093e-16
3940.5578499999647 1.5953172e-16
3942.8956999999646 1.5942695e-16
3945.2335499999645 1.6508246e-16
3947.5713999999643 1.7111437e-16
3949.9092499999642 1.8455735e-16
3952.247099999964 1.984875e-16
3954.584949999964 2.1336696e-16
3956.922799999964 2.283092e-16
3959.260649999964 2.2889956e-16
3961.5984999999637 2.2853327e-16
3963.9363499999636 2.2669947e-16
3966.2741999999635 2.247673e-16
3968.6120499999633 2.31568e-16
3970.9498999999632 2.3895768e-16
3973.287749999963 2.4990818e-16
3975.625599999963 2.611002e-16
3977.963449999963 2.6119423e-16
3980.301299999963 2.6052955e-16
3982.6391499999627 2.5694604e-16
3984.9769999999626 2.5316184e-16
3987.3148499999625 2.5878566e-16
3989.6526999999624 2.6506e-16
3991.9905499999622 2.687389e-16
3994.328399999962 2.7223697e-16
3996.666249999962 2.707889e-16
3999.004099999962 2.6899419e-16
4001.341949999962 2.6824236e-16
4003.6797999999617 2.6756405e-16
4006.0176499999616 2.6299595e-16
4008.3554999999615 2.581517e-16
4010.6933499999614 2.4611945e-16
4013.0311999999612 2.33574e-16
4015.369049999961 2.3006347e-16
4017.706899999961 2.2720155e-16
4020.044749999961 2.302197e-16
4022.382599999961 2.3366227e-16
4024.7204499999607 2.385027e-16
4027.0582999999606 2.4344476e-16
4029.3961499999605 2.3701263e-16
4031.7339999999604 2.2974877e-16
4034.0718499999602 2.387077e-16
4036.40969999996 2.4885929e-16
4038.74754999996 2.3812367e-16
4041.08539999996 2.2584117e-16
4043.42324999996 2.1564006e-16
4045.7610999999597 2.0559393e-16
4048.0989499999596 2.323515e-16
4050.4367999999595 2.6186373e-16
4052.7746499999594 2.5883688e-16
4055.1124999999593 2.533584e-16
4057.450349999959 2.3761058e-16
4059.788199999959 2.2108444e-16
4062.126049999959 2.2100483e-16
4064.463899999959 2.2217984e-16
4066.8017499999587 2.2941035e-16
4069.1395999999586 2.3710464e-16
4071.4774499999585 2.338373e-16
4073.8152999999584 2.2972505e-16
4076.1531499999583 2.2633125e-16
4078.490999999958 2.2299315e-16
4080.828849999958 2.2471284e-16
4083.166699999958 2.2682714e-16
4085.504549999958 2.1482642e-16
4087.8423999999577 2.0171882e-16
4090.1802499999576 1.95458e-16
4092.5180999999575 1.8973681e-16
4094.8559499999574 1.9764349e-16
4097.193799999957 2.0663174e-16
4099.531649999957 2.0209796e-16
4101.869499999957 1.964856e-16
4104.207349999957 1.9391488e-16
4106.545199999957 1.9158845e-16
4108.883049999957 1.8827103e-16
4111.220899999957 1.848738e-16
4113.5587499999565 1.8871399e-16
4115.896599999956 1.9314123e-16
4118.234449999956 1.9303453e-16
4120.572299999956 1.9255873e-16
4122.910149999956 1.9523483e-16
4125.247999999956 1.9816912e-16
4127.585849999956 1.9289444e-16
4129.923699999956 1.8694283e-16
4132.261549999956 1.793167e-16
4134.5993999999555 1.7155165e-16
4136.937249999955 1.7043626e-16
4139.275099999955 1.6987458e-16
4141.612949999955 1.721811e-16
4143.950799999955 1.7472805e-16
4146.288649999955 1.890224e-16
4148.626499999955 2.0430731e-16
4150.964349999955 1.967983e-16
4153.302199999955 1.873604e-16
4155.6400499999545 1.8535157e-16
4157.977899999954 1.8397553e-16
4160.315749999954 1.9020329e-16
4162.653599999954 1.9708253e-16
4164.991449999954 1.8795415e-16
4167.329299999954 1.7744939e-16
4169.667149999954 1.7613179e-16
4172.004999999954 1.7560876e-16
4174.342849999954 1.8894008e-16
4176.6806999999535 2.0347382e-16
4179.018549999953 2.1176462e-16
4181.356399999953 2.1951012e-16
4183.694249999953 2.1327928e-16
4186.032099999953 2.0582058e-16
4188.369949999953 2.0217786e-16
4190.707799999953 1.9887156e-16
4193.045649999953 2.033934e-16
4195.383499999953 2.0860931e-16
4197.7213499999525 2.0518866e-16
4200.059199999952 2.0099746e-16
4202.397049999952 2.0371633e-16
4204.734899999952 2.0705384e-16
4207.072749999952 2.259599e-16
4209.410599999952 2.462677e-16
4211.748449999952 2.602896e-16
4214.086299999952 2.7374202e-16
4216.424149999952 2.839872e-16
4218.7619999999515 2.9394081e-16
4221.099849999951 2.8615502e-16
4223.437699999951 2.7674769e-16
4225.775549999951 2.685088e-16
4228.113399999951 2.603774e-16
4230.451249999951 2.6835777e-16
4232.789099999951 2.7782403e-16
4235.126949999951 2.7713068e-16
4237.464799999951 2.754947e-16
4239.8026499999505 2.7661783e-16
4242.14049999995 2.7799852e-16
4244.47834999995 2.7956733e-16
4246.81619999995 2.8115374e-16
4249.15404999995 2.8882677e-16
4251.49189999995 2.9707293e-16
4253.82974999995 2.7555446e-16
4256.16759999995 2.5121788e-16
4258.50544999995 2.6177442e-16
4260.8432999999495 2.7564533e-16
4263.181149999949 2.8275633e-16
4265.518999999949 2.8922144e-16
4267.856849999949 2.9027308e-16
4270.194699999949 2.908047e-16
4272.532549999949 2.8833324e-16
4274.870399999949 2.8557237e-16
4277.208249999949 2.8517463e-16
4279.546099999949 2.8500597e-16
4281.8839499999485 2.8223133e-16
4284.221799999948 2.792027e-16
4286.559649999948 2.7613518e-16
4288.897499999948 2.7306383e-16
4291.235349999948 2.7295488e-16
4293.573199999948 2.731371e-16
4295.911049999948 2.8004196e-16
4298.248899999948 2.876113e-16
4300.586749999948 2.8560474e-16
4302.9245999999475 2.826487e-16
4305.262449999947 2.7848058e-16
4307.600299999947 2.7419169e-16
4309.938149999947 2.698965e-16
4312.275999999947 2.6560065e-16
4314.613849999947 2.790929e-16
4316.951699999947 2.943738e-16
4319.289549999947 3.0317935e-16
4321.627399999947 3.113304e-16
4323.9652499999465 3.046696e-16
4326.303099999946 2.965071e-16
4328.640949999946 3.009331e-16
4330.978799999946 3.0664186e-16
4333.316649999946 3.0756312e-16
4335.654499999946 3.0799375e-16
4337.992349999946 3.0544786e-16
4340.330199999946 3.0259604e-16
4342.668049999946 3.0443653e-16
4345.0058999999455 3.067618e-16
4347.343749999945 3.0394742e-16
4349.681599999945 3.0059916e-16
4352.019449999945 3.0132673e-16
4354.357299999945 3.0247986e-16
4356.695149999945 3.0808968e-16
4359.032999999945 3.1416616e-16
4361.370849999945 3.1324504e-16
4363.708699999945 3.1158716e-16
4366.046549999945 3.1600173e-16
4368.384399999944 3.2105887e-16
4370.722249999944 3.386089e-16
4373.060099999944 3.5748478e-16
4375.397949999944 3.4378267e-16
4377.735799999944 3.2660447e-16
4380.073649999944 3.3175287e-16
4382.411499999944 3.3928937e-16
4384.749349999944 3.4992186e-16
4387.087199999944 3.6088728e-16
4389.425049999943 3.5509178e-16
4391.762899999943 3.4748502e-16
4394.100749999943 3.392372e-16
4396.438599999943 3.309199e-16
4398.776449999943 3.2992132e-16
4401.114299999943 3.2972017e-16
4403.452149999943 3.2205688e-16
4405.789999999943 3.1357657e-16
4408.127849999943 2.937654e-16
4410.465699999942 2.7271007e-16
4412.803549999942 2.828994e-16
4415.141399999942 2.965375e-16
4417.479249999942 2.7987416e-16
4419.817099999942 2.5985017e-16
4422.154949999942 2.7003797e-16
4424.492799999942 2.8358605e-16
4426.830649999942 2.7196102e-16
4429.168499999942 2.5752282e-16
4431.506349999941 2.5058456e-16
4433.844199999941 2.4448883e-16
4436.182049999941 2.349785e-16
4438.519899999941 2.2508352e-16
4440.857749999941 2.259074e-16
4443.195599999941 2.2794443e-16
4445.533449999941 2.1097849e-16
4447.871299999941 1.9185066e-16
4450.209149999941 1.919467e-16
4452.54699999994 1.9423589e-16
4454.88484999994 1.9928156e-16
4457.22269999994 2.0464316e-16
4459.56054999994 2.0731157e-16
4461.89839999994 2.0966972e-16
4464.23624999994 1.9274591e-16
4466.57409999994 1.7359567e-16
4468.91194999994 1.6778207e-16
4471.24979999994 1.6351623e-16
4473.5876499999395 1.6784413e-16
4475.925499999939 1.731721e-16
4478.263349999939 1.7153084e-16
4480.601199999939 1.6907483e-16
4482.939049999939 1.7650552e-16
4485.276899999939 1.8509782e-16
4487.614749999939 1.9070934e-16
4489.952599999939 1.9596905e-16
4492.290449999939 2.0083015e-16
4494.6282999999385 2.0564406e-16
4496.966149999938 2.0554121e-16
4499.303999999938 2.0485358e-16
4501.641849999938 2.0339001e-16
4503.979699999938 2.0183375e-16
4506.317549999938 2.0414001e-16
4508.655399999938 2.0690896e-16
4510.993249999938 2.0901321e-16
4513.331099999938 2.1103749e-16
4515.6689499999375 2.1561491e-16
4518.006799999937 2.2050106e-16
4520.344649999937 2.266454e-16
4522.682499999937 2.329423e-16
4525.020349999937 2.3512666e-16
4527.358199999937 2.368102e-16
4529.696049999937 2.3202464e-16
4532.033899999937 2.2644918e-16
4534.371749999937 2.4148557e-16
4536.7095999999365 2.5905097e-16
4539.047449999936 2.585926e-16
4541.385299999936 2.5591303e-16
4543.723149999936 2.7177023e-16
4546.060999999936 2.8991783e-16
4548.398849999936 2.949614e-16
4550.736699999936 2.9837874e-16
4553.074549999936 3.0688755e-16
4555.412399999936 3.1603127e-16
4557.7502499999355 3.2412325e-16
4560.088099999935 3.3208371e-16
4562.425949999935 3.4493506e-16
4564.763799999935 3.584005e-16
4567.101649999935 3.7058054e-16
4569.439499999935 3.8259843e-16
4571.777349999935 3.9134696e-16
4574.115199999935 3.9968192e-16
4576.453049999935 4.0391592e-16
4578.7908999999345 4.07629e-16
4581.128749999934 4.20844e-16
4583.466599999934 4.352717e-16
4585.804449999934 4.526655e-16
4588.142299999934 4.7043866e-16
4590.480149999934 4.790146e-16
4592.817999999934 4.864087e-16
4595.155849999934 4.801018e-16
4597.493699999934 4.7202616e-16
4599.8315499999335 4.9581486e-16
4602.169399999933 5.237258e-16
4604.507249999933 5.5095835e-16
4606.845099999933 5.7810263e-16
4609.182949999933 6.01247e-16
4611.520799999933 6.238693e-16
4613.858649999933 6.3732495e-16
4616.196499999933 6.4958115e-16
4618.534349999933 6.508409e-16
4620.8721999999325 6.506552e-16
4623.210049999932 6.634804e-16
4625.547899999932 6.78023e-16
4627.885749999932 7.1582913e-16
4630.223599999932 7.567136e-16
4632.561449999932 7.7351e-16
4634.899299999932 7.871044e-16
4637.237149999932 7.9519e-16
4639.574999999932 8.0254027e-16
4641.9128499999315 7.4360504e-16
4644.250699999931 6.7580047e-16
4646.588549999931 7.434306e-16
4648.926399999931 8.292571e-16
4651.264249999931 8.402421e-16
4653.602099999931 8.411264e-16
4655.939949999931 7.8607416e-16
4658.277799999931 7.234541e-16
4660.615649999931 7.9820044e-16
4662.9534999999305 8.916071e-16
4665.29134999993 8.662248e-16
4667.62919999993 8.246336e-16
4669.96704999993 8.680733e-16
4672.30489999993 9.231437e-16
4674.64274999993 9.18077e-16
4676.98059999993 9.047511e-16
4679.31844999993 9.149073e-16
4681.65629999993 9.282961e-16
4683.9941499999295 8.80968e-16
4686.331999999929 8.2524747e-16
4688.669849999929 7.7490883e-16
4691.007699999929 7.2531744e-16
4693.345549999929 7.650736e-16
4695.683399999929 8.1726376e-16
4698.021249999929 8.4613573e-16
4700.359099999929 8.7174963e-16
4702.696949999929 8.311917e-16
4705.0347999999285 7.813477e-16
4707.372649999928 7.5380633e-16
4709.710499999928 7.2940707e-16
4712.048349999928 7.496322e-16
4714.386199999928 7.761593e-16
4716.724049999928 8.133155e-16
4719.061899999928 8.519792e-16
4721.399749999928 8.229896e-16
4723.737599999928 7.8436664e-16
4726.0754499999275 7.9707346e-16
4728.413299999927 8.171065e-16
4730.751149999927 8.126775e-16
4733.088999999927 8.047421e-16
4735.426849999927 7.574716e-16
4737.764699999927 7.0455174e-16
4740.102549999927 6.8796725e-16
4742.440399999927 6.7662374e-16
4744.778249999927 6.6027346e-16
4747.1160999999265 6.431982e-16
4749.453949999926 6.5771245e-16
4751.791799999926 6.768114e-16
4754.129649999926 6.8619515e-16
4756.467499999926 6.941629e-16
4758.805349999926 7.051316e-16
4761.143199999926 7.165395e-16
4763.481049999926 6.902454e-16
4765.818899999926 6.584223e-16
4768.1567499999255 6.397124e-16
4770.494599999925 6.229337e-16
4772.832449999925 6.2506706e-16
4775.170299999925 6.2999627e-16
4777.508149999925 6.2233083e-16
4779.845999999925 6.1279927e-16
4782.183849999925 5.928739e-16
4784.521699999925 5.714025e-16
4786.859549999925 5.358473e-16
4789.1973999999245 4.981885e-16
4791.535249999924 4.850302e-16
4793.873099999924 4.7553944e-16
4796.210949999924 4.3776963e-16
4798.548799999924 3.9575055e-16
4800.886649999924 3.7557451e-16
4803.224499999924 3.5869429e-16
4805.562349999924 3.482265e-16
4807.900199999924 3.3872808e-16
4810.2380499999235 3.3025447e-16
4812.575899999923 3.219364e-16
4814.913749999923 3.2612087e-16
4817.251599999923 3.3221095e-16
4819.589449999923 3.2876694e-16
4821.927299999923 3.2386704e-16
4824.265149999923 3.1195773e-16
4826.602999999923 2.9897365e-16
4828.940849999923 2.9035959e-16
4831.2786999999225 2.8241704e-16
4833.616549999922 2.7760248e-16
4835.954399999922 2.7327035e-16
4838.292249999922 2.632008e-16
4840.630099999922 2.5224268e-16
4842.967949999922 2.4472592e-16
4845.305799999922 2.3774407e-16
4847.643649999922 2.4207114e-16
4849.981499999922 2.4815987e-16
4852.3193499999215 2.440682e-16
4854.657199999921 2.3838421e-16
4856.995049999921 2.2519348e-16
4859.332899999921 2.1082434e-16
4861.670749999921 2.1554504e-16
4864.008599999921 2.2326902e-16
4866.346449999921 2.179662e-16
4868.684299999921 2.1060651e-16
4871.022149999921 2.0243688e-16
4873.359999999921 1.9413884e-16
4875.69784999992 2.0640303e-16
4878.03569999992 2.2193399e-16
4880.37354999992 2.2222796e-16
4882.71139999992 2.2009247e-16
4885.04924999992 2.136717e-16
4887.38709999992 2.0656618e-16
4889.72494999992 2.0532736e-16
4892.06279999992 2.0502971e-16
4894.40064999992 2.0874238e-16
4896.738499999919 2.1310072e-16
4899.076349999919 2.1931519e-16
4901.414199999919 2.2582912e-16
4903.752049999919 2.2659092e-16
4906.089899999919 2.2642128e-16
4908.427749999919 2.2418469e-16
4910.765599999919 2.2161209e-16
4913.103449999919 2.3044262e-16
4915.441299999919 2.4113077e-16
4917.779149999918 2.4745483e-16
4920.116999999918 2.5306539e-16
4922.454849999918 2.4904778e-16
4924.792699999918 2.4344995e-16
4927.130549999918 2.4673008e-16
4929.468399999918 2.5147037e-16
4931.806249999918 2.514244e-16
4934.144099999918 2.5058848e-16
4936.481949999918 2.573916e-16
4938.819799999917 2.6546047e-16
4941.157649999917 2.6412925e-16
4943.495499999917 2.612378e-16
4945.833349999917 2.660134e-16
4948.171199999917 2.7206645e-16
4950.509049999917 2.7847876e-16
4952.846899999917 2.8495112e-16
4955.184749999917 2.8502275e-16
4957.522599999917 2.8402187e-16
4959.860449999916 2.9048444e-16
4962.198299999916 2.9820232e-16
4964.536149999916 3.0168256e-16
4966.873999999916 3.044476e-16
4969.211849999916 3.1260913e-16
4971.549699999916 3.2168342e-16
4973.887549999916 3.2652329e-16
4976.225399999916 3.306443e-16
4978.563249999916 3.3256213e-16
4980.9010999999155 3.3410468e-16
4983.238949999915 3.4692246e-16
4985.576799999915 3.6166504e-16
4987.914649999915 3.715841e-16
4990.252499999915 3.806766e-16
4992.590349999915 3.8464221e-16
4994.928199999915 3.877263e-16
4997.266049999915 3.872154e-16
4999.603899999915 3.8608513e-16
5001.9417499999145 3.853869e-16
5004.279599999914 3.8476337e-16
5006.617449999914 3.8448932e-16
5008.955299999914 3.842759e-16
5011.293149999914 3.9019767e-16
5013.630999999914 3.9718624e-16
5015.968849999914 3.9237719e-16
5018.306699999914 3.8550973e-16
5020.644549999914 3.815676e-16
5022.9823999999135 3.7813774e-16
5025.320249999913 3.7508564e-16
5027.658099999913 3.7209985e-16
5029.995949999913 3.560438e-16
5032.333799999913 3.3768647e-16
5034.671649999913 3.1383232e-16
5037.009499999913 2.8900838e-16
5039.347349999913 2.7391171e-16
5041.685199999913 2.6053696e-16
5044.0230499999125 2.702567e-16
5046.360899999912 2.840796e-16
5048.698749999912 2.8432193e-16
5051.036599999912 2.821466e-16
5053.374449999912 2.731514e-16
5055.712299999912 2.62938e-16
5058.050149999912 2.585297e-16
5060.387999999912 2.5516206e-16
5062.725849999912 2.6272199e-16
5065.0636999999115 2.7224743e-16
5067.401549999911 2.685538e-16
5069.739399999911 2.6247775e-16
5072.077249999911 2.5652025e-16
5074.415099999911 2.505842e-16
5076.752949999911 2.4089265e-16
5079.090799999911 2.305207e-16
5081.428649999911 2.2728157e-16
5083.766499999911 2.2533946e-16
5086.1043499999105 2.236426e-16
5088.44219999991 2.2199057e-16
5090.78004999991 2.2349356e-16
5093.11789999991 2.2557326e-16
5095.45574999991 2.296269e-16
5097.79359999991 2.340427e-16
5100.13144999991 2.3398494e-16
5102.46929999991 2.3310386e-16
5104.80714999991 2.3033777e-16
5107.1449999999095 2.2722405e-16
5109.482849999909 2.2892754e-16
5111.820699999909 2.3152256e-16
5114.158549999909 2.3203676e-16
5116.496399999909 2.3216464e-16
5118.834249999909 2.3083927e-16
5121.172099999909 2.2924354e-16
5123.509949999909 2.4098545e-16
5125.847799999909 2.5521746e-16
5128.1856499999085 2.5955943e-16
5130.523499999908 2.6204902e-16
5132.861349999908 2.5851583e-16
5135.199199999908 2.538524e-16
5137.537049999908 2.5478388e-16
5139.874899999908 2.5676867e-16
5142.212749999908 2.5861358e-16
5144.550599999908 2.604321e-16
5146.888449999908 2.7086375e-16
5149.2262999999075 2.8292576e-16
5151.564149999907 2.831934e-16
5153.901999999907 2.812213e-16
5156.239849999907 2.810023e-16
5158.577699999907 2.811174e-16
5160.915549999907 2.9695485e-16
5163.253399999907 3.1579318e-16
5165.591249999907 3.3811133e-16
5167.929099999907 3.6109597e-16
5170.2669499999065 3.731366e-16
5172.604799999906 3.8307377e-16
5174.942649999906 3.6399084e-16
5177.280499999906 3.3932135e-16
5179.618349999906 3.3761929e-16
5181.956199999906 3.4035398e-16
5184.294049999906 3.4697606e-16
5186.631899999906 3.5435052e-16
5188.969749999906 3.551399e-16
5191.3075999999055 3.546508e-16
5193.645449999905 3.4666883e-16
5195.983299999905 3.3722708e-16
5198.321149999905 3.548164e-16
5200.658999999905 3.7768855e-16
5202.996849999905 3.99685e-16
5205.334699999905 4.2150996e-16
5207.672549999905 4.2546544e-16
5210.010399999905 4.2591006e-16
5212.3482499999045 4.2030677e-16
5214.686099999904 4.135115e-16
5217.023949999904 4.0991453e-16
5219.361799999904 4.0694907e-16
5221.699649999904 4.0468595e-16
5224.037499999904 4.0256196e-16
5226.375349999904 4.0730696e-16
5228.713199999904 4.1341711e-16
5231.051049999904 4.0686873e-16
5233.3888999999035 3.9779987e-16
5235.726749999903 4.0902488e-16
5238.064599999903 4.2430316e-16
5240.402449999903 4.3271014e-16
5242.740299999903 4.397422e-16
5245.078149999903 4.2800305e-16
5247.415999999903 4.124951e-16
5249.753849999903 3.9838085e-16
5252.091699999903 3.8454732e-16
5254.4295499999025 3.8850124e-16
5256.767399999902 3.9604405e-16
5259.105249999902 3.8964982e-16
5261.443099999902 3.80435e-16
5263.780949999902 4.0030968e-16
5266.118799999902 4.260913e-16
5268.456649999902 4.274435e-16
5270.794499999902 4.2382596e-16
5273.132349999902 4.2694598e-16
5275.4701999999015 4.3144084e-16
5277.808049999901 4.2172735e-16
5280.145899999901 4.0910492e-16
5282.483749999901 3.9924652e-16
5284.821599999901 3.8995504e-16
5287.159449999901 3.9050818e-16
5289.497299999901 3.9308663e-16
5291.835149999901 3.9457577e-16
5294.172999999901 3.9584004e-16
5296.5108499999005 4.0427916e-16
5298.8486999999 4.142015e-16
5301.1865499999 4.3076543e-16
5303.5243999999 4.4870697e-16
5305.8622499999 4.4721736e-16
5308.2000999999 4.4168414e-16
5310.5379499999 4.471504e-16
5312.8757999999 4.54909e-16
5315.2136499999 4.5385296e-16
5317.5514999998995 4.509538e-16
5319.889349999899 4.3956979e-16
5322.227199999899 4.2640634e-16
5324.565049999899 4.396188e-16
5326.902899999899 4.5837283e-16
5329.240749999899 4.460932e-16
5331.578599999899 4.2727206e-16
5333.916449999899 4.229335e-16
5336.254299999899 4.2165679e-16
5338.5921499998985 4.2715726e-16
5340.929999999898 4.3409308e-16
5343.267849999898 4.2684703e-16
5345.605699999898 4.165876e-16
5347.943549999898 4.2109695e-16
5350.281399999898 4.2875373e-16
5352.619249999898 4.1607823e-16
5354.957099999898 3.9906197e-16
5357.294949999898 3.9774168e-16
5359.6327999998975 3.9978224e-16
5361.970649999897 4.116737e-16
5364.308499999897 4.2568128e-16
5366.646349999897 4.2329773e-16
5368.984199999897 4.1738692e-16
5371.322049999897 4.0331045e-16
5373.659899999897 3.8747162e-16
5375.997749999897 3.7788871e-16
5378.335599999897 3.6966032e-16
5380.673449999897 3.7748857e-16
5383.011299999896 3.8879953e-16
5385.349149999896 3.8946662e-16
5387.686999999896 3.878183e-16
5390.024849999896 3.9233671e-16
5392.362699999896 3.9819898e-16
5394.700549999896 3.832847e-16
5397.038399999896 3.6382974e-16
5399.376249999896 3.5044612e-16
5401.714099999896 3.3839369e-16
5404.051949999895 3.2844073e-16
5406.389799999895 3.189489e-16
5408.727649999895 3.2331404e-16
5411.065499999895 3.3073143e-16
5413.403349999895 3.3353495e-16
5415.741199999895 3.3531896e-16
5418.079049999895 3.2776782e-16
5420.416899999895 3.1814796e-16
5422.754749999895 3.1005972e-16
5425.092599999894 3.023115e-16
5427.430449999894 2.9754658e-16
5429.768299999894 2.9344601e-16
5432.106149999894 2.7930146e-16
5434.443999999894 2.62917e-16
5436.781849999894 2.6422028e-16
5439.119699999894 2.6948065e-16
5441.457549999894 2.6556468e-16
5443.795399999894 2.5958937e-16
5446.133249999893 2.6077572e-16
5448.471099999893 2.635716e-16
5450.808949999893 2.6576712e-16
5453.146799999893 2.678273e-16
5455.484649999893 2.588768e-16
5457.822499999893 2.474369e-16
5460.160349999893 2.4091232e-16
5462.498199999893 2.3550091e-16
5464.836049999893 2.313149e-16
5467.1738999998925 2.2740728e-16
5469.511749999892 2.1720543e-16
5471.849599999892 2.0556955e-16
5474.187449999892 2.00931e-16
5476.525299999892 1.9788936e-16
5478.863149999892 2.0209176e-16
5481.200999999892 2.0795207e-16
5483.538849999892 2.0517375e-16
5485.876699999892 2.0041223e-16
5488.2145499998915 1.9363243e-16
5490.552399999891 1.8638851e-16
5492.890249999891 1.8190612e-16
5495.228099999891 1.7806055e-16
5497.565949999891 1.8170702e-16
5499.903799999891 1.8708656e-16
5502.241649999891 1.8102628e-16
5504.579499999891 1.7231525e-16
5506.917349999891 1.6930735e-16
5509.2551999998905 1.6762463e-16
5511.59304999989 1.7234419e-16
5513.93089999989 1.7855597e-16
5516.26874999989 1.8165091e-16
5518.60659999989 1.8401837e-16
5520.94444999989 1.8607932e-16
5523.28229999989 1.8806851e-16
5525.62014999989 1.8615292e-16
5527.95799999989 1.8332036e-16
5530.2958499998895 1.8527537e-16
5532.633699999889 1.883562e-16
5534.971549999889 1.8716682e-16
5537.309399999889 1.8497017e-16
5539.647249999889 1.770088e-16
5541.985099999889 1.6768539e-16
5544.322949999889 1.6637045e-16
5546.660799999889 1.6695293e-16
5548.998649999889 1.6797489e-16
5551.3364999998885 1.6910131e-16
5553.674349999888 1.6917957e-16
5556.012199999888 1.6900807e-16
5558.350049999888 1.6911509e-16
5560.687899999888 1.692886e-16
5563.025749999888 1.6493346e-16
5565.363599999888 1.5949408e-16
5567.701449999888 1.5255456e-16
5570.039299999888 1.4525489e-16
5572.3771499998875 1.4676108e-16
5574.714999999887 1.5038482e-16
5577.052849999887 1.5405813e-16
5579.390699999887 1.5774338e-16
5581.728549999887 1.637056e-16
5584.066399999887 1.7021773e-16
5586.404249999887 1.6307954e-16
5588.742099999887 1.5263457e-16
5591.079949999887 1.448979e-16
5593.4177999998865 1.378191e-16
5595.755649999886 1.3738037e-16
5598.093499999886 1.3855719e-16
5600.431349999886 1.3254532e-16
5602.769199999886 1.2477915e-16
5605.107049999886 1.2286975e-16
5607.444899999886 1.223935e-16
5609.782749999886 1.2055903e-16
5612.120599999886 1.183917e-16
5614.4584499998855 1.1252658e-16
5616.796299999885 1.05752686e-16
5619.134149999885 1.0273462e-16
5621.471999999885 1.00642324e-16
5623.809849999885 1.00513204e-16
5626.147699999885 1.00868766e-16
5628.485549999885 1.032609e-16
5630.823399999885 1.06157183e-16
5633.161249999885 9.322253e-17
5635.4990999998845 7.635729e-17
5637.836949999884 7.053591e-17
5640.174799999884 6.7460966e-17
5642.512649999884 6.8429965e-17
5644.850499999884 7.0407324e-17
5647.188349999884 6.920161e-17
5649.526199999884 6.719986e-17
5651.864049999884 7.055548e-17
5654.201899999884 7.52527e-17
5656.5397499998835 7.765218e-17
5658.877599999883 7.947456e-17
5661.215449999883 7.47681e-17
5663.553299999883 6.8417075e-17
5665.891149999883 6.4601264e-17
5668.228999999883 6.142491e-17
5670.566849999883 6.055425e-17
5672.904699999883 6.0266864e-17
5675.242549999883 5.591211e-17
5677.5803999998825 5.05257e-17
5679.918249999882 4.7597226e-17
5682.256099999882 4.5293174e-17
5684.593949999882 4.8013874e-17
5686.931799999882 5.2014798e-17
5689.269649999882 4.5860425e-17
5691.607499999882 3.711181e-17
5693.945349999882 3.3085047e-17
5696.283199999882 3.0266433e-17
5698.6210499998815 3.8656208e-17
5700.958899999881 4.9922107e-17
5703.296749999881 5.2858433e-17
5705.634599999881 5.3651725e-17
5707.972449999881 5.0792883e-17
5710.310299999881 4.6992935e-17
5712.648149999881 4.1928386e-17
5714.985999999881 3.653711e-17
5717.323849999881 3.2649216e-17
5719.6616999998805 2.9150864e-17
5721.99954999988 3.4081396e-17
5724.33739999988 4.119936e-17
5726.67524999988 4.3480974e-17
5729.01309999988 4.4504193e-17
5731.35094999988 3.948329e-17
5733.68879999988 3.2885217e-17
5736.02664999988 3.806147e-17
5738.36449999988 4.6314948e-17
5740.7023499998795 4.92768e-17
5743.040199999879 5.0852076e-17
5745.378049999879 5.1103433e-17
5747.715899999879 5.1007335e-17
5750.053749999879 5.1591255e-17
5752.391599999879 5.2354104e-17
5754.729449999879 5.2199825e-17
5757.067299999879 5.180354e-17
5759.405149999879 4.523289e-17
5761.7429999998785 3.7030457e-17
5764.080849999878 4.4060427e-17
5766.418699999878 5.5126492e-17
5768.756549999878 5.3582824e-17
5771.094399999878 4.8688486e-17
5773.432249999878 5.324548e-17
5775.770099999878 6.032037e-17
5778.107949999878 6.374948e-17
5780.445799999878 6.620583e-17
5782.7836499998775 7.230144e-17
5785.121499999877 7.937083e-17
5787.459349999877 8.845962e-17
5789.797199999877 9.8089446e-17
5792.135049999877 1.04284255e-16
5794.472899999877 1.09556155e-16
5796.810749999877 1.06758544e-16
5799.148599999877 1.0178674e-16
5801.486449999877 1.0429404e-16
5803.8242999998765 1.0881904e-16
5806.162149999876 1.1308717e-16
5808.499999999876 1.1728582e-16
5810.837849999876 1.2608771e-16
5813.175699999876 1.3613813e-16
5815.513549999876 1.4698863e-16
5817.851399999876 1.5805645e-16
5820.189249999876 1.6191654e-16
5822.527099999876 1.6381322e-16
5824.8649499998755 1.6418982e-16
5827.202799999875 1.6415128e-16
5829.540649999875 1.6673705e-16
5831.878499999875 1.7004058e-16
5834.216349999875 1.7364944e-16
5836.554199999875 1.7734203e-16
5838.892049999875 1.8106155e-16
5841.229899999875 1.8478847e-16
5843.567749999875 1.9697512e-16
5845.9055999998745 2.1149145e-16
5848.243449999874 2.1904293e-16
5850.581299999874 2.2467152e-16
5852.919149999874 2.2317105e-16
5855.256999999874 2.1969692e-16
5857.594849999874 2.2567253e-16
5859.932699999874 2.3426824e-16
5862.270549999874 2.4278998e-16
5864.608399999874 2.5129114e-16
5866.9462499998735 2.5259502e-16
5869.284099999873 2.5189278e-16
5871.621949999873 2.5275188e-16
5873.959799999873 2.5404673e-16
5876.297649999873 2.6022859e-16
5878.635499999873 2.677781e-16
5880.973349999873 2.7184008e-16
5883.311199999873 2.7492334e-16
5885.649049999873 2.7733288e-16
5887.986899999873 2.7955314e-16
5890.324749999872 2.802291e-16
5892.662599999872 2.8046997e-16
5895.000449999872 2.7726446e-16
5897.338299999872 2.7308647e-16
5899.676149999872 2.8290302e-16
5902.013999999872 2.9667832e-16
5904.351849999872 2.980692e-16
5906.689699999872 2.9594722e-16
5909.027549999872 2.911158e-16
5911.365399999871 2.8551395e-16
5913.703249999871 2.8460434e-16
5916.041099999871 2.85031e-16
5918.378949999871 2.8416105e-16
5920.716799999871 2.8292086e-16
5923.054649999871 2.8450153e-16
5925.392499999871 2.8688972e-16
5927.730349999871 2.899422e-16
5930.068199999871 2.9318516e-16
5932.40604999987 2.8993223e-16
5934.74389999987 2.8481242e-16
5937.08174999987 2.8293547e-16
5939.41959999987 2.8199193e-16
5941.75744999987 2.8034525e-16
5944.09529999987 2.7849562e-16
5946.43314999987 2.7752283e-16
5948.77099999987 2.7680375e-16
5951.10884999987 2.753694e-16
5953.446699999869 2.7372786e-16
5955.784549999869 2.701802e-16
5958.122399999869 2.6607875e-16
5960.460249999869 2.6079464e-16
5962.798099999869 2.5516608e-16
5965.135949999869 2.536991e-16
5967.473799999869 2.534459e-16
5969.811649999869 2.5133537e-16
5972.149499999869 2.4868178e-16
5974.4873499998685 2.4638095e-16
5976.825199999868 2.4418353e-16
5979.163049999868 2.423314e-16
5981.500899999868 2.4058065e-16
5983.838749999868 2.362593e-16
5986.176599999868 2.3118136e-16
5988.514449999868 2.2417373e-16
5990.852299999868 2.1659662e-16
5993.190149999868 2.1644622e-16
5995.5279999998675 2.1849063e-16
5997.865849999867 2.118858e-16
6000.203699999867 2.0271862e-16
6002.541549999867 1.9678326e-16
6004.879399999867 1.9180787e-16
6007.217249999867 1.9191244e-16
6009.555099999867 1.9352777e-16
6011.892949999867 1.9027646e-16
6014.230799999867 1.8557396e-16
6016.5686499998665 1.8024079e-16
6018.906499999866 1.7471906e-16
6021.244349999866 1.708985e-16
6023.582199999866 1.675872e-16
6025.920049999866 1.6306368e-16
6028.257899999866 1.5817631e-16
6030.595749999866 1.5383893e-16
6032.933599999866 1.4966704e-16
6035.271449999866 1.4854341e-16
6037.6092999998655 1.4833822e-16
6039.947149999865 1.4713784e-16
6042.284999999865 1.4563681e-16
6044.622849999865 1.4487056e-16
6046.960699999865 1.4432682e-16
6049.298549999865 1.4000319e-16
6051.636399999865 1.3453329e-16
6053.974249999865 1.3177428e-16
6056.312099999865 1.2983955e-16
6058.6499499998645 1.2358694e-16
6060.987799999864 1.1601831e-16
6063.325649999864 1.1570223e-16
6065.663499999864 1.1759978e-16
6068.001349999864 1.201953e-16
6070.339199999864 1.2300435e-16
6072.677049999864 1.1963091e-16
6075.014899999864 1.1436095e-16
6077.352749999864 1.1086952e-16
6079.6905999998635 1.07924445e-16
6082.028449999863 1.06457874e-16
6084.366299999863 1.0544657e-16
6086.704149999863 1.1109917e-16
6089.041999999863 1.1880668e-16
6091.379849999863 1.169132e-16
6093.717699999863 1.120514e-16
6096.055549999863 1.1160973e-16
6098.393399999863 1.1253788e-16
6100.7312499998625 1.1066085e-16
6103.069099999862 1.07913255e-16
6105.406949999862 1.0978601e-16
6107.744799999862 1.1309606e-16
6110.082649999862 1.1269505e-16
6112.420499999862 1.111366e-16
6114.758349999862 1.1266597e-16
6117.096199999862 1.1515978e-16
6119.434049999862 1.1923655e-16
6121.7718999998615 1.238089e-16
6124.109749999861 1.2245186e-16
6126.447599999861 1.1923372e-16
6128.785449999861 1.2184887e-16
6131.123299999861 1.2629926e-16
6133.461149999861 1.2732548e-16
6135.798999999861 1.2727288e-16
6138.136849999861 1.2603743e-16
6140.474699999861 1.2442835e-16
6142.8125499998605 1.2468752e-16
6145.15039999986 1.2553755e-16
6147.48824999986 1.2340538e-16
6149.82609999986 1.2032769e-16
6152.16394999986 1.2663604e-16
6154.50179999986 1.3592733e-16
6156.83964999986 1.4206766e-16
6159.17749999986 1.4720521e-16
6161.51534999986 1.4448135e-16
6163.8531999998595 1.3924917e-16
6166.191049999859 1.33979e-16
6168.528899999859 1.2869668e-16
6170.866749999859 1.2681687e-16
6173.204599999859 1.2602675e-16
6175.542449999859 1.2880719e-16
6177.880299999859 1.3273406e-16
6180.218149999859 1.3629319e-16
6182.555999999859 1.3973397e-16
6184.8938499998585 1.3893261e-16
6187.231699999858 1.367641e-16
6189.569549999858 1.3437414e-16
6191.907399999858 1.3191265e-16
6194.245249999858 1.3516673e-16
6196.583099999858 1.4027179e-16
6198.920949999858 1.4341513e-16
6201.258799999858 1.4592228e-16
6203.596649999858 1.4660351e-16
6205.9344999998575 1.4669122e-16
6208.272349999857 1.4704467e-16
6210.610199999857 1.4748472e-16
6212.948049999857 1.4322697e-16
6215.285899999857 1.3743622e-16
6217.623749999857 1.3721854e-16
6219.961599999857 1.3882371e-16
6222.299449999857 1.3977173e-16
6224.637299999857 1.4050425e-16
6226.9751499998565 1.3515057e-16
6229.312999999856 1.2779888e-16
6231.650849999856 1.2626268e-16
6233.988699999856 1.2664047e-16
6236.326549999856 1.2830924e-16
6238.664399999856 1.3040396e-16
6241.002249999856 1.3132321e-16
6243.340099999856 1.3185415e-16
6245.677949999856 1.3268095e-16
6248.0157999998555 1.3360574e-16
6250.353649999855 1.3580913e-16
6252.691499999855 1.3843655e-16
6255.029349999855 1.3786179e-16
6257.367199999855 1.362227e-16
6259.705049999855 1.3115898e-16
6262.042899999855 1.2495413e-16
6264.380749999855 1.2386897e-16
6266.718599999855 1.2449363e-16
6269.0564499998545 1.2136942e-16
6271.394299999854 1.1699146e-16
6273.732149999854 1.1576828e-16
6276.069999999854 1.156028e-16
6278.407849999854 1.1154429e-16
6280.745699999854 1.0617759e-16
6283.083549999854 1.1053241e-16
6285.421399999854 1.181584e-16
6287.759249999854 1.1542211e-16
6290.0970999998535 1.09191136e-16
6292.434949999853 1.0517036e-16
6294.772799999853 1.0189598e-16
6297.110649999853 9.862156e-17
6299.448499999853 9.5347124e-17
6301.786349999853 9.207274e-17
6304.124199999853 8.879837e-17
6306.462049999853 8.5524003e-17
6308.799899999853 8.224963e-17
6311.1377499998525 8.067964e-17
6313.475599999852 7.969019e-17
6315.813449999852 8.790292e-17
6318.151299999852 9.925722e-17
6320.489149999852 1.0243282e-16
6322.826999999852 1.0281247e-16
6325.164849999852 9.895323e-17
6327.502699999852 9.364163e-17
6329.840549999852 9.454094e-17
6332.1783999998515 9.757355e-17
6334.516249999851 9.4245644e-17
6336.854099999851 8.87301e-17
6339.191949999851 8.071234e-17
6341.529799999851 7.1832034e-17
6343.867649999851 7.145673e-17
6346.205499999851 7.4020456e-17
6348.543349999851 7.565026e-17
6350.881199999851 7.69569e-17
6353.2190499998505 7.534622e-17
6355.55689999985 7.2723794e-17
6357.89474999985 7.1455084e-17
6360.23259999985 7.065701e-17
6362.57044999985 6.743549e-17
6364.90829999985 6.33705e-17
6367.24614999985 5.874229e-17
6369.58399999985 5.3917575e-17
6371.92184999985 5.7018724e-17
6374.2596999998495 6.289201e-17
6376.597549999849 6.482734e-17
6378.935399999849 6.53838e-17
6381.273249999849 6.421722e-17
6383.611099999849 6.2445836e-17
6385.948949999849 6.563063e-17
6388.286799999849 7.055895e-17
6390.624649999849 7.2748364e-17
6392.962499999849 7.397298e-17
6395.300349999849 6.7819056e-17
6397.638199999848 5.905964e-17
6399.976049999848 5.9828286e-17
6402.313899999848 6.396894e-17
6404.651749999848 6.571341e-17
6406.989599999848 6.660874e-17
6409.327449999848 6.9169465e-17
6411.665299999848 7.2321804e-17
6414.003149999848 7.569088e-17
6416.340999999848 7.9137124e-17
6418.678849999847 8.5373146e-17
6421.016699999847 9.260371e-17
6423.354549999847 8.891835e-17
6425.692399999847 8.133293e-17
6428.030249999847 8.475094e-17
6430.368099999847 9.210982e-17
6432.705949999847 9.2566355e-17
6435.043799999847 9.054755e-17
6437.381649999847 9.434103e-17
6439.719499999846 1.0022351e-16
6442.057349999846 1.0106611e-16
6444.395199999846 1.00094916e-16
6446.733049999846 1.03485383e-16
6449.070899999846 1.08449e-16
6451.408749999846 1.08486484e-16
6453.746599999846 1.0674292e-16
6456.084449999846 1.04431016e-16
6458.422299999846 1.01913356e-16
6460.760149999845 1.09277395e-16
6463.097999999845 1.202267e-16
6465.435849999845 1.2203253e-16
6467.773699999845 1.205129e-16
6470.111549999845 1.2461125e-16
6472.449399999845 1.3075551e-16
6474.787249999845 1.3022486e-16
6477.125099999845 1.2725808e-16
6479.462949999845 1.273336e-16
6481.8007999998445 1.2852211e-16
6484.138649999844 1.326736e-16
6486.476499999844 1.3791146e-16
6488.814349999844 1.3557953e-16
6491.152199999844 1.3046856e-16
6493.490049999844 1.3206856e-16
6495.827899999844 1.3613823e-16
6498.165749999844 1.4417646e-16
6500.503599999844 1.5367671e-16
6502.8414499998435 1.5288155e-16
6505.179299999843 1.4828442e-16
6507.517149999843 1.4499375e-16
6509.854999999843 1.4218658e-16
6512.192849999843 1.4207801e-16
6514.530699999843 1.4296947e-16
6516.868549999843 1.4244803e-16
6519.206399999843 1.4140176e-16
6521.544249999843 1.4335191e-16
6523.8820999998425 1.464175e-16
6526.219949999842 1.4586486e-16
6528.557799999842 1.4396352e-16
6530.895649999842 1.4633071e-16
6533.233499999842 1.5029275e-16
6535.571349999842 1.531308e-16
6537.909199999842 1.5554798e-16
6540.247049999842 1.4822002e-16
6542.584899999842 1.3723836e-16
6544.9227499998415 1.3567827e-16
6547.260599999841 1.3765815e-16
6549.598449999841 1.3523008e-16
6551.936299999841 1.3114186e-16
6554.274149999841 1.246458e-16
6556.611999999841 1.172417e-16
6558.949849999841 1.1811889e-16
6561.287699999841 1.2212574e-16
6563.625549999841 1.2651512e-16
6565.9633999998405 1.3104938e-16
6568.30124999984 1.3297122e-16
6570.63909999984 1.3390214e-16
6572.97694999984 1.357315e-16
6575.31479999984 1.3790235e-16
6577.65264999984 1.2539956e-16
6579.99049999984 1.0730592e-16
6582.32834999984 1.0874106e-16
6584.66619999984 1.1762491e-16
6587.0040499998395 1.1981664e-16
6589.341899999839 1.1944982e-16
6591.679749999839 1.19947e-16
6594.017599999839 1.2077492e-16
6596.355449999839 1.1791797e-16
6598.693299999839 1.1364739e-16
6601.031149999839 1.05811534e-16
6603.368999999839 9.6604716e-17
6605.706849999839 9.5506406e-17
6608.0446999998385 9.7532714e-17
6610.382549999838 9.911888e-17
6612.720399999838 1.0053522e-16
6615.058249999838 1.02071705e-16
6617.396099999838 1.0365466e-16
6619.733949999838 1.0095322e-16
6622.071799999838 9.659126e-17
6624.409649999838 9.62849e-17
6626.747499999838 9.755237e-17
6629.0853499998375 9.496711e-17
6631.423199999837 9.088325e-17
6633.761049999837 8.904395e-17
6636.098899999837 8.807958e-17
6638.436749999837 8.7731795e-17
6640.774599999837 8.7624665e-17
6643.112449999837 8.7113084e-17
6645.450299999837 8.644332e-17
6647.788149999837 8.9165894e-17
6650.1259999998365 9.321698e-17
6652.463849999836 9.3925406e-17
6654.801699999836 9.3321736e-17
6657.139549999836 8.760432e-17
6659.477399999836 7.9875366e-17
6661.815249999836 7.691467e-17
6664.153099999836 7.583198e-17
6666.490949999836 7.5529035e-17
6668.828799999836 7.553392e-17
6671.1666499998355 7.546265e-17
6673.504499999835 7.536126e-17
6675.842349999835 7.710798e-17
6678.180199999835 7.958674e-17
6680.518049999835 7.875163e-17
6682.855899999835 7.660112e-17
6685.193749999835 7.342e-17
6687.531599999835 6.982885e-17
6689.869449999835 6.696988e-17
6692.2072999998345 6.440259e-17
6694.545149999834 6.376458e-17
6696.882999999834 6.389673e-17
6699.220849999834 6.447041e-17
6701.558699999834 6.522075e-17
6703.896549999834 6.3993e-17
6706.234399999834 6.1972795e-17
6708.572249999834 6.073124e-17
6710.910099999834 5.980229e-17
6713.2479499998335 5.594445e-17
6715.585799999833 5.090805e-17
6717.923649999833 4.811105e-17
6720.261499999833 4.6216106e-17
6722.599349999833 5.0329093e-17
6724.937199999833 5.6867694e-17
6727.275049999833 5.926528e-17
6729.612899999833 5.9987164e-17
6731.950749999833 5.768473e-17
6734.2885999998325 5.4157186e-17
6736.626449999832 4.968105e-17
6738.964299999832 4.4819776e-17
6741.302149999832 4.3980833e-17
6743.639999999832 4.4778413e-17
6745.977849999832 4.766818e-17
6748.315699999832 5.1410235e-17
6750.653549999832 5.23418e-17
6752.991399999832 5.212584e-17
6755.3292499998315 4.5062957e-17
6757.667099999831 3.519866e-17
6760.004949999831 3.320884e-17
6762.342799999831 3.444488e-17
6764.680649999831 3.7688933e-17
6767.018499999831 4.1757298e-17
6769.356349999831 4.0372105e-17
6771.694199999831 3.674306e-17
6774.032049999831 3.8815725e-17
6776.3698999998305 4.323726e-17
6778.70774999983 4.4401136e-17
6781.04559999983 4.4220215e-17
6783.38344999983 4.3743528e-17
6785.72129999983 4.3144467e-17
6788.05914999983 4.7065422e-17
6790.39699999983 5.285886e-17
6792.73484999983 5.381769e-17
6795.07269999983 5.2769577e-17
6797.4105499998295 5.0581274e-17
6799.748399999829 4.791907e-17
6802.086249999829 4.8344263e-17
6804.424099999829 5.0055333e-17
6806.761949999829 4.7318318e-17
6809.099799999829 4.2724507e-17
6811.437649999829 4.378639e-17
6813.775499999829 4.721208e-17
6816.113349999829 4.821645e-17
6818.4511999998285 4.8206736e-17
6820.789049999828 4.632359e-17
6823.126899999828 4.365405e-17
6825.464749999828 4.258912e-17
6827.802599999828 4.219858e-17
6830.140449999828 3.9810314e-17
6832.478299999828 3.658072e-17
6834.816149999828 3.8782555e-17
6837.153999999828 4.3276955e-17
6839.4918499998275 4.791517e-17
6841.829699999827 5.261422e-17
6844.167549999827 5.1438537e-17
6846.505399999827 4.7775034e-17
6848.843249999827 4.8632287e-17
6851.181099999827 5.14083e-17
6853.518949999827 5.1091433e-17
6855.856799999827 4.9460507e-17
6858.194649999827 4.400695e-17
6860.5324999998265 3.6925634e-17
6862.870349999826 2.961306e-17
6865.208199999826 2.220181e-17
6867.546049999826 2.436744e-17
6869.883899999826 3.062446e-17
6872.221749999826 3.9246276e-17
6874.559599999826 4.888064e-17
6876.897449999826 5.3177393e-17
6879.235299999826 5.5184058e-17
6881.573149999826 5.341966e-17
6883.910999999825 5.0035318e-17
6886.248849999825 4.8481377e-17
6888.586699999825 4.771548e-17
6890.924549999825 4.9151902e-17
6893.262399999825 5.1538424e-17
6895.600249999825 5.3473352e-17
6897.938099999825 5.5213217e-17
6900.275949999825 5.884853e-17
6902.613799999825 6.3304205e-17
6904.951649999824 6.391407e-17
6907.289499999824 6.2855695e-17
6909.627349999824 5.954465e-17
6911.965199999824 5.5255248e-17
6914.303049999824 5.2964977e-17
6916.640899999824 5.1544704e-17
6918.978749999824 5.5218548e-17
6921.316599999824 6.1114234e-17
6923.654449999824 6.5029055e-17
6925.992299999823 6.807886e-17
6928.330149999823 6.682036e-17
6930.667999999823 6.367667e-17
6933.005849999823 6.8579844e-17
6935.343699999823 7.7011925e-17
6937.681549999823 8.2467564e-17
6940.019399999823 8.6616583e-17
6942.357249999823 8.645481e-17
6944.695099999823 8.439647e-17
6947.032949999822 8.246726e-17
6949.370799999822 8.0594933e-17
6951.708649999822 7.832906e-17
6954.046499999822 7.588948e-17
6956.384349999822 7.725228e-17
6958.722199999822 8.029708e-17
6961.060049999822 7.98864e-17
6963.397899999822 7.794405e-17
6965.735749999822 8.336185e-17
6968.073599999821 9.204598e-17
6970.411449999821 9.4959534e-17
6972.749299999821 9.530653e-17
6975.087149999821 9.3960935e-17
6977.424999999821 9.186101e-17
6979.762849999821 9.1395e-17
6982.100699999821 9.165804e-17
6984.438549999821 8.676188e-17
6986.776399999821 7.955863e-17
6989.1142499998205 8.0847296e-17
6991.45209999982 8.594101e-17
6993.78994999982 8.9458505e-17
6996.12779999982 9.226888e-17
6998.46564999982 9.4742614e-17
7000.80349999982 9.706503e-17
7003.14134999982 9.19418e-17
7005.47919999982 8.3467626e-17
7007.81704999982 8.0367035e-17
7010.1548999998195 7.969017e-17
7012.492749999819 8.12426e-17
7014.830599999819 8.380255e-17
7017.168449999819 8.494365e-17
7019.506299999819 8.5442735e-17
7021.844149999819 8.2557416e-17
7024.181999999819 7.8137334e-17
7026.519849999819 8.1630094e-17
7028.857699999819 8.8718324e-17
7031.1955499998185 9.147258e-17
7033.533399999818 9.225518e-17
7035.871249999818 9.121742e-17
7038.209099999818 8.9349886e-17
7040.546949999818 9.1397906e-17
7042.884799999818 9.523467e-17
7045.222649999818 9.400178e-17
7047.560499999818 9.0450155e-17
7049.898349999818 9.0544004e-17
7052.2361999998175 9.2308526e-17
7054.574049999817 9.087092e-17
7056.911899999817 8.796262e-17
7059.249749999817 8.989009e-17
7061.587599999817 9.404077e-17
7063.925449999817 9.845429e-17
7066.263299999817 1.0298892e-16
7068.601149999817 1.0273308e-16
7070.938999999817 1.0026523e-16
7073.2768499998165 9.830921e-17
7075.614699999816 9.658976e-17
7077.952549999816 9.982971e-17
7080.290399999816 1.0536692e-16
7082.628249999816 1.07498566e-16
7084.966099999816 1.0804959e-16
7087.303949999816 1.0818367e-16
7089.641799999816 1.08124014e-16
7091.979649999816 1.1104844e-16
7094.3174999998155 1.1536251e-16
7096.655349999815 1.1799354e-16
7098.993199999815 1.1983924e-16
7101.331049999815 1.2107803e-16
7103.668899999815 1.2203331e-16
7106.006749999815 1.2508452e-16
7108.344599999815 1.29117e-16
7110.682449999815 1.3608912e-16
7113.020299999815 1.444402e-16
7115.3581499998145 1.468117e-16
7117.695999999814 1.4637485e-16
7120.033849999814 1.4405967e-16
7122.371699999814 1.4086057e-16
7124.709549999814 1.3962719e-16
7127.047399999814 1.393208e-16
7129.385249999814 1.3826704e-16
7131.723099999814 1.3686041e-16
7134.060949999814 1.3500084e-16
7136.3987999998135 1.3292701e-16
7138.736649999813 1.3524191e-16
7141.074499999813 1.3963752e-16
7143.412349999813 1.4414603e-16
7145.750199999813 1.4870814e-16
7148.088049999813 1.4725296e-16
7150.425899999813 1.4293604e-16
7152.763749999813 1.4523277e-16
7155.101599999813 1.5067859e-16
7157.4394499998125 1.5597791e-16
7159.777299999812 1.6120734e-16
7162.115149999812 1.5923836e-16
7164.452999999812 1.5382775e-16
7166.790849999812 1.4932823e-16
7169.128699999812 1.4526484e-16
7171.466549999812 1.444445e-16
7173.804399999812 1.4517954e-16
7176.142249999812 1.4510401e-16
7178.4800999998115 1.4463888e-16
7180.817949999811 1.4771589e-16
7183.155799999811 1.5249736e-16
7185.493649999811 1.5433733e-16
7187.831499999811 1.547591e-16
7190.169349999811 1.4783884e-16
7192.507199999811 1.373711e-16
7194.845049999811 1.4033918e-16
7197.182899999811 1.4981174e-16
7199.5207499998105 1.543775e-16
7201.85859999981 1.5656505e-16
7204.19644999981 1.5462361e-16
7206.53429999981 1.5067667e-16
7208.87214999981 1.4341342e-16
7211.20999999981 1.3453782e-16
7213.54784999981 1.3753707e-16
7215.88569999981 1.4632207e-16
7218.22354999981 1.5062861e-16
7220.5613999998095 1.5274885e-16
7222.899249999809 1.4997356e-16
7225.237099999809 1.448056e-16
7227.574949999809 1.3968268e-16
7229.912799999809 1.3458182e-16
7232.250649999809 1.3494587e-16
7234.588499999809 1.3799178e-16
7236.926349999809 1.4345447e-16
7239.264199999809 1.5010455e-16
7241.6020499998085 1.3527626e-16
7243.939899999808 1.0987297e-16
7246.277749999808 1.0454782e-16
7248.615599999808 1.091274e-16
7250.953449999808 1.175345e-16
7253.291299999808 1.2783195e-16
7255.629149999808 1.3335864e-16
7257.966999999808 1.365246e-16
7260.304849999808 1.362801e-16
7262.6426999998075 1.3434439e-16
7264.980549999807 1.321055e-16
7267.318399999807 1.2971607e-16
7269.656249999807 1.2613244e-16
7271.994099999807 1.219548e-16
7274.331949999807 1.1863509e-16
7276.669799999807 1.1574307e-16
7279.007649999807 1.1397649e-16
7281.345499999807 1.1277156e-16
7283.6833499998065 1.0887603e-16
7286.021199999806 1.03635156e-16
7288.359049999806 1.05234394e-16
7290.696899999806 1.1026104e-16
7293.034749999806 1.1385482e-16
7295.372599999806 1.1672994e-16
7297.710449999806 1.2235216e-16
7300.048299999806 1.2935515e-16
7302.386149999806 1.2661969e-16
7304.7239999998055 1.1898384e-16
7307.061849999805 1.2207161e-16
7309.399699999805 1.3056584e-16
7311.737549999805 1.3310609e-16
7314.075399999805 1.326382e-16
7316.413249999805 1.3181045e-16
7318.751099999805 1.3080055e-16
7321.088949999805 1.294088e-16
7323.426799999805 1.278235e-16
7325.7646499998045 1.2448657e-16
7328.102499999804 1.2026003e-16
7330.440349999804 1.197947e-16
7332.778199999804 1.2124317e-16
7335.116049999804 1.2237106e-16
7337.453899999804 1.2333566e-16
7339.791749999804 1.182988e-16
7342.129599999804 1.101983e-16
7344.467449999804 1.0717267e-16
7346.8052999998035 1.0674263e-16
7349.143149999803 1.06175825e-16
7351.480999999803 1.0553898e-16
7353.818849999803 1.1148237e-16
7356.156699999803 1.2080159e-16
7358.494549999803 1.196159e-16
7360.832399999803 1.1303476e-16
7363.170249999803 1.1524009e-16
7365.508099999803 1.2196773e-16
7367.8459499998025 1.2571404e-16
7370.183799999802 1.2792294e-16
7372.521649999802 1.3028218e-16
7374.859499999802 1.3271902e-16
7377.197349999802 1.3160091e-16
7379.535199999802 1.2864402e-16
7381.873049999802 1.2079669e-16
7384.210899999802 1.10414517e-16
7386.548749999802 1.08330074e-16
7388.886599999802 1.1055152e-16
7391.224449999801 1.1517632e-16
7393.562299999801 1.2105064e-16
7395.900149999801 1.1830807e-16
7398.237999999801 1.1107612e-16
7400.575849999801 1.062677e-16
7402.913699999801 1.0272338e-16
7405.251549999801 1.03486e-16
7407.589399999801 1.0649935e-16
7409.927249999801 1.1113217e-16
7412.2650999998 1.1661304e-16
7414.6029499998 1.1740397e-16
7416.9407999998 1.1573656e-16
7419.2786499998 1.1066228e-16
7421.6164999998 1.03798494e-16
7423.9543499998 1.0342569e-16
7426.2921999998 1.0646947e-16
7428.6300499998 1.0581532e-16
7430.9678999998 1.03212884e-16
7433.305749999799 9.8833306e-17
7435.643599999799 9.351548e-17
7437.981449999799 9.31099e-17
7440.319299999799 9.530267e-17
7442.657149999799 1.0006308e-16
7444.994999999799 1.061832e-16
7447.332849999799 1.0737917e-16
7449.670699999799 1.059621e-16
7452.008549999799 1.0315697e-16
7454.346399999798 9.961386e-17
7456.684249999798 1.0311053e-16
7459.022099999798 1.1035422e-16
7461.359949999798 1.08843734e-16
7463.697799999798 1.0266405e-16
7466.035649999798 9.456193e-17
7468.373499999798 8.543252e-17
7470.711349999798 8.2454806e-17
7473.049199999798 8.276813e-17
7475.3870499997975 8.667229e-17
7477.724899999797 9.250109e-17
7480.062749999797 1.0383597e-16
7482.400599999797 1.1812814e-16
7484.738449999797 1.2243292e-16
7487.076299999797 1.2136743e-16
7489.414149999797 1.1225888e-16
7491.751999999797 9.8817385e-17
7494.089849999797 8.863488e-17
7496.4276999997965 8.021167e-17
7498.765549999796 7.962887e-17
7501.103399999796 8.328334e-17
7503.441249999796 8.641584e-17
7505.779099999796 8.926571e-17
7508.116949999796 8.894528e-17
7510.454799999796 8.6906335e-17
7512.792649999796 8.4925674e-17
7515.130499999796 8.2976664e-17
7517.4683499997955 7.996901e-17
7519.806199999795 7.6385226e-17
7522.144049999795 7.627729e-17
7524.481899999795 7.806305e-17
7526.819749999795 7.81747e-17
7529.157599999795 7.737254e-17
7531.495449999795 7.720614e-17
7533.833299999795 7.738746e-17
7536.171149999795 7.761821e-17
7538.5089999997945 7.787603e-17
7540.846849999794 7.237137e-17
7543.184699999794 6.370539e-17
7545.522549999794 6.29155e-17
7547.860399999794 6.645537e-17
7550.198249999794 6.4068e-17
7552.536099999794 5.841613e-17
7554.873949999794 5.6566e-17
7557.211799999794 5.681206e-17
7559.5496499997935 6.119353e-17
7561.887499999793 6.785985e-17
7564.225349999793 6.623762e-17
7566.563199999793 6.003159e-17
7568.901049999793 5.821025e-17
7571.238899999793 5.881874e-17
7573.576749999793 5.685092e-17
7575.914599999793 5.345273e-17
7578.252449999793 5.3898222e-17
7580.5902999997925 5.6480104e-17
7582.928149999792 5.982372e-17
7585.265999999792 6.3591594e-17
7587.603849999792 6.1449157e-17
7589.941699999792 5.600878e-17
7592.279549999792 5.160578e-17
7594.617399999792 4.7782263e-17
7596.955249999792 4.62546e-17
7599.293099999792 4.6012067e-17
7601.6309499997915 6.2527535e-17
7603.968799999791 8.844096e-17
7606.306649999791 8.1369347e-17
7608.644499999791 5.577897e-17
7610.982349999791 4.6104744e-17
7613.320199999791 4.5382914e-17
7615.658049999791 4.7361546e-17
7617.995899999791 5.086222e-17
7620.333749999791 5.13371e-17
7622.6715999997905 5.0104672e-17
7625.00944999979 5.4547205e-17
7627.34729999979 6.2197775e-17
7629.68514999979 6.689997e-17
7632.02299999979 6.9932066e-17
7634.36084999979 6.112915e-17
7636.69869999979 4.5614825e-17
7639.03654999979 4.235863e-17
7641.37439999979 4.606667e-17
7643.7122499997895 5.339893e-17
7646.050099999789 6.279441e-17
7648.387949999789 6.770456e-17
7650.725799999789 7.005889e-17
7653.063649999789 7.554137e-17
7655.401499999789 8.2809944e-17
7657.739349999789 7.5710584e-17
7660.077199999789 6.039835e-17
7662.415049999789 4.9983226e-17
7664.7528999997885 4.237251e-17
7667.090749999788 4.996757e-17
7669.428599999788 6.628821e-17
7671.766449999788 6.865369e-17
7674.104299999788 6.2996454e-17
7676.442149999788 5.5302325e-17
7678.779999999788 4.643591e-17
7681.117849999788 4.576435e-17
7683.455699999788 4.981875e-17
7685.7935499997875 5.035994e-17
7688.131399999787 4.887133e-17
7690.469249999787 5.5148545e-17
7692.807099999787 6.591753e-17
7695.144949999787 6.153968e-17
7697.482799999787 4.8383108e-17
7699.820649999787 4.81504e-17
7702.158499999787 5.542184e-17
7704.496349999787 6.581966e-17
7706.8341999997865 7.8034796e-17
7709.172049999786 7.555668e-17
7711.509899999786 6.452188e-17
7713.847749999786 5.619823e-17
7716.185599999786 4.9455163e-17
7718.523449999786 4.3536732e-17
7720.861299999786 3.8100035e-17
7723.199149999786 4.0156413e-17
7725.536999999786 4.6598125e-17
7727.8748499997855 5.3896753e-17
7730.212699999785 6.169744e-17
7732.550549999785 6.116037e-17
7734.888399999785 5.572925e-17
7737.226249999785 4.9606097e-17
7739.564099999785 4.307592e-17
7741.901949999785 4.70474e-17
7744.239799999785 5.720233e-17
7746.577649999785 6.144712e-17
7748.9154999997845 6.22056e-17
7751.253349999784 5.5197848e-17
7753.591199999784 4.359966e-17
7755.929049999784 4.2458966e-17
7758.266899999784 4.7506253e-17
7760.604749999784 4.7961202e-17
7762.942599999784 4.5693755e-17
7765.280449999784 4.4608884e-17
7767.618299999784 4.4226472e-17
7769.9561499997835 4.6419603e-17
7772.293999999783 5.0144026e-17
7774.631849999783 5.2683864e-17
7776.969699999783 5.451799e-17
7779.307549999783 5.624608e-17
7781.645399999783 5.791087e-17
7783.983249999783 5.725218e-17
7786.321099999783 5.5205227e-17
7788.658949999783 4.7475813e-17
7790.9967999997825 3.6344347e-17
7793.334649999782 2.9896478e-17
7795.672499999782 2.6257773e-17
7798.010349999782 3.461497e-17
7800.348199999782 5.0175045e-17
7802.686049999782 5.200221e-17
7805.023899999782 4.556696e-17
7807.361749999782 4.5050946e-17
7809.699599999782 4.8102743e-17
7812.0374499997815 4.59394e-17
7814.375299999781 4.0629206e-17
7816.713149999781 3.879639e-17
7819.050999999781 3.906606e-17
7821.388849999781 3.7282873e-17
7823.726699999781 3.4256226e-17
7826.064549999781 3.6312766e-17
7828.402399999781 4.1451665e-17
7830.740249999781 4.4156542e-17
7833.0780999997805 4.5382778e-17
7835.41594999978 4.034427e-17
7837.75379999978 3.149238e-17
7840.09164999978 2.7747913e-17
7842.42949999978 2.711575e-17
7844.76734999978 3.2798595e-17
7847.10519999978 4.2336613e-17
7849.44304999978 4.3739478e-17
7851.78089999978 4.0166074e-17
7854.1187499997795 3.9545414e-17
7856.456599999779 4.073291e-17
7858.794449999779 4.0327424e-17
7861.132299999779 3.8944672e-17
7863.470149999779 3.590591e-17
7865.807999999779 3.185011e-17
7868.145849999779 2.3071146e-17
7870.483699999779 1.13861924e-17
7872.821549999779 1.0919231e-17
7875.1593999997785 1.7368058e-17
7877.497249999778 2.847901e-17
7879.835099999778 4.2467254e-17
7882.172949999778 4.7801762e-17
7884.510799999778 4.7785827e-17
7886.848649999778 4.5684077e-17
7889.186499999778 4.2290138e-17
7891.524349999778 3.8277002e-17
7893.862199999778 3.3879568e-17
7896.200049999778 3.075765e-17
7898.537899999777 2.8428222e-17
7900.875749999777 3.1943545e-17
7903.213599999777 3.9097512e-17
7905.551449999777 4.6277447e-17
7907.889299999777 5.3473554e-17
7910.227149999777 5.5887035e-17
7912.564999999777 5.531446e-17
7914.902849999777 5.079498e-17
7917.240699999777 4.380634e-17
7919.578549999776 5.4046294e-17
7921.916399999776 7.507412e-17
7924.254249999776 8.1360095e-17
7926.592099999776 7.8396956e-17
7928.929949999776 6.910102e-17
7931.267799999776 5.5824666e-17
7933.605649999776 4.718555e-17
7935.943499999776 4.1464265e-17
7938.281349999776 3.7256145e-17
7940.619199999775 3.4002027e-17
7942.957049999775 3.4795882e-17
7945.294899999775 3.814647e-17
7947.632749999775 3.9541927e-17
7949.970599999775 3.9701172e-17
7952.308449999775 4.0449618e-17
7954.646299999775 4.157135e-17
7956.984149999775 3.9331912e-17
7959.321999999775 3.495918e-17
7961.659849999774 2.9926336e-17
7963.997699999774 2.4474079e-17
7966.335549999774 2.7120251e-17
7968.673399999774 3.4921236e-17
7971.011249999774 3.5988246e-17
7973.349099999774 3.2760465e-17
7975.686949999774 2.8177858e-17
7978.024799999774 2.273024e-17
7980.362649999774 2.112501e-17
7982.7004999997735 2.1977444e-17
7985.038349999773 2.4021727e-17
7987.376199999773 2.6829848e-17
7989.714049999773 2.6652242e-17
7992.051899999773 2.4559068e-17
7994.389749999773 2.2199762e-17
7996.727599999773 1.9669405e-17
7999.065449999773 2.5687781e-17
8001.403299999773 3.721154e-17
8003.7411499997725 3.8071735e-17
8006.078999999772 3.2058427e-17
8008.416849999772 2.9322696e-17
8010.754699999772 2.870379e-17
8013.092549999772 2.5615797e-17
8015.430399999772 2.0931422e-17
8017.768249999772 2.4408733e-17
8020.106099999772 3.317243e-17
8022.443949999772 3.0524923e-17
8024.7817999997715 2.0471704e-17
8027.119649999771 1.9338765e-17
8029.457499999771 2.4005349e-17
8031.795349999771 3.0857248e-17
8034.133199999771 3.9131463e-17
8036.471049999771 4.036318e-17
8038.808899999771 3.700226e-17
8041.146749999771 3.673634e-17
8043.484599999771 3.8492387e-17
8045.8224499997705 4.0499014e-17
8048.16029999977 4.2669526e-17
8050.49814999977 4.1174662e-17
8052.83599999977 3.7278337e-17
8055.17384999977 3.2050512e-17
8057.51169999977 2.5948608e-17
8059.84954999977 2.3692024e-17
8062.18739999977 2.3962463e-17
8064.52524999977 2.8677462e-17
8066.8630999997695 3.6318506e-17
8069.200949999769 4.220989e-17
8071.538799999769 4.6948158e-17
8073.876649999769 5.2527527e-17
8076.214499999769 5.866231e-17
8078.552349999769 5.60634e-17
8080.890199999769 4.7686913e-17
8083.228049999769 3.802471e-17
8085.565899999769 2.7511053e-17
8087.9037499997685 2.5506199e-17
8090.241599999768 2.914623e-17
8092.579449999768 2.854872e-17
8094.917299999768 2.5134426e-17
8097.255149999768 2.9922355e-17
8099.592999999768 4.0168304e-17
8101.930849999768 3.5932785e-17
8104.268699999768 2.2043644e-17
8106.606549999768 1.7583995e-17
8108.9443999997675 1.9422561e-17
8111.282249999767 1.9978735e-17
8113.620099999767 1.9677446e-17
8115.957949999767 1.8253547e-17
8118.295799999767 1.6077686e-17
8120.633649999767 1.758727e-17
8122.971499999767 2.1570326e-17
8125.309349999767 2.7347225e-17
8127.647199999767 3.4329124e-17
8129.9850499997665 3.738019e-17
8132.322899999766 3.7785564e-17
8134.660749999766 3.4873657e-17
8136.998599999766 2.9724646e-17
8139.336449999766 2.2490376e-17
8141.674299999766 1.3848604e-17
8144.012149999766 1.7102484e-17
8146.349999999766 2.840138e-17
8148.687849999766 2.8710327e-17
8151.0256999997655 2.157357e-17
8153.363549999765 1.6243174e-17
8155.701399999765 1.21378945e-17
8158.039249999765 1.6379857e-17
8160.377099999765 2.6294192e-17
8162.714949999765 2.4430341e-17
8165.052799999765 1.4548398e-17
8167.390649999765 6.4404655e-18
8169.728499999765 -4.5850864e-19
8172.0663499997645 1.7432242e-18
8174.404199999764 1.0159052e-17
8176.742049999764 2.240051e-17
8179.079899999764 3.7258802e-17
8181.417749999764 3.7664528e-17
8183.755599999764 2.817379e-17
8186.093449999764 2.4068021e-17
8188.431299999764 2.3656178e-17
8190.769149999764 2.1177796e-17
8193.106999999764 1.7279065e-17
8195.444849999763 1.3779797e-17
8197.782699999763 1.0555372e-17
8200.120549999763 7.7955825e-18
8202.458399999763 5.3560453e-18
8204.796249999763 1.1719718e-17
8207.134099999763 2.4162913e-17
8209.471949999763 2.4704795e-17
8211.809799999763 1.7013036e-17
8214.147649999763 1.18447375e-17
8216.485499999762 8.422545e-18
8218.823349999762 6.749306e-18
8221.161199999762 6.288611e-18
8223.499049999762 3.973029e-18
8225.836899999762 3.6918508e-19
8228.174749999762 3.1816772e-18
8230.512599999762 1.0459145e-17
8232.850449999762 6.5623017e-18
8235.188299999762 -5.1256094e-18
8237.526149999761 -3.3295788e-18
8239.863999999761 7.884492e-18
8242.201849999761 1.1478041e-17
8244.539699999761 9.7479935e-18
8246.877549999761 7.6638135e-18
8249.21539999976 5.3317606e-18
8251.55324999976 6.1346547e-18
8253.89109999976 9.1357185e-18
8256.22894999976 7.832632e-18
8258.56679999976 3.505684e-18
8260.90464999976 4.424883e-18
8263.24249999976 9.0362476e-18
8265.58034999976 5.311533e-18
8267.91819999976 -4.2913928e-18
8270.25604999976 -4.0151533e-19
8272.59389999976 1.3004531e-17
8274.93174999976 1.7635122e-17
8277.26959999976 1.6065659e-17
8279.60744999976 1.3565675e-17
8281.94529999976 1.0406979e-17
8284.28314999976 8.762991e-18
8286.620999999759 8.1931446e-18
8288.958849999759 3.108061e-19
8291.296699999759 -1.2767188e-17
8293.634549999759 -1.08176075e-17
8295.972399999759 1.8300343e-18
8298.310249999759 1.1595435e-17
8300.648099999758 1.9308981e-17
8302.985949999758 1.980423e-17
8305.323799999758 1.5150844e-17
8307.661649999758 1.1623589e-17
8309.999499999758 8.901135e-18
8312.337349999758 6.5425243e-18
8314.675199999758 4.4443947e-18
8317.013049999758 7.516611e-18
8319.350899999758 1.429753e-17
8321.688749999757 1.6091657e-17
8324.026599999757 1.4308744e-17
8326.364449999757 1.2169689e-17
8328.702299999757 9.774677e-18
8331.040149999757 1.7286293e-17
8333.377999999757 3.1931498e-17
8335.715849999757 4.0581703e-17
8338.053699999757 4.4907427e-17
8340.391549999757 4.2878436e-17
8342.729399999756 3.625661e-17
8345.067249999756 3.4089516e-17
8347.405099999756 3.514771e-17
8349.742949999756 3.5353924e-17
8352.080799999756 3.494318e-17
8354.418649999756 3.0555628e-17
8356.756499999756 2.3282739e-17
8359.094349999756 1.6051238e-17
8361.432199999756 8.849819e-18
8363.770049999755 7.876604e-18
8366.107899999755 1.1438892e-17
8368.445749999755 1.0227921e-17
8370.783599999755 5.534252e-18
8373.121449999755 1.0112342e-17
8375.459299999755 2.1467228e-17
8377.797149999755 2.7500743e-17
8380.134999999755 2.9644148e-17
8382.472849999755 2.3775571e-17
8384.810699999754 1.2039674e-17
8387.148549999754 1.7519351e-17
8389.486399999754 3.5630636e-17
8391.824249999754 4.349603e-17
8394.162099999754 4.3829187e-17
8396.499949999754 3.4456344e-17
8398.837799999754 1.793566e-17
8401.175649999754 1.2089184e-17
8403.513499999754 1.4118734e-17
8405.851349999753 1.6980623e-17
8408.189199999753 2.0456766e-17
8410.527049999753 2.5357387e-17
8412.864899999753 3.1311096e-17
8415.202749999753 2.8892287e-17
8417.540599999753 2.0271929e-17
8419.878449999753 1.4383364e-17
8422.216299999753 1.0521784e-17
8424.554149999753 1.04029865e-17
8426.891999999752 1.3066679e-17
8429.229849999752 1.7352645e-17
8431.567699999752 2.2846763e-17
8433.905549999752 2.0267556e-17
8436.243399999752 1.1674857e-17
8438.581249999752 7.698113e-18
8440.919099999752 7.166228e-18
8443.256949999752 8.521127e-18
8445.594799999752 1.12865825e-17
8447.932649999751 1.0206619e-17
8450.270499999751 6.2462943e-18
8452.608349999751 8.0217924e-18
8454.946199999751 1.4101896e-17
8457.284049999751 1.8487725e-17
8459.62189999975 2.159982e-17
8461.95974999975 1.6624333e-17
8464.29759999975 5.5676315e-18
8466.63544999975 1.7263256e-19
8468.97329999975 -9.570344e-19
8471.31114999975 4.2753533e-18
8473.64899999975 1.4309067e-17
8475.98684999975 2.0773245e-17
8478.32469999975 2.4538384e-17
8480.66254999975 3.153344e-17
8483.00039999975 4.0974994e-17
8485.33824999975 3.838787e-17
8487.67609999975 2.6688018e-17
8490.01394999975 1.8260856e-17
8492.35179999975 1.2317794e-17
8494.68964999975 1.3376064e-17
8497.02749999975 1.9757889e-17
8499.365349999749 3.458884e-17
8501.703199999749 5.5856516e-17
8504.041049999749 5.5125093e-17
8506.378899999749 3.760503e-17
8508.716749999749 2.7626625e-17
8511.054599999748 2.3414684e-17
8513.392449999748 2.1647093e-17
8515.730299999748 2.1748815e-17
8518.068149999748 2.6244371e-17
8520.405999999748 3.4105964e-17
8522.743849999748 3.7288435e-17
8525.081699999748 3.687945e-17
8527.419549999748 3.7647508e-17
8529.757399999748 3.932074e-17
8532.095249999747 3.468066e-17
8534.433099999747 2.517705e-17
8536.770949999747 2.8878033e-17
8539.108799999747 4.27708e-17
8541.446649999747 4.7251965e-17
8543.784499999747 4.4467645e-17
8546.122349999747 3.6423403e-17
8548.460199999747 2.4311583e-17
8550.798049999747 2.3442049e-17
8553.135899999746 3.128299e-17
8555.473749999746 3.670751e-17
8557.811599999746 4.0256535e-17
8560.149449999746 4.3571927e-17
8562.487299999746 4.6705645e-17
8564.825149999746 4.3188043e-17
8567.162999999746 3.4489183e-17
8569.500849999746 3.7678097e-17
8571.838699999746 5.0128985e-17
8574.176549999745 4.93163e-17
8576.514399999745 3.8149954e-17
8578.852249999745 3.2632454e-17
8581.190099999745 3.153216e-17
8583.527949999745 3.4772294e-17
8585.865799999745 4.141298e-17
8588.203649999745 4.177137e-17
8590.541499999745 3.7198418e-17
8592.879349999745 4.1427647e-17
8595.217199999744 5.2578237e-17
8597.555049999744 5.269797e-17
8599.892899999744 4.4142388e-17
8602.230749999744 3.4147905e-17
8604.568599999744 2.3019623e-17
8606.906449999744 3.0326354e-17
8609.244299999744 5.2184403e-17
8611.582149999744 6.188885e-17
8613.919999999744 6.198177e-17
8616.257849999743 5.96301e-17
8618.595699999743 5.534181e-17
8620.933549999743 5.6633344e-17
8623.271399999743 6.2353715e-17
8625.609249999743 6.320181e-17
8627.947099999743 6.018198e-17
8630.284949999743 6.273577e-17
8632.622799999743 6.972192e-17
8634.960649999743 6.5021485e-17
8637.298499999742 5.1009677e-17
8639.636349999742 3.602998e-17
8641.974199999742 2.027777e-17
8644.312049999742 1.0368391e-17
8646.649899999742 5.131299e-18
8648.987749999742 6.719124e-18
8651.325599999742 1.377498e-17
8653.663449999742 2.4181269e-17
8656.001299999742 3.7271878e-17
8658.339149999741 4.166679e-17
8660.676999999741 3.9081544e-17
8663.014849999741 4.0395458e-17
8665.352699999741 4.4845256e-17
8667.690549999741 4.8881027e-17
8670.028399999741 5.258325e-17
8672.36624999974 4.6462444e-17
8674.70409999974 3.2412755e-17
8677.04194999974 3.1992894e-17
8679.37979999974 4.257467e-17
8681.71764999974 4.212276e-17
8684.05549999974 3.2747786e-17
8686.39334999974 2.7552863e-17
8688.73119999974 2.5744839e-17
8691.06904999974 2.7389401e-17
8693.40689999974 3.183627e-17
8695.74474999974 3.536839e-17
8698.08259999974 3.815664e-17
8700.42044999974 4.302006e-17
8702.75829999974 4.9573927e-17
8705.09614999974 5.0577724e-17
8707.43399999974 4.705961e-17
8709.771849999739 4.1414025e-17
8712.109699999739 3.4031795e-17
8714.447549999739 3.5386264e-17
8716.785399999739 4.3884843e-17
8719.123249999739 4.8178427e-17
8721.461099999739 4.9026998e-17
8723.798949999738 4.7182908e-17
8726.136799999738 4.312899e-17
8728.474649999738 3.782259e-17
8730.812499999738 3.1486342e-17
8733.150349999738 3.626533e-17
8735.488199999738 5.018535e-17
8737.826049999738 5.828981e-17
8740.163899999738 6.160337e-17
8742.501749999738 5.3746537e-17
8744.839599999737 3.6669932e-17
8747.177449999737 3.175284e-17
8749.515299999737 3.6890995e-17
8751.853149999737 3.714315e-17
8754.190999999737 3.3347862e-17
8756.528849999737 3.3764407e-17
8758.866699999737 3.767655e-17
8761.204549999737 4.169442e-17
8763.542399999737 4.5800048e-17
8765.880249999736 4.058188e-17
8768.218099999736 2.7610743e-17
8770.555949999736 2.6786026e-17
8772.893799999736 3.608055e-17
8775.231649999736 3.834733e-17
8777.569499999736 3.4749153e-17
8779.907349999736 3.0216994e-17
8782.245199999736 2.4903904e-17
8784.583049999736 3.0441828e-17
8786.920899999735 4.5068244e-17
8789.258749999735 4.7587797e-17
8791.596599999735 3.9965235e-17
8793.934449999735 2.8770748e-17
8796.272299999735 1.4578322e-17
