4679.125 1.6052078
4680.1251 1.6060497
4681.1252 1.6068915
4682.125300000001 1.6078084
4683.125400000001 1.6087251
4684.125500000001 1.6096907
4685.125600000001 1.6106563
4686.125700000001 1.6116526
4687.125800000002 1.6126488
4688.125900000002 1.6136632
4689.126000000002 1.6146774
4690.126100000002 1.6157001
4691.126200000002 1.6167228
4692.126300000003 1.6182128
4693.126400000003 1.6197032
4694.126500000003 1.6205753
4695.126600000003 1.621447
4696.126700000003 1.618137
4697.126800000004 1.6148242
4698.126900000004 1.61236
4699.127000000004 1.6098967
4700.127100000004 1.6087464
4701.127200000004 1.6075975
4702.127300000005 1.6071187
4703.127400000005 1.6066407
4704.127500000005 1.6065998
4705.127600000005 1.6065594
4706.1277000000055 1.6079482
4707.127800000006 1.6093389
4708.127900000006 1.6126862
4709.128000000006 1.6160358
4710.128100000006 1.6192645
4711.1282000000065 1.622493
4712.128300000007 1.6221683
4713.128400000007 1.6218386
4714.128500000007 1.6192496
4715.128600000007 1.6166573
4716.1287000000075 1.61241
4717.128800000008 1.6081599
4718.128900000008 1.6034164
4719.129000000008 1.598672
4720.129100000008 1.594028
4721.1292000000085 1.5893841
4722.129300000009 1.5838646
4723.129400000009 1.5783436
4724.129500000009 1.5706817
4725.129600000009 1.5630156
4726.1297000000095 1.5525856
4727.12980000001 1.54215
4728.12990000001 1.5330167
4729.13000000001 1.5238861
4730.13010000001 1.5171678
4731.1302000000105 1.5104549
4732.130300000011 1.5052689
4733.130400000011 1.5000865
4734.130500000011 1.4951384
4735.130600000011 1.4901909
4736.1307000000115 1.4848827
4737.130800000012 1.4795736
4738.130900000012 1.4734083
4739.131000000012 1.467241
4740.131100000012 1.4594716
4741.1312000000125 1.451698
4742.131300000013 1.4420182
4743.131400000013 1.4323334
4744.131500000013 1.4214759
4745.131600000013 1.4106152
4746.131700000014 1.4004532
4747.131800000014 1.3902934
4748.131900000014 1.3831123
4749.132000000014 1.37594
4750.132100000014 1.3717711
4751.132200000015 1.3676112
4752.132300000015 1.3633091
4753.132400000015 1.3590065
4754.132500000015 1.3526635
4755.132600000015 1.346314
4756.132700000016 1.3399403
4757.132800000016 1.3335665
4758.132900000016 1.3299296
4759.133000000016 1.3263018
4760.133100000016 1.3238926
4761.133200000017 1.3214874
4762.133300000017 1.3164761
4763.133400000017 1.3114556
4764.133500000017 1.3040394
4765.133600000017 1.2966145
4766.133700000018 1.289737
4767.133800000018 1.2828615
4768.133900000018 1.2771025
4769.134000000018 1.2713479
4770.134100000018 1.2654083
4771.134200000019 1.2594681
4772.134300000019 1.2534294
4773.134400000019 1.2473905
4774.134500000019 1.2431296
4775.134600000019 1.2388759
4776.13470000002 1.2369838
4777.13480000002 1.2351015
4778.13490000002 1.2336636
4779.13500000002 1.2322277
4780.13510000002 1.2296431
4781.135200000021 1.2270536
4782.135300000021 1.2235782
4783.135400000021 1.2200989
4784.135500000021 1.2161617
4785.135600000021 1.2122226
4786.135700000022 1.2079331
4787.135800000022 1.203642
4788.135900000022 1.199383
4789.136000000022 1.1951241
4790.136100000022 1.1918921
4791.136200000023 1.188665
4792.136300000023 1.1876241
4793.136400000023 1.1865938
4794.136500000023 1.1883003
4795.1366000000235 1.1900203
4796.136700000024 1.193256
4797.136800000024 1.1964995
4798.136900000024 1.1982267
4799.137000000024 1.1999463
4800.1371000000245 1.1992352
4801.137200000025 1.1985117
4802.137300000025 1.1983267
4803.137400000025 1.1981447
4804.137500000025 1.2009119
4805.1376000000255 1.2036948
4806.137700000026 1.2077256
4807.137800000026 1.2117631
4808.137900000026 1.2133812
4809.138000000026 1.2149858
4810.1381000000265 1.2144318
4811.138200000027 1.2138656
4812.138300000027 1.2152028
4813.138400000027 1.216551
4814.138500000027 1.220926
4815.1386000000275 1.2253184
4816.138700000028 1.2301283
4817.138800000028 1.2349405
4818.138900000028 1.2384226
4819.139000000028 1.2418969
4820.1391000000285 1.244493
4821.139200000029 1.2470838
4822.139300000029 1.2496196
4823.139400000029 1.2521551
4824.139500000029 1.2543684
4825.1396000000295 1.2565798
4826.13970000003 1.2577581
4827.13980000003 1.2589301
4828.13990000003 1.2588695
4829.14000000003 1.258801
4830.1401000000305 1.2577456
4831.140200000031 1.2566838
4832.140300000031 1.2553302
4833.140400000031 1.2539748
4834.140500000031 1.2532262
4835.140600000032 1.2524817
4836.140700000032 1.252056
4837.140800000032 1.2516323
4838.140900000032 1.2497442
4839.141000000032 1.247846
4840.141100000033 1.2430502
4841.141200000033 1.2382346
4842.141300000033 1.2315834
4843.141400000033 1.2249193
4844.141500000033 1.2190253
4845.141600000034 1.2131367
4846.141700000034 1.2094333
4847.141800000034 1.2057455
4848.141900000034 1.2036743
4849.142000000034 1.2016149
4850.142100000035 1.1993685
4851.142200000035 1.1971208
4852.142300000035 1.1931205
4853.142400000035 1.1891071
4854.142500000035 1.1833235
4855.142600000036 1.1775267
4856.142700000036 1.1710116
4857.142800000036 1.1644909
4858.142900000036 1.1576865
4859.143000000036 1.1508799
4860.143100000037 1.1434182
4861.143200000037 1.1359513
4862.143300000037 1.1279488
4863.143400000037 1.119942
4864.143500000037 1.1117504
4865.143600000038 1.1035575
4866.143700000038 1.0951947
4867.143800000038 1.0868305
4868.143900000038 1.0788199
4869.144000000038 1.0708121
4870.144100000039 1.0641891
4871.144200000039 1.0575773
4872.144300000039 1.0526978
4873.144400000039 1.0478326
4874.144500000039 1.0437444
4875.14460000004 1.0396628
4876.14470000004 1.0352677
4877.14480000004 1.0308698
4878.14490000004 1.0254511
4879.14500000004 1.0200235
4880.145100000041 1.0128285
4881.145200000041 1.0056185
4882.145300000041 0.99770886
4883.145400000041 0.98979324
4884.1455000000415 0.98386914
4885.145600000042 0.97796255
4886.145700000042 0.9744762
4887.145800000042 0.97101134
4888.145900000042 0.96733975
4889.1460000000425 0.9636664
4890.146100000043 0.9581587
4891.146200000043 0.95263433
4892.146300000043 0.9476298
4893.146400000043 0.94263005
4894.1465000000435 0.94058126
4895.146600000044 0.93855953
4896.146700000044 0.93858683
4897.146800000044 0.9386332
4898.146900000044 0.9394743
4899.1470000000445 0.9403228
4900.147100000045 0.94224024
4901.147200000045 0.94416773
4902.147300000045 0.9469135
4903.147400000045 0.94966716
4904.1475000000455 0.9517743
4905.147600000046 0.9538752
4906.147700000046 0.9547972
4907.147800000046 0.95570785
4908.147900000046 0.957386
4909.1480000000465 0.95907164
4910.148100000047 0.9632514
4911.148200000047 0.96745586
4912.148300000047 0.97378117
4913.148400000047 0.98012763
4914.1485000000475 0.98698235
4915.148600000048 0.9938421
4916.148700000048 0.9994461
4917.148800000048 1.0050373
4918.148900000048 1.0098482
4919.1490000000485 1.0146512
4920.149100000049 1.0221231
4921.149200000049 1.0296226
4922.149300000049 1.0421491
4923.149400000049 1.054728
4924.14950000005 1.0693631
4925.14960000005 1.0840198
4926.14970000005 1.0954211
4927.14980000005 1.1067878
4928.14990000005 1.1149875
4929.150000000051 1.1231533
4930.150100000051 1.1324301
4931.150200000051 1.1417187
4932.150300000051 1.1525445
4933.150400000051 1.1633871
4934.150500000052 1.1716375
4935.150600000052 1.1798598
4936.150700000052 1.1833531
4937.150800000052 1.1867944
4938.150900000052 1.1886978
4939.151000000053 1.1905841
4940.151100000053 1.1953723
4941.151200000053 1.2001932
4942.151300000053 1.2076217
4943.151400000053 1.2150798
4944.151500000054 1.2217214
4945.151600000054 1.2283539
4946.151700000054 1.2331116
4947.151800000054 1.237848
4948.151900000054 1.241674
4949.152000000055 1.2454894
4950.152100000055 1.2483457
4951.152200000055 1.2511909
4952.152300000055 1.2517089
4953.152400000055 1.2521994
4954.152500000056 1.2497408
4955.152600000056 1.2472472
4956.152700000056 1.2432426
4957.152800000056 1.23922
4958.152900000056 1.2361605
4959.153000000057 1.2331128
4960.153100000057 1.2319205
4961.153200000057 1.2307504
4962.153300000057 1.2293315
4963.153400000057 1.2279094
4964.153500000058 1.2243522
4965.153600000058 1.2207687
4966.153700000058 1.2162412
4967.153800000058 1.2117021
4968.1539000000585 1.2081113
4969.154000000059 1.2045323
4970.154100000059 1.2020657
4971.154200000059 1.1996131
4972.154300000059 1.1971912
4973.1544000000595 1.1947697
4974.15450000006 1.192175
4975.15460000006 1.189578
4976.15470000006 1.1865995
4977.15480000006 1.1836162
4978.1549000000605 1.1785339
4979.155000000061 1.1734246
4980.155100000061 1.1651015
4981.155200000061 1.1567369
4982.155300000061 1.1471692
4983.1554000000615 1.137586
4984.155500000062 1.1299169
4985.155600000062 1.1222731
4986.155700000062 1.117419
4987.155800000062 1.1126016
4988.1559000000625 1.1092638
4989.156000000063 1.1059455
4990.156100000063 1.1030542
4991.156200000063 1.1001685
4992.156300000063 1.0966369
4993.1564000000635 1.0930965
4994.156500000064 1.0865952
4995.156600000064 1.0800537
4996.156700000064 1.0709811
4997.156800000064 1.061874
4998.1569000000645 1.0543057
4999.157000000065 1.0467585
5000.157100000065 1.0428895
5001.157200000065 1.0390712
5002.157300000065 1.0375105
5003.1574000000655 1.0359812
5004.157500000066 1.034454
5005.157600000066 1.0329267
5006.157700000066 1.0303892
5007.157800000066 1.0278373
5008.157900000067 1.023746
5009.158000000067 1.0196328
5010.158100000067 1.0152395
5011.158200000067 1.0108422
5012.158300000067 1.0096685
5013.158400000068 1.0085409
5014.158500000068 1.0109171
5015.158600000068 1.0133438
5016.158700000068 1.0146694
5017.158800000068 1.0159792
5018.158900000069 1.0130078
5019.159000000069 1.0099738
5020.159100000069 1.0049005
5021.159200000069 0.9997972
5022.159300000069 0.99710065
5023.15940000007 0.9944397
5024.15950000007 0.9949071
5025.15960000007 0.9954212
5026.15970000007 0.99652416
5027.15980000007 0.9976359
5028.159900000071 0.9976842
5029.160000000071 0.9977165
5030.160100000071 0.99633396
5031.160200000071 0.9949301
5032.160300000071 0.99257874
5033.160400000072 0.9902129
5034.160500000072 0.98810947
5035.160600000072 0.98601
5036.160700000072 0.9846594
5037.160800000072 0.9833203
5038.160900000073 0.9816071
5039.161000000073 0.9798881
5040.161100000073 0.976626
5041.161200000073 0.9733399
5042.161300000073 0.969254
5043.161400000074 0.9651556
5044.161500000074 0.9616262
5045.161600000074 0.9581056
5046.161700000074 0.9557937
5047.161800000074 0.95350087
5048.161900000075 0.95254785
5049.162000000075 0.9516162
5050.162100000075 0.9520994
5051.162200000075 0.95260525
5052.162300000075 0.9547344
5053.162400000076 0.9568896
5054.162500000076 0.96070856
5055.162600000076 0.96455437
5056.162700000076 0.9691887
5057.1628000000765 0.9738359
5058.162900000077 0.9775973
5059.163000000077 0.9813442
5060.163100000077 0.98333114
5061.163200000077 0.9852891
5062.1633000000775 0.9856226
5063.163400000078 0.9859292
5064.163500000078 0.98490787
5065.163600000078 0.9838644
5066.163700000078 0.9823343
5067.1638000000785 0.98079604
5068.163900000079 0.9808787
5069.164000000079 0.9809886
5070.164100000079 0.98380893
5071.164200000079 0.986675
5072.1643000000795 0.9936023
5073.16440000008 1.0005985
5074.16450000008 1.010728
5075.16460000008 1.020911
5076.16470000008 1.0315169
5077.1648000000805 1.0421301
5078.164900000081 1.051603
5079.165000000081 1.061056
5080.165100000081 1.0689683
5081.165200000081 1.0768539
5082.1653000000815 1.0835464
5083.165400000082 1.0902181
5084.165500000082 1.0960522
5085.165600000082 1.1018717
5086.165700000082 1.1072766
5087.1658000000825 1.112674
5088.165900000083 1.1175543
5089.166000000083 1.1224256
5090.166100000083 1.1260973
5091.166200000083 1.1297476
5092.1663000000835 1.1319138
5093.166400000084 1.1340535
5094.166500000084 1.135382
5095.166600000084 1.1366961
5096.166700000084 1.1386098
5097.166800000085 1.1405344
5098.166900000085 1.1444898
5099.167000000085 1.148482
5100.167100000085 1.1539181
5101.167200000085 1.1593808
5102.167300000086 1.1632855
5103.167400000086 1.1671617
5104.167500000086 1.1711981
5105.167600000086 1.1752375
5106.167700000086 1.1797546
5107.167800000087 1.1842806
5108.167900000087 1.1892086
5109.168000000087 1.1941441
5110.168100000087 1.1990622
5111.168200000087 1.20398
5112.168300000088 1.2085536
5113.168400000088 1.2131208
5114.168500000088 1.2178884
5115.168600000088 1.2226596
5116.168700000088 1.2276521
5117.168800000089 1.2326487
5118.168900000089 1.238607
5119.169000000089 1.2445836
5120.169100000089 1.2516793
5121.169200000089 1.2587963
5122.16930000009 1.2662681
5123.16940000009 1.2737468
5124.16950000009 1.2809833
5125.16960000009 1.288215
5126.16970000009 1.2959499
5127.169800000091 1.3036945
5128.169900000091 1.3124636
5129.170000000091 1.3212527
5130.170100000091 1.3296292
5131.170200000091 1.3379977
5132.170300000092 1.3443278
5133.170400000092 1.350618
5134.170500000092 1.3549284
5135.170600000092 1.3591998
5136.170700000092 1.3625594
5137.170800000093 1.3659011
5138.170900000093 1.3685651
5139.171000000093 1.3712155
5140.171100000093 1.3726825
5141.171200000093 1.3741257
5142.171300000094 1.3748403
5143.171400000094 1.37554
5144.171500000094 1.3768374
5145.171600000094 1.3781466
5146.1717000000945 1.3811378
5147.171800000095 1.3841629
5148.171900000095 1.38921
5149.172000000095 1.3942982
5150.172100000095 1.4003752
5151.1722000000955 1.4064726
5152.172300000096 1.4114648
5153.172400000096 1.4164344
5154.172500000096 1.4190868
5155.172600000096 1.4216914
5156.1727000000965 1.423389
5157.172800000097 1.4250678
5158.172900000097 1.4282013
5159.173000000097 1.4313653
5160.173100000097 1.4357896
5161.1732000000975 1.4402401
5162.173300000098 1.4433143
5163.173400000098 1.4463598
5164.173500000098 1.4468534
5165.173600000098 1.4472933
5166.1737000000985 1.4467831
5167.173800000099 1.4462527
5168.173900000099 1.4469734
5169.174000000099 1.4477208
5170.174100000099 1.4503695
5171.1742000000995 1.4530588
5172.1743000001 1.4568235
5173.1744000001 1.4606112
5174.1745000001 1.4644706
5175.1746000001 1.4683317
5176.1747000001005 1.4711407
5177.174800000101 1.4739273
5178.174900000101 1.474324
5179.175000000101 1.474669
5180.175100000101 1.4717592
5181.1752000001015 1.4687787
5182.175300000102 1.4634551
5183.175400000102 1.4580803
5184.175500000102 1.4530574
5185.175600000102 1.4480423
5186.175700000103 1.4454702
5187.175800000103 1.4429518
5188.175900000103 1.4423988
5189.176000000103 1.4418892
5190.176100000103 1.4414719
5191.176200000104 1.4410568
5192.176300000104 1.4400989
5193.176400000104 1.4391288
5194.176500000104 1.4380016
5195.176600000104 1.436871
5196.176700000105 1.4358864
5197.176800000105 1.4349049
5198.176900000105 1.4345381
5199.177000000105 1.4341851
5200.177100000105 1.4349611
5201.177200000106 1.4357625
5202.177300000106 1.4372969
5203.177400000106 1.4388479
5204.177500000106 1.4393724
5205.177600000106 1.4398735
5206.177700000107 1.4379647
5207.177800000107 1.4360008
5208.177900000107 1.4321425
5209.178000000107 1.4282407
5210.178100000107 1.4247427
5211.178200000108 1.421254
5212.178300000108 1.4205917
5213.178400000108 1.4199947
5214.178500000108 1.4226028
5215.178600000108 1.4252851
5216.178700000109 1.4291925
5217.178800000109 1.4331286
5218.178900000109 1.4360567
5219.179000000109 1.4389611
5220.179100000109 1.4401103
5221.17920000011 1.4412181
5222.17930000011 1.4410086
5223.17940000011 1.4407679
5224.17950000011 1.4396402
5225.17960000011 1.4384915
5226.179700000111 1.4368861
5227.179800000111 1.4352698
5228.179900000111 1.4338956
5229.180000000111 1.4325271
5230.180100000111 1.432479
5231.180200000112 1.4324626
5232.180300000112 1.4340723
5233.180400000112 1.435721
5234.180500000112 1.4375318
5235.1806000001125 1.4393466
5236.180700000113 1.4395375
5237.180800000113 1.4396892
5238.180900000113 1.4389141
5239.181000000113 1.4381164
5240.1811000001135 1.4389485
5241.181200000114 1.4398204
5242.181300000114 1.4424815
5243.181400000114 1.4451864
5244.181500000114 1.4469349
5245.1816000001145 1.4486599
5246.181700000115 1.4479097
5247.181800000115 1.4470984
5248.181900000115 1.4442704
5249.182000000115 1.4413923
5250.1821000001155 1.4374218
5251.182200000116 1.4334241
5252.182300000116 1.4288168
5253.182400000116 1.4241942
5254.182500000116 1.4195195
5255.1826000001165 1.4148437
5256.182700000117 1.4103377
5257.182800000117 1.405836
5258.182900000117 1.4015323
5259.183000000117 1.3972337
5260.1831000001175 1.3933017
5261.183200000118 1.389379
5262.183300000118 1.3855287
5263.183400000118 1.3816801
5264.183500000118 1.3766811
5265.1836000001185 1.3716528
5266.183700000119 1.3644295
5267.183800000119 1.3571501
5268.183900000119 1.348261
5269.184000000119 1.3393307
5270.1841000001195 1.3306583
5271.18420000012 1.3219925
5272.18430000012 1.3144686
5273.18440000012 1.306974
5274.18450000012 1.2995405
5275.184600000121 1.2921085
5276.184700000121 1.2836366
5277.184800000121 1.2751374
5278.184900000121 1.2655106
5279.185000000121 1.2558542
5280.185100000122 1.2450975
5281.185200000122 1.2343119
5282.185300000122 1.2227539
5283.185400000122 1.2111754
5284.185500000122 1.199794
5285.185600000123 1.1884178
5286.185700000123 1.1780236
5287.185800000123 1.1676553
5288.185900000123 1.1580564
5289.186000000123 1.1484778
5290.186100000124 1.1397427
5291.186200000124 1.1310301
5292.186300000124 1.1233677
5293.186400000124 1.1157334
5294.186500000124 1.1080701
5295.186600000125 1.1004063
5296.186700000125 1.0920966
5297.186800000125 1.0837694
5298.186900000125 1.0761987
5299.187000000125 1.0686485
5300.187100000126 1.0628772
5301.187200000126 1.057154
5302.187300000126 1.0512868
5303.187400000126 1.0454158
5304.187500000126 1.0363665
5305.187600000127 1.0272304
5306.187700000127 1.0156968
5307.187800000127 1.0040977
5308.187900000127 0.9940568
5309.188000000127 0.9840587
5310.188100000128 0.97760576
5311.188200000128 0.9712505
5312.188300000128 0.9672171
5313.188400000128 0.96324784
5314.188500000128 0.9594863
5315.188600000129 0.95573056
5316.188700000129 0.9507154
5317.188800000129 0.9456653
5318.188900000129 0.9394596
5319.189000000129 0.93322176
5320.18910000013 0.92769307
5321.18920000013 0.92218417
5322.18930000013 0.91958886
5323.18940000013 0.9170753
5324.1895000001305 0.9169458
5325.189600000131 0.91688347
5326.189700000131 0.916735
5327.189800000131 0.91658413
5328.189900000131 0.9155363
5329.1900000001315 0.914463
5330.190100000132 0.91349375
5331.190200000132 0.9125275
5332.190300000132 0.91250384
5333.190400000132 0.912507
5334.1905000001325 0.9135753
5335.190600000133 0.91467404
5336.190700000133 0.9167831
5337.190800000133 0.9189211
5338.190900000133 0.92190725
5339.1910000001335 0.9249178
5340.191100000134 0.9284149
5341.191200000134 0.93192595
5342.191300000134 0.9353706
5343.191400000134 0.9388134
5344.1915000001345 0.94122845
5345.191600000135 0.9436135
5346.191700000135 0.944871
5347.191800000135 0.9460956
5348.191900000135 0.94747794
5349.1920000001355 0.94886494
5350.192100000136 0.9514995
5351.192200000136 0.95417064
5352.192300000136 0.95741874
5353.192400000136 0.9606839
5354.1925000001365 0.96304005
5355.192600000137 0.9653694
5356.192700000137 0.9665036
5357.192800000137 0.9676024
5358.192900000137 0.9688051
5359.1930000001375 0.9700108
5360.193100000138 0.97211343
5361.193200000138 0.9742428
5362.193300000138 0.97641
5363.193400000138 0.9785783
5364.193500000139 0.97973806
5365.193600000139 0.9808675
5366.193700000139 0.9811814
5367.193800000139 0.98147064
5368.193900000139 0.98188776
5369.19400000014 0.98230875
5370.19410000014 0.9833329
5371.19420000014 0.9843753
5372.19430000014 0.98626745
5373.19440000014 0.98818535
5374.194500000141 0.99102646
5375.194600000141 0.99389565
5376.194700000141 0.9971654
5377.194800000141 1.0004474
5378.194900000141 1.0032971
5379.195000000142 1.0061336
5380.195100000142 1.0078291
5381.195200000142 1.0094894
5382.195300000142 1.0100381
5383.195400000142 1.0105525
5384.195500000143 1.0106133
5385.195600000143 1.01066
5386.195700000143 1.0108787
5387.195800000143 1.0111026
5388.195900000143 1.0117298
5389.196000000144 1.0123696
5390.196100000144 1.0141466
5391.196200000144 1.015959
5392.196300000144 1.0191642
5393.196400000144 1.0224129
5394.196500000145 1.0252339
5395.196600000145 1.0280414
5396.196700000145 1.0290413
5397.196800000145 1.0299845
5398.196900000145 1.0295604
5399.197000000146 1.0290934
5400.197100000146 1.0284096
5401.197200000146 1.027719
5402.197300000146 1.0275986
5403.197400000146 1.0274963
5404.197500000147 1.0283893
5405.197600000147 1.029314
5406.197700000147 1.0313745
5407.197800000147 1.0334712
5408.1979000001475 1.0349027
5409.198000000148 1.0363129
5410.198100000148 1.0365194
5411.198200000148 1.0366871
5412.198300000148 1.0362506
5413.1984000001485 1.0357946
5414.198500000149 1.0353644
5415.198600000149 1.034935
5416.198700000149 1.0343332
5417.198800000149 1.0337257
5418.1989000001495 1.032368
5419.19900000015 1.0309858
5420.19910000015 1.0292327
5421.19920000015 1.0274677
5422.19930000015 1.0266294
5423.1994000001505 1.0258214
5424.199500000151 1.0257419
5425.199600000151 1.0256863
5426.199700000151 1.0245286
5427.199800000151 1.023335
5428.1999000001515 1.021241
5429.200000000152 1.0191175
5430.200100000152 1.0169293
5431.200200000152 1.014739
5432.200300000152 1.012594
5433.2004000001525 1.0104504
5434.200500000153 1.0083864
5435.200600000153 1.0063251
5436.200700000153 1.0044767
5437.200800000153 1.0026354
5438.2009000001535 1.0011836
5439.201000000154 0.9997449
5440.201100000154 0.99764496
5441.201200000154 0.99552304
5442.201300000154 0.9946529
5443.2014000001545 0.9938248
5444.201500000155 0.99388343
5445.201600000155 0.9939719
5446.201700000155 0.99354446
5447.201800000155 0.99309963
5448.201900000156 0.99068683
5449.202000000156 0.9882075
5450.202100000156 0.98331606
5451.202200000156 0.9783428
5452.202300000156 0.9719669
5453.202400000157 0.9655435
5454.202500000157 0.9589065
5455.202600000157 0.9522622
5456.202700000157 0.94596463
5457.202800000157 0.9396789
5458.202900000158 0.9343681
5459.203000000158 0.92909056
5460.203100000158 0.92511743
5461.203200000158 0.92118907
5462.203300000158 0.91816103
5463.203400000159 0.915164
5464.203500000159 0.912467
5465.203600000159 0.9097803
5466.203700000159 0.9071155
5467.203800000159 0.9044515
5468.20390000016 0.90153486
5469.20400000016 0.89860946
5470.20410000016 0.8947913
5471.20420000016 0.8909421
5472.20430000016 0.8855721
5473.204400000161 0.88014895
5474.204500000161 0.87321913
5475.204600000161 0.86623657
5476.204700000161 0.8584901
5477.204800000161 0.8507169
5478.204900000162 0.8437249
5479.205000000162 0.83676034
5480.205100000162 0.83247554
5481.205200000162 0.82828504
5482.205300000162 0.8273856
5483.205400000163 0.82660234
5484.205500000163 0.8272335
5485.205600000163 0.8279147
5486.205700000163 0.8272919
5487.205800000163 0.8266228
5488.205900000164 0.82399756
5489.206000000164 0.8213027
5490.206100000164 0.81782794
5491.206200000164 0.8143252
5492.206300000164 0.8108794
5493.206400000165 0.80743563
5494.206500000165 0.8042161
5495.206600000165 0.8010045
5496.206700000165 0.7979656
5497.2068000001655 0.7949328
5498.206900000166 0.79200137
5499.207000000166 0.7890736
5500.207100000166 0.78603756
5501.207200000166 0.78299767
5502.2073000001665 0.77998096
5503.207400000167 0.77696514
5504.207500000167 0.7748334
5505.207600000167 0.77273375
5506.207700000167 0.77251756
5507.2078000001675 0.77236986
5508.207900000168 0.77445954
5509.208000000168 0.77663076
5510.208100000168 0.78026736
5511.208200000168 0.7839576
5512.2083000001685 0.7872553
5513.208400000169 0.79053855
5514.208500000169 0.7920369
5515.208600000169 0.79346955
5516.208700000169 0.79348695
5517.2088000001695 0.7934521
5518.20890000017 0.7936873
5519.20900000017 0.79393244
5520.20910000017 0.79554546
5521.20920000017 0.7972092
5522.2093000001705 0.80037194
5523.209400000171 0.8035903
5524.209500000171 0.80813783
5525.209600000171 0.81273484
5526.209700000171 0.8182803
5527.2098000001715 0.8238611
5528.209900000172 0.8298407
5529.210000000172 0.83583534
5530.210100000172 0.84175265
5531.210200000172 0.84766704
5532.2103000001725 0.85369176
5533.210400000173 0.8597207
5534.210500000173 0.86688834
5535.210600000173 0.87409884
5536.210700000173 0.8830587
5537.210800000174 0.8920847
5538.210900000174 0.90160507
5539.211000000174 0.91114414
5540.211100000174 0.9193133
5541.211200000174 0.92743045
5542.211300000175 0.9337842
5543.211400000175 0.94007075
5544.211500000175 0.9455365
5545.211600000175 0.95097095
5546.211700000175 0.95666325
5547.211800000176 0.96236545
5548.211900000176 0.96902287
5549.212000000176 0.97571695
5550.212100000176 0.98351145
5551.212200000176 0.9913482
5552.212300000177 0.9994267
5553.212400000177 1.0075146
5554.212500000177 1.0147452
5555.212600000177 1.0219427
5556.212700000177 1.028129
5557.212800000178 1.0342761
5558.212900000178 1.0395608
5559.213000000178 1.044812
5560.213100000178 1.0493678
5561.213200000178 1.0538965
5562.213300000179 1.0580124
5563.213400000179 1.0621121
5564.213500000179 1.0656694
5565.213600000179 1.0692056
5566.213700000179 1.0709815
5567.21380000018 1.0726883
5568.21390000018 1.0713373
5569.21400000018 1.0698662
5570.21410000018 1.0663601
5571.21420000018 1.062774
5572.214300000181 1.0600636
5573.214400000181 1.0573878
5574.214500000181 1.056978
5575.214600000181 1.0566578
5576.214700000181 1.0578849
5577.214800000182 1.0591733
5578.214900000182 1.0609014
5579.215000000182 1.062647
5580.215100000182 1.0642967
5581.215200000182 1.0659428
5582.215300000183 1.0672256
5583.215400000183 1.0684938
5584.215500000183 1.0696164
5585.215600000183 1.0707331
5586.2157000001835 1.0728201
5587.215800000184 1.0749458
5588.215900000184 1.0783376
5589.216000000184 1.0817801
5590.216100000184 1.0851971
5591.2162000001845 1.088613
5592.216300000185 1.0907261
5593.216400000185 1.0927868
5594.216500000185 1.0931613
5595.216600000185 1.0934677
5596.2167000001855 1.0924894
5597.216800000186 1.0914589
5598.216900000186 1.0903186
5599.217000000186 1.0891738
5600.217100000186 1.088919
5601.2172000001865 1.0887005
5602.217300000187 1.089613
5603.217400000187 1.0905714
5604.217500000187 1.0921043
5605.217600000187 1.0936607
5606.2177000001875 1.0952569
5607.217800000188 1.0968549
5608.217900000188 1.0982515
5609.218000000188 1.0996397
5610.218100000188 1.098938
5611.2182000001885 1.0981504
5612.218300000189 1.0963997
5613.218400000189 1.0946093
5614.218500000189 1.092459
5615.218600000189 1.0902936
5616.2187000001895 1.0886102
5617.21880000019 1.0869466
5618.21890000019 1.0867734
5619.21900000019 1.0866622
5620.21910000019 1.0876266
5621.2192000001905 1.0886357
5622.219300000191 1.0895245
5623.219400000191 1.0904082
5624.219500000191 1.0911841
5625.219600000191 1.0919557
5626.219700000192 1.09325
5627.219800000192 1.0945661
5628.219900000192 1.0962503
5629.220000000192 1.09795
5630.220100000192 1.0991584
5631.220200000193 1.1003462
5632.220300000193 1.1002635
5633.220400000193 1.1001272
5634.220500000193 1.0993844
5635.220600000193 1.0986161
5636.220700000194 1.0974884
5637.220800000194 1.0963455
5638.220900000194 1.094981
5639.221000000194 1.0936071
5640.221100000194 1.0919073
5641.221200000195 1.0901936
5642.221300000195 1.0876993
5643.221400000195 1.0851716
5644.221500000195 1.0857342
5645.221600000195 1.086429
5646.221700000196 1.0868521
5647.221800000196 1.0872636
5648.221900000196 1.0864127
5649.222000000196 1.0855075
5650.222100000196 1.0835468
5651.222200000197 1.0815406
5652.222300000197 1.0791302
5653.222400000197 1.0767024
5654.222500000197 1.0752168
5655.222600000197 1.0737717
5656.222700000198 1.0731341
5657.222800000198 1.0725313
5658.222900000198 1.0708281
5659.223000000198 1.0690769
5660.223100000198 1.0654855
5661.223200000199 1.0618138
5662.223300000199 1.0578825
5663.223400000199 1.0539399
5664.223500000199 1.0512373
5665.223600000199 1.0485889
5666.2237000002 1.0471935
5667.2238000002 1.0458531
5668.2239000002 1.044833
5669.2240000002 1.0438267
5670.2241000002 1.0424372
5671.224200000201 1.0410308
5672.224300000201 1.0388138
5673.224400000201 1.0365611
5674.224500000201 1.0336868
5675.2246000002015 1.0307848
5676.224700000202 1.0283438
5677.224800000202 1.0259233
5678.224900000202 1.0248498
5679.225000000202 1.023836
5680.2251000002025 1.02446
5681.225200000203 1.0251565
5682.225300000203 1.0253764
5683.225400000203 1.0255752
5684.225500000203 1.0239508
5685.2256000002035 1.022245
5686.225700000204 1.0188657
5687.225800000204 1.0154116
5688.225900000204 1.0116441
5689.226000000204 1.0078626
5690.2261000002045 1.0054903
5691.226200000205 1.0031812
5692.226300000205 1.0024444
5693.226400000205 1.0017782
5694.226500000205 1.0009309
5695.2266000002055 1.0000753
5696.226700000206 0.9975285
5697.226800000206 0.99490523
5698.226900000206 0.9920102
5699.227000000206 0.98910284
5700.2271000002065 0.9866461
5701.227200000207 0.9842098
5702.227300000207 0.98187554
5703.227400000207 0.9795459
5704.227500000207 0.9770595
5705.2276000002075 0.974566
5706.227700000208 0.97186923
5707.227800000208 0.96916324
5708.227900000208 0.96635014
5709.228000000208 0.96353215
5710.2281000002085 0.9608333
5711.228200000209 0.9581399
5712.228300000209 0.95577884
5713.228400000209 0.9534331
5714.228500000209 0.9491945
5715.22860000021 0.9448688
5716.22870000021 0.94007695
5717.22880000021 0.9352636
5718.22890000021 0.93222153
5719.22900000021 0.92926115
5720.229100000211 0.9292355
5721.229200000211 0.92934555
5722.229300000211 0.9308842
5723.229400000211 0.93248904
5724.229500000211 0.93349904
5725.229600000212 0.9344814
5726.229700000212 0.9344057
5727.229800000212 0.9342807
5728.229900000212 0.9338675
5729.230000000212 0.9334409
5730.230100000213 0.93294036
5731.230200000213 0.93243635
5732.230300000213 0.93098766
5733.230400000213 0.9294948
5734.230500000213 0.92664
5735.230600000214 0.92372125
5736.230700000214 0.9202162
5737.230800000214 0.9166836
5738.230900000214 0.913687
5739.231000000214 0.9107156
5740.231100000215 0.909046
5741.231200000215 0.9074378
5742.231300000215 0.90633535
5743.231400000215 0.9052568
5744.231500000215 0.9041175
5745.231600000216 0.90297544
5746.231700000216 0.90123975
5747.231800000216 0.89947593
5748.231900000216 0.89766717
5749.232000000216 0.8958563
5750.232100000217 0.8954075
5751.232200000217 0.89502364
5752.232300000217 0.8956758
5753.232400000217 0.8963774
5754.232500000217 0.8970416
5755.232600000218 0.897704
5756.232700000218 0.8966614
5757.232800000218 0.89553696
5758.232900000218 0.8929698
5759.233000000218 0.8903334
5760.233100000219 0.8880631
5761.233200000219 0.8858104
5762.233300000219 0.88465786
5763.233400000219 0.88355833
5764.2335000002195 0.882289
5765.23360000022 0.8810115
5766.23370000022 0.87868166
5767.23380000022 0.87630093
5768.23390000022 0.874036
5769.2340000002205 0.8717767
5770.234100000221 0.87118125
5771.234200000221 0.87066656
5772.234300000221 0.871488
5773.234400000221 0.87237436
5774.2345000002215 0.87233216
5775.234600000222 0.87224466
5776.234700000222 0.87154436
5777.234800000222 0.87081414
5778.234900000222 0.8696229
5779.2350000002225 0.86840904
5780.235100000223 0.86778766
5781.235200000223 0.8671953
5782.235300000223 0.86737525
5783.235400000223 0.86759317
5784.2355000002235 0.8677894
5785.235600000224 0.86798453
5786.235700000224 0.8681803
5787.235800000224 0.86837614
5788.235900000224 0.86619806
5789.2360000002245 0.86390275
5790.236100000225 0.8610049
5791.236200000225 0.8580772
5792.236300000225 0.85701257
5793.236400000225 0.8560404
5794.2365000002255 0.85664564
5795.236600000226 0.85732937
5796.236700000226 0.8573646
5797.236800000226 0.85736746
5798.236900000226 0.85656315
5799.2370000002265 0.85571855
5800.237100000227 0.8565628
5801.237200000227 0.8574914
5802.237300000227 0.8607682
5803.237400000227 0.8641626
5804.237500000228 0.8670659
5805.237600000228 0.8699445
5806.237700000228 0.8703701
5807.237800000228 0.8706723
5808.237900000228 0.87016505
5809.238000000229 0.86961704
5810.238100000229 0.871069
5811.238200000229 0.8726219
5812.238300000229 0.875634
5813.238400000229 0.87871987
5814.23850000023 0.88051647
5815.23860000023 0.8822478
5816.23870000023 0.8823376
5817.23880000023 0.88234425
5818.23890000023 0.8827646
5819.239000000231 0.883206
5820.239100000231 0.88528156
5821.239200000231 0.88744044
5822.239300000231 0.8909531
5823.239400000231 0.8945349
5824.239500000232 0.8986936
5825.239600000232 0.9028818
5826.239700000232 0.9067808
5827.239800000232 0.910665
5828.239900000232 0.9130326
5829.240000000233 0.9153224
5830.240100000233 0.9158952
5831.240200000233 0.91637975
5832.240300000233 0.91668695
5833.240400000233 0.91698503
5834.240500000234 0.91840947
5835.240600000234 0.919892
5836.240700000234 0.92229146
5837.240800000234 0.9247382
5838.240900000234 0.92711663
5839.241000000235 0.92949146
5840.241100000235 0.93107384
5841.241200000235 0.9326151
5842.241300000235 0.93351173
5843.241400000235 0.93437487
5844.241500000236 0.93532157
5845.241600000236 0.9362726
5846.241700000236 0.9376915
5847.241800000236 0.9391348
5848.2419000002365 0.9405959
5849.242000000237 0.94205797
5850.242100000237 0.9431369
5851.242200000237 0.94419575
5852.242300000237 0.94547457
5853.2424000002375 0.946765
5854.242500000238 0.94920796
5855.242600000238 0.9517114
5856.242700000238 0.95525324
5857.242800000238 0.9588497
5858.2429000002385 0.9620708
5859.243000000239 0.96527207
5860.243100000239 0.9676828
5861.243200000239 0.9700517
5862.243300000239 0.97192156
5863.2434000002395 0.97376496
5864.24350000024 0.97643447
5865.24360000024 0.9791477
5866.24370000024 0.9829216
5867.24380000024 0.9867518
5868.2439000002405 0.99022686
5869.244000000241 0.99368304
5870.244100000241 0.9959913
5871.244200000241 0.9982384
5872.244300000241 1.0000731
5873.2444000002415 1.0018858
5874.244500000242 1.0043389
5875.244600000242 1.0068262
5876.244700000242 1.0089971
5877.244800000242 1.011151
5878.2449000002425 1.0117549
5879.245000000243 1.0122757
5880.245100000243 1.0118386
5881.245200000243 1.0113499
5882.245300000243 1.0117708
5883.2454000002435 1.0122408
5884.245500000244 1.013967
5885.245600000244 1.0157611
5886.245700000244 1.0171127
5887.245800000244 1.0184405
5888.245900000245 1.0180858
5889.246000000245 1.0176401
5890.246100000245 1.0163962
5891.246200000245 1.0151091
5892.246300000245 1.0149311
5893.246400000246 1.0148132
5894.246500000246 1.0142336
5895.246600000246 1.0136288
5896.246700000246 1.0125711
5897.246800000246 1.0114887
5898.246900000247 1.0101705
5899.247000000247 1.0088395
5900.247100000247 1.0073513
5901.247200000247 1.0058544
5902.247300000247 1.0042214
5903.247400000248 1.002581
5904.247500000248 1.0005533
5905.247600000248 0.9985042
5906.247700000248 0.99597365
5907.247800000248 0.9934166
5908.247900000249 0.99042976
5909.248000000249 0.9874193
5910.248100000249 0.985793
5911.248200000249 0.9842431
5912.248300000249 0.9844536
5913.24840000025 0.9847615
5914.24850000025 0.98573005
5915.24860000025 0.9867353
5916.24870000025 0.98720336
5917.24880000025 0.98764163
5918.248900000251 0.98739254
5919.249000000251 0.98710525
5920.249100000251 0.98672813
5921.249200000251 0.98634595
5922.249300000251 0.98629797
5923.249400000252 0.9862686
5924.249500000252 0.9864076
5925.249600000252 0.986556
5926.249700000252 0.98661596
5927.249800000252 0.9866709
5928.249900000253 0.98691285
5929.250000000253 0.98716515
5930.250100000253 0.987703
5931.250200000253 0.98825693
5932.250300000253 0.98865414
5933.250400000254 0.9890425
5934.250500000254 0.9889709
5935.250600000254 0.98887336
5936.250700000254 0.9887734
5937.2508000002545 0.9886733
5938.250900000255 0.9891948
5939.251000000255 0.9897514
5940.251100000255 0.9911499
5941.251200000255 0.99259603
5942.2513000002555 0.99472916
5943.251400000256 0.9969012
5944.251500000256 0.9992184
5945.251600000256 1.0015438
5946.251700000256 1.0022999
5947.2518000002565 1.0029668
5948.251900000257 1.0020068
5949.252000000257 1.000954
5950.252100000257 0.99977535
5951.252200000257 0.9985895
5952.2523000002575 0.9983037
5953.252400000258 0.99806935
5954.252500000258 0.99808043
5955.252600000258 0.9981055
5956.252700000258 0.99709785
5957.2528000002585 0.99603105
5958.252900000259 0.99377775
5959.253000000259 0.9914563
5960.253100000259 0.9891588
5961.253200000259 0.9868628
5962.2533000002595 0.98553747
5963.25340000026 0.98426807
5964.25350000026 0.98378205
5965.25360000026 0.9833412
5966.25370000026 0.9829046
5967.2538000002605 0.98246825
5968.253900000261 0.981603
5969.254000000261 0.98071295
5970.254100000261 0.979532
5971.254200000261 0.9783341
5972.2543000002615 0.97730005
5973.254400000262 0.97627544
5974.254500000262 0.97542477
5975.254600000262 0.9745842
5976.254700000262 0.9734775
5977.254800000263 0.97235525
5978.254900000263 0.9704211
5979.255000000263 0.9684394
5980.255100000263 0.9672047
5981.255200000263 0.96601367
5982.255300000264 0.96531934
5983.255400000264 0.96465415
5984.255500000264 0.96358985
5985.255600000264 0.9625021
5986.255700000264 0.9605522
5987.255800000265 0.9585517
5988.255900000265 0.9560026
5989.256000000265 0.9534212
5990.256100000265 0.9510516
5991.256200000265 0.9486945
5992.256300000266 0.9474361
5993.256400000266 0.9462425
5994.256500000266 0.94605964
5995.256600000266 0.9459366
5996.256700000266 0.94547284
5997.256800000267 0.94498885
5998.256900000267 0.94323844
5999.257000000267 0.9414129
6000.257100000267 0.93900144
6001.257200000267 0.93655515
6002.257300000268 0.9348052
6003.257400000268 0.9330967
6004.257500000268 0.93217003
6005.257600000268 0.93129
6006.257700000268 0.93006134
6007.257800000269 0.9288118
6008.257900000269 0.9268256
6009.258000000269 0.92479527
6010.258100000269 0.9229648
6011.258200000269 0.9211463
6012.25830000027 0.91997105
6013.25840000027 0.91883445
6014.25850000027 0.9176373
6015.25860000027 0.91643643
6016.25870000027 0.9146318
6017.258800000271 0.91279083
6018.258900000271 0.91091985
6019.259000000271 0.90904707
6020.259100000271 0.9079604
6021.259200000271 0.90692127
6022.259300000272 0.9064701
6023.259400000272 0.90605444
6024.259500000272 0.9056463
6025.259600000272 0.9052387
6026.2597000002725 0.9047965
6027.259800000273 0.9043522
6028.259900000273 0.9036613
6029.260000000273 0.9029555
6030.260100000273 0.90173143
6031.2602000002735 0.9004759
6032.260300000274 0.899153
6033.260400000274 0.897826
6034.260500000274 0.8972411
6035.260600000274 0.8967016
6036.2607000002745 0.89682835
6037.260800000275 0.8969959
6038.260900000275 0.896688
6039.261000000275 0.8963509
6040.261100000275 0.8950675
6041.2612000002755 0.89372605
6042.261300000276 0.8922405
6043.261400000276 0.89074606
6044.261500000276 0.8898672
6045.261600000276 0.88902617
6046.2617000002765 0.8887629
6047.261800000277 0.8885352
6048.261900000277 0.8884469
6049.262000000277 0.8883673
6050.262100000277 0.88798976
6051.2622000002775 0.88759375
6052.262300000278 0.88672966
6053.262400000278 0.88583654
6054.262500000278 0.8847897
6055.262600000278 0.88373333
6056.2627000002785 0.8832055
6057.262800000279 0.88271046
6058.262900000279 0.88267136
6059.263000000279 0.8826607
6060.263100000279 0.88188136
6061.2632000002795 0.8810541
6062.26330000028 0.87883615
6063.26340000028 0.8765315
6064.26350000028 0.8737316
6065.26360000028 0.8709008
6066.263700000281 0.86879665
6067.263800000281 0.8667379
6068.263900000281 0.8654004
6069.264000000281 0.8641081
6070.264100000281 0.8626682
6071.264200000282 0.8612191
6072.264300000282 0.8596498
6073.264400000282 0.8580729
6074.264500000282 0.8571496
6075.264600000282 0.8562675
6076.264700000283 0.85594225
6077.264800000283 0.85565203
6078.264900000283 0.85486716
6079.265000000283 0.854051
6080.265100000283 0.85196817
6081.265200000284 0.8498052
6082.265300000284 0.84642833
6083.265400000284 0.84297454
6084.265500000284 0.83874846
6085.265600000284 0.8344733
6086.265700000285 0.8297252
6087.265800000285 0.824947
6088.265900000285 0.8198914
6089.266000000285 0.814818
6090.266100000285 0.80954266
6091.266200000286 0.8042544
6092.266300000286 0.7985412
6093.266400000286 0.7928008
6094.266500000286 0.78656906
6095.266600000286 0.7803059
6096.266700000287 0.77384627
6097.266800000287 0.767374
6098.266900000287 0.7608821
6099.267000000287 0.7543889
6100.267100000287 0.74751
6101.267200000288 0.7406063
6102.267300000288 0.73281395
6103.267400000288 0.72496444
6104.267500000288 0.7161492
6105.267600000288 0.7072718
6106.267700000289 0.6973713
6107.267800000289 0.68740475
6108.267900000289 0.67653507
6109.268000000289 0.6656071
6110.268100000289 0.6544555
6111.26820000029 0.6432894
6112.26830000029 0.63265854
6113.26840000029 0.62206244
6114.26850000029 0.6122944
6115.2686000002905 0.6025801
6116.268700000291 0.59338695
6117.268800000291 0.58422774
6118.268900000291 0.5752382
6119.269000000291 0.5662597
6120.2691000002915 0.5572977
6121.269200000292 0.5483368
6122.269300000292 0.5393821
6123.269400000292 0.5304278
6124.269500000292 0.52142465
6125.2696000002925 0.5124184
6126.269700000293 0.5032447
6127.269800000293 0.49406004
6128.269900000293 0.48475692
6129.270000000293 0.475446
6130.2701000002935 0.46643695
6131.270200000294 0.45744774
6132.270300000294 0.44941574
6133.270400000294 0.4414467
6134.270500000294 0.4347666
6135.2706000002945 0.4281714
6136.270700000295 0.4224232
6137.270800000295 0.4167309
6138.270900000295 0.4105216
6139.271000000295 0.40427813
6140.2711000002955 0.39780596
6141.271200000296 0.39131865
6142.271300000296 0.38506404
6143.271400000296 0.3788248
6144.271500000296 0.3732158
6145.2716000002965 0.3676486
6146.271700000297 0.36251312
6147.271800000297 0.35740632
6148.271900000297 0.35230523
6149.272000000297 0.34720454
6150.2721000002975 0.34220797
6151.272200000298 0.33721834
6152.272300000298 0.33281827
6153.272400000298 0.32845753
6154.272500000298 0.32509366
6155.272600000299 0.32179642
6156.272700000299 0.31896928
6157.272800000299 0.31617358
6158.272900000299 0.31349635
6159.273000000299 0.31082708
6160.2731000003 0.3085112
6161.2732000003 0.30621904
6162.2733000003 0.30471858
6163.2734000003 0.30327135
6164.2735000003 0.3025329
6165.273600000301 0.3018422
6166.273700000301 0.3009785
6167.273800000301 0.30010313
6168.273900000301 0.29835242
6169.274000000301 0.29654256
6170.274100000302 0.29442045
6171.274200000302 0.29227725
6172.274300000302 0.29133567
6173.274400000302 0.29047546
6174.274500000302 0.29062566
6175.274600000303 0.29084438
6176.274700000303 0.29180157
6177.274800000303 0.29280892
6178.274900000303 0.29350168
6179.275000000303 0.294173
6180.275100000304 0.29440138
6181.275200000304 0.29459956
6182.275300000304 0.29501233
6183.275400000304 0.29543972
6184.275500000304 0.2963214
6185.275600000305 0.29723406
6186.275700000305 0.29824919
6187.275800000305 0.29927135
6188.275900000305 0.2995598
6189.276000000305 0.299798
6190.276100000306 0.30026212
6191.276200000306 0.30074173
6192.276300000306 0.3023423
6193.276400000306 0.3040199
6194.276500000306 0.30669275
6195.276600000307 0.30943412
6196.276700000307 0.3119132
6197.276800000307 0.3143742
6198.276900000307 0.31560522
6199.277000000307 0.31675148
6200.277100000308 0.31765527
6201.277200000308 0.3185423
6202.277300000308 0.32112464
6203.277400000308 0.32382426
6204.2775000003085 0.3277507
6205.277600000309 0.3317622
6206.277700000309 0.33648422
6207.277800000309 0.34125555
6208.277900000309 0.34337974
6209.2780000003095 0.34532022
6210.27810000031 0.34574893
6211.27820000031 0.34607255
6212.27830000031 0.34796324
6213.27840000031 0.34996304
6214.2785000003105 0.35419375
6215.278600000311 0.35858005
6216.278700000311 0.36353135
6217.278800000311 0.36852214
6218.278900000311 0.37309432
6219.2790000003115 0.37763724
6220.279100000312 0.38232553
6221.279200000312 0.38702404
6222.279300000312 0.39230612
6223.279400000312 0.39762908
6224.2795000003125 0.40283576
6225.279600000313 0.4080343
6226.279700000313 0.41233194
6227.279800000313 0.41656622
6228.279900000313 0.4207232
6229.2800000003135 0.42487472
6230.280100000314 0.4305935
6231.280200000314 0.43642282
6232.280300000314 0.4435798
6233.280400000314 0.45083055
6234.2805000003145 0.45733103
6235.280600000315 0.4637784
6236.280700000315 0.468589
6237.280800000315 0.47328377
6238.280900000315 0.47764015
6239.2810000003155 0.48197258
6240.281100000316 0.48757726
6241.281200000316 0.49327227
6242.281300000316 0.50041306
6243.281400000316 0.5076567
6244.281500000317 0.51533455
6245.281600000317 0.5230433
6246.281700000317 0.53017855
6247.281800000317 0.5372729
6248.281900000317 0.5428492
6249.282000000318 0.54831725
6250.282100000318 0.5520944
6251.282200000318 0.5557508
6252.282300000318 0.558664
6253.282400000318 0.5615241
6254.282500000319 0.5647405
6255.282600000319 0.56798244
6256.282700000319 0.5720195
6257.282800000319 0.5761137
6258.282900000319 0.5807745
6259.28300000032 0.58547604
6260.28310000032 0.59014684
6261.28320000032 0.5948155
6262.28330000032 0.59886
6263.28340000032 0.60285956
6264.283500000321 0.60620755
6265.283600000321 0.60950845
6266.283700000321 0.6125524
6267.283800000321 0.6155778
6268.283900000321 0.6186436
6269.284000000322 0.62171227
6270.284100000322 0.62499267
6271.284200000322 0.6282884
6272.284300000322 0.63177335
6273.284400000322 0.6352721
6274.284500000323 0.6385166
6275.284600000323 0.6417426
6276.284700000323 0.64425796
6277.284800000323 0.64672166
6278.284900000323 0.6486532
6279.285000000324 0.65054595
6280.285100000324 0.6523904
6281.285200000324 0.65423137
6282.285300000324 0.656511
6283.285400000324 0.6588227
6284.285500000325 0.6619714
6285.285600000325 0.6651813
6286.285700000325 0.6690619
6287.285800000325 0.6729917
6288.2859000003255 0.67681324
6289.286000000326 0.68062687
6290.286100000326 0.68379754
6291.286200000326 0.68692094
6292.286300000326 0.68973523
6293.2864000003265 0.6925268
6294.286500000327 0.69551563
6295.286600000327 0.69851905
6296.286700000327 0.7016135
6297.286800000327 0.70471466
6298.2869000003275 0.70730066
6299.287000000328 0.70984864
6300.287100000328 0.711476
6301.287200000328 0.71303535
6302.287300000328 0.7137875
6303.2874000003285 0.71447986
6304.287500000329 0.71500695
6305.287600000329 0.71552175
6306.287700000329 0.7166676
6307.287800000329 0.71786016
6308.2879000003295 0.7200781
6309.28800000033 0.72237223
6310.28810000033 0.7251671
6311.28820000033 0.7279992
6312.28830000033 0.73041016
6313.2884000003305 0.73278964
6314.288500000331 0.7342869
6315.288600000331 0.7357183
6316.288700000331 0.7362095
6317.288800000331 0.7366304
6318.2889000003315 0.73644286
6319.289000000332 0.73620987
6320.289100000332 0.7362826
6321.289200000332 0.73637825
6322.289300000332 0.7377107
6323.2894000003325 0.7391359
6324.289500000333 0.7415186
6325.289600000333 0.7439733
6326.289700000333 0.7460824
6327.289800000333 0.74816555
6328.289900000334 0.7492207
6329.290000000334 0.75019854
6330.290100000334 0.7503258
6331.290200000334 0.7503889
6332.290300000334 0.7503174
6333.290400000335 0.7502358
6334.290500000335 0.75087655
6335.290600000335 0.75157195
6336.290700000335 0.7532244
6337.290800000335 0.7549493
6338.290900000336 0.7568465
6339.291000000336 0.7587567
6340.291100000336 0.75979376
6341.291200000336 0.76076454
6342.291300000336 0.76087815
6343.291400000337 0.76092666
6344.291500000337 0.76100886
6345.291600000337 0.7610936
6346.291700000337 0.7617181
6347.291800000337 0.76238376
6348.291900000338 0.7633713
6349.292000000338 0.7643834
6350.292100000338 0.7651829
6351.292200000338 0.76596624
6352.292300000338 0.7662078
6353.292400000339 0.7664079
6354.292500000339 0.7661745
6355.292600000339 0.7659079
6356.292700000339 0.7656961
6357.292800000339 0.7654885
6358.29290000034 0.76571393
6359.29300000034 0.76597255
6360.29310000034 0.76656
6361.29320000034 0.76717275
6362.29330000034 0.76805127
6363.293400000341 0.7689502
6364.293500000341 0.77013755
6365.293600000341 0.7713471
6366.293700000341 0.77242774
6367.293800000341 0.7734985
6368.293900000342 0.7735868
6369.294000000342 0.77359927
6370.294100000342 0.7725716
6371.294200000342 0.7714635
6372.294300000342 0.7703652
6373.294400000343 0.7692675
6374.294500000343 0.76901245
6375.294600000343 0.7688228
6376.294700000343 0.76940054
6377.2948000003435 0.7700379
6378.294900000344 0.7708038
6379.295000000344 0.7715798
6380.295100000344 0.7717863
6381.295200000344 0.7719484
6382.2953000003445 0.7713456
6383.295400000345 0.7706832
6384.295500000345 0.7696877
6385.295600000345 0.7686662
6386.295700000345 0.7679029
6387.2958000003455 0.76715976
6388.295900000346 0.76655185
6389.296000000346 0.76595455
6390.296100000346 0.76474667
6391.296200000346 0.763491
6392.2963000003465 0.76154757
6393.296400000347 0.75955015
6394.296500000347 0.75783294
6395.296600000347 0.7561378
6396.296700000347 0.7553329
6397.2968000003475 0.754598
6398.296900000348 0.7541999
6399.297000000348 0.75382835
6400.297100000348 0.75281966
6401.297200000348 0.7517607
6402.2973000003485 0.7502818
6403.297400000349 0.7487698
6404.297500000349 0.747835
6405.297600000349 0.7469458
6406.297700000349 0.7467894
6407.2978000003495 0.746691
6408.29790000035 0.74628323
6409.29800000035 0.745851
6410.29810000035 0.7443628
6411.29820000035 0.7427908
6412.2983000003505 0.74054116
6413.298400000351 0.73823756
6414.298500000351 0.7361774
6415.298600000351 0.7341365
6416.298700000351 0.7326067
6417.298800000352 0.7311176
6418.298900000352 0.7298521
6419.299000000352 0.7286044
6420.299100000352 0.7274074
6421.299200000352 0.7262145
6422.299300000353 0.72506386
6423.299400000353 0.7239166
6424.299500000353 0.72278064
6425.299600000353 0.72164553
6426.299700000353 0.7204508
6427.299800000354 0.71925133
6428.299900000354 0.71790504
6429.300000000354 0.71654695
6430.300100000354 0.71505
6431.300200000354 0.71354187
6432.300300000355 0.7121684
6433.300400000355 0.7108058
6434.300500000355 0.7098962
6435.300600000355 0.70902306
6436.300700000355 0.70840377
6437.300800000356 0.7078049
6438.300900000356 0.7069226
6439.301000000356 0.70601743
6440.301100000356 0.704314
6441.301200000356 0.70254594
6442.301300000357 0.70005417
6443.301400000357 0.6975038
6444.301500000357 0.694975
6445.301600000357 0.69244796
6446.301700000357 0.690834
6447.301800000358 0.6892941
6448.301900000358 0.68898475
6449.302000000358 0.68877524
6450.302100000358 0.68936497
6451.302200000358 0.69001967
6452.302300000359 0.69071794
6453.302400000359 0.6914198
6454.302500000359 0.69153625
6455.302600000359 0.69160503
6456.302700000359 0.6907873
6457.30280000036 0.6898972
6458.30290000036 0.6881443
6459.30300000036 0.68632096
6460.30310000036 0.68395746
6461.30320000036 0.68154967
6462.303300000361 0.6792351
6463.303400000361 0.6769281
6464.303500000361 0.6753038
6465.303600000361 0.67373556
6466.3037000003615 0.6725714
6467.303800000362 0.67144054
6468.303900000362 0.6698182
6469.304000000362 0.6681555
6470.304100000362 0.6659321
6471.3042000003625 0.66366255
6472.304300000363 0.6618029
6473.304400000363 0.659977
6474.304500000363 0.65934926
6475.304600000363 0.6588204
6476.3047000003635 0.6594609
6477.304800000364 0.6601981
6478.304900000364 0.6614979
6479.305000000364 0.6628443
6480.305100000364 0.66386974
6481.3052000003645 0.66486865
6482.305300000365 0.6647339
6483.305400000365 0.66450506
6484.305500000365 0.6631696
6485.305600000365 0.6617422
6486.3057000003655 0.66000926
6487.305800000366 0.65825087
6488.305900000366 0.65669864
6489.306000000366 0.6551635
6490.306100000366 0.6538418
6491.3062000003665 0.65253776
6492.306300000367 0.6513913
6493.306400000367 0.65025806
6494.306500000367 0.6493844
6495.306600000367 0.6485324
6496.3067000003675 0.64786655
6497.306800000368 0.6472163
6498.306900000368 0.6468234
6499.307000000368 0.64645207
6500.307100000368 0.64678574
6501.3072000003685 0.64717853
6502.307300000369 0.6483876
6503.307400000369 0.6496652
6504.307500000369 0.6512963
6505.307600000369 0.65295714
6506.30770000037 0.65431637
6507.30780000037 0.65565026
6508.30790000037 0.6563673
6509.30800000037 0.6570324
6510.30810000037 0.65698516
6511.308200000371 0.6568779
6512.308300000371 0.6562112
6513.308400000371 0.65549725
6514.308500000371 0.6545994
6515.308600000371 0.6536861
6516.308700000372 0.6525433
6517.308800000372 0.6513811
6518.308900000372 0.6496076
6519.309000000372 0.6477823
6520.309100000372 0.6455171
6521.309200000373 0.6432145
6522.309300000373 0.64142877
6523.309400000373 0.6396868
6524.309500000373 0.6392728
6525.309600000373 0.63897175
6526.309700000374 0.6398634
6527.309800000374 0.6408566
6528.309900000374 0.6421972
6529.310000000374 0.6435674
6530.310100000374 0.6445653
6531.310200000375 0.6455314
6532.310300000375 0.6460123
6533.310400000375 0.6464518
6534.310500000375 0.64672804
6535.310600000375 0.64699036
6536.310700000376 0.6474003
6537.310800000376 0.647823
6538.310900000376 0.64812523
6539.311000000376 0.6484171
6540.311100000376 0.6480229
6541.311200000377 0.6475697
6542.311300000377 0.64630103
6543.311400000377 0.6449624
6544.311500000377 0.64336026
6545.311600000377 0.6417355
6546.311700000378 0.6403702
6547.311800000378 0.6390273
6548.311900000378 0.6382575
6549.312000000378 0.6375372
6550.312100000378 0.63784647
6551.312200000379 0.6382446
6552.312300000379 0.6399298
6553.312400000379 0.64172626
6554.312500000379 0.64407206
6555.3126000003795 0.64646536
6556.31270000038 0.64811015
6557.31280000038 0.6496901
6558.31290000038 0.6499763
6559.31300000038 0.65015036
6560.3131000003805 0.64912796
6561.313200000381 0.6480017
6562.313300000381 0.6460787
6563.313400000381 0.6440865
6564.313500000381 0.64220047
6565.3136000003815 0.6403237
6566.313700000382 0.6390822
6567.313800000382 0.63789606
6568.313900000382 0.63682276
6569.314000000382 0.6357593
6570.3141000003825 0.63403445
6571.314200000383 0.63225186
6572.314300000383 0.63041157
6573.314400000383 0.62856627
6574.314500000383 0.6279247
6575.3146000003835 0.62738854
6576.314700000384 0.6279539
6577.314800000384 0.62861586
6578.314900000384 0.6289158
6579.315000000384 0.6291839
6580.3151000003845 0.6281347
6581.315200000385 0.6269697
6582.315300000385 0.6248291
6583.315400000385 0.62260276
6584.315500000385 0.6204664
6585.3156000003855 0.61833805
6586.315700000386 0.6170403
6587.315800000386 0.6158157
6588.315900000386 0.6154634
6589.316000000386 0.61518806
6590.3161000003865 0.6153738
6591.316200000387 0.6156003
6592.316300000387 0.61559033
6593.316400000387 0.6155594
6594.316500000387 0.614709
6595.316600000388 0.61378616
6596.316700000388 0.61205167
6597.316800000388 0.6102453
6598.316900000388 0.60839283
6599.317000000388 0.6065363
6600.317100000389 0.6056761
6601.317200000389 0.6049044
6602.317300000389 0.60533357
6603.317400000389 0.60586953
6604.317500000389 0.6067276
6605.31760000039 0.60761434
6606.31770000039 0.6076272
6607.31780000039 0.6075622
6608.31790000039 0.60639405
6609.31800000039 0.6051275
6610.318100000391 0.6034745
6611.318200000391 0.60178703
6612.318300000391 0.6005032
6613.318400000391 0.5992555
6614.318500000391 0.598935
6615.318600000392 0.5986976
6616.318700000392 0.5995003
6617.318800000392 0.6003963
6618.318900000392 0.6016415
6619.319000000392 0.602918
6620.319100000393 0.6032243
6621.319200000393 0.6034434
6622.319300000393 0.6022518
6623.319400000393 0.6009335
6624.319500000393 0.59863263
6625.319600000394 0.5962434
6626.319700000394 0.5936749
6627.319800000394 0.59109026
6628.319900000394 0.5895053
6629.320000000394 0.58801067
6630.320100000395 0.588382
6631.320200000395 0.5889221
6632.320300000395 0.5905903
6633.320400000395 0.5923606
6634.320500000395 0.59322375
6635.320600000396 0.59400475
6636.320700000396 0.5931917
6637.320800000396 0.5922341
6638.320900000396 0.5906872
6639.321000000396 0.5890869
6640.321100000397 0.58771485
6641.321200000397 0.58636355
6642.321300000397 0.58523214
6643.321400000397 0.58412075
6644.3215000003975 0.58288044
6645.321600000398 0.5816284
6646.321700000398 0.58010095
6647.321800000398 0.57854843
6648.321900000398 0.5768299
6649.3220000003985 0.5750963
6650.322100000399 0.5734449
6651.322200000399 0.571801
6652.322300000399 0.57044744
6653.322400000399 0.5691204
6654.3225000003995 0.56807196
6655.3226000004 0.56704897
6656.3227000004 0.5660308
6657.3228000004 0.5650131
6658.3229000004 0.56379694
6659.3230000004005 0.5625626
6660.323100000401 0.56125236
6661.323200000401 0.5599352
6662.323300000401 0.55885583
6663.323400000401 0.5577984
6664.3235000004015 0.5570667
6665.323600000402 0.556365
6666.323700000402 0.55563265
6667.323800000402 0.5548974
6668.323900000402 0.55392927
6669.3240000004025 0.5529396
6670.324100000403 0.5518714
6671.324200000403 0.55079603
6672.324300000403 0.5498167
6673.324400000403 0.54884636
6674.3245000004035 0.5479666
6675.324600000404 0.5470951
6676.324700000404 0.54614615
6677.324800000404 0.54519
6678.324900000404 0.5441552
6679.3250000004045 0.5431132
6680.325100000405 0.5422298
6681.325200000405 0.54136115
6682.325300000405 0.54077744
6683.325400000405 0.5402203
6684.325500000406 0.53964275
6685.325600000406 0.53906333
6686.325700000406 0.5381092
6687.325800000406 0.53712004
6688.325900000406 0.535641
6689.326000000407 0.53411627
6690.326100000407 0.53230375
6691.326200000407 0.53046435
6692.326300000407 0.5287265
6693.326400000407 0.52699816
6694.326500000408 0.5257858
6695.326600000408 0.5246217
6696.326700000408 0.52407956
6697.326800000408 0.52359575
6698.326900000408 0.52334255
6699.327000000409 0.52311105
6700.327100000409 0.5227641
6701.327200000409 0.52240634
6702.327300000409 0.5218297
6703.327400000409 0.52123255
6704.32750000041 0.52037954
6705.32760000041 0.51950246
6706.32770000041 0.5182098
6707.32780000041 0.516878
6708.32790000041 0.5150978
6709.328000000411 0.51327527
6710.328100000411 0.51141685
6711.328200000411 0.50955504
6712.328300000411 0.50818354
6713.328400000411 0.5068584
6714.328500000412 0.50604546
6715.328600000412 0.5052809
6716.328700000412 0.5044747
6717.328800000412 0.50366455
6718.328900000412 0.5023886
6719.329000000413 0.5010685
6720.329100000413 0.49939454
6721.329200000413 0.49768704
6722.329300000413 0.49622062
6723.329400000413 0.49477714
6724.329500000414 0.494088
6725.329600000414 0.4934706
6726.329700000414 0.49357525
6727.329800000414 0.49374864
6728.329900000414 0.49401957
6729.330000000415 0.4942998
6730.330100000415 0.49399528
6731.330200000415 0.49363494
6732.330300000415 0.49265638
6733.3304000004155 0.49161875
6734.330500000416 0.49045804
6735.330600000416 0.48928556
6736.330700000416 0.48828277
6737.330800000416 0.48729622
6738.3309000004165 0.48644853
6739.331000000417 0.48561415
6740.331100000417 0.48516777
6741.331200000417 0.4847586
6742.331300000417 0.4849774
6743.3314000004175 0.48525652
6744.331500000418 0.48582333
6745.331600000418 0.4864178
6746.331700000418 0.48669478
6747.331800000418 0.4869412
6748.3319000004185 0.48650306
6749.332000000419 0.48599896
6750.332100000419 0.48501006
6751.332200000419 0.48397434
6752.332300000419 0.4830134
6753.3324000004195 0.48205966
6754.33250000042 0.48169228
6755.33260000042 0.48138157
6756.33270000042 0.4814687
6757.33280000042 0.48159435
6758.3329000004205 0.48119742
6759.333000000421 0.48074988
6760.333100000421 0.47948468
6761.333200000421 0.47814018
6762.333300000421 0.47681937
6763.3334000004215 0.47550088
6764.333500000422 0.47498608
6765.333600000422 0.47454938
6766.333700000422 0.47463325
6767.333800000422 0.47476774
6768.333900000423 0.47442052
6769.334000000423 0.4740264
6770.334100000423 0.47295696
6771.334200000423 0.4718217
6772.334300000423 0.470754
6773.334400000424 0.46969292
6774.334500000424 0.46886513
6775.334600000424 0.4680601
6776.334700000424 0.46668845
6777.334800000424 0.4652614
6778.334900000425 0.46289805
6779.335000000425 0.460443
6780.335100000425 0.4578536
6781.335200000425 0.455251
6782.335300000425 0.4535728
6783.335400000426 0.45198524
6784.335500000426 0.45136082
6785.335600000426 0.45083097
6786.335700000426 0.45070517
6787.335800000426 0.4506191
6788.335900000427 0.4505677
6789.336000000427 0.4505197
6790.336100000427 0.450206
6791.336200000427 0.44986612
6792.336300000427 0.44910443
6793.336400000428 0.44830114
6794.336500000428 0.44723237
6795.336600000428 0.4461374
6796.336700000428 0.44496614
6797.336800000428 0.44378734
6798.336900000429 0.44234115
6799.337000000429 0.44086853
6800.337100000429 0.43879172
6801.337200000429 0.4366551
6802.337300000429 0.43427137
6803.33740000043 0.43186316
6804.33750000043 0.4299959
6805.33760000043 0.42818233
6806.33770000043 0.42713922
6807.33780000043 0.42617267
6808.337900000431 0.4256252
6809.338000000431 0.4251194
6810.338100000431 0.42480415
6811.338200000431 0.42450786
6812.338300000431 0.42441165
6813.338400000432 0.42433542
6814.338500000432 0.42432627
6815.338600000432 0.42432383
6816.338700000432 0.4243461
6817.3388000004325 0.42437083
6818.338900000433 0.424659
6819.339000000433 0.42497352
6820.339100000433 0.42556822
6821.339200000433 0.42619094
6822.3393000004335 0.4267658
6823.339400000434 0.42733586
6824.339500000434 0.4275592
6825.339600000434 0.4277478
6826.339700000434 0.4275794
6827.3398000004345 0.4273752
6828.339900000435 0.42702466
6829.340000000435 0.4266594
6830.340100000435 0.42647877
6831.340200000435 0.42631668
6832.3403000004355 0.42642936
6833.340400000436 0.4265697
6834.340500000436 0.42645797
6835.340600000436 0.42632085
6836.340700000436 0.4251968
6837.3408000004365 0.42397323
6838.340900000437 0.4220176
6839.341000000437 0.41998807
6840.341100000437 0.41852412
6841.341200000437 0.41711733
6842.3413000004375 0.41716635
6843.341400000438 0.41736266
6844.341500000438 0.4184815
6845.341600000438 0.4196938
6846.341700000438 0.42059174
6847.3418000004385 0.42145786
6848.341900000439 0.4213116
6849.342000000439 0.42106265
6850.342100000439 0.41981992
6851.342200000439 0.41847625
6852.3423000004395 0.41646388
6853.34240000044 0.4143835
6854.34250000044 0.4120746
6855.34260000044 0.40974247
6856.34270000044 0.4075508
6857.342800000441 0.40537345
6858.342900000441 0.40356144
6859.343000000441 0.4017867
6860.343100000441 0.4003341
6861.343200000441 0.39891437
6862.343300000442 0.39737254
6863.343400000442 0.39581826
6864.343500000442 0.39345613
6865.343600000442 0.3910114
6866.343700000442 0.3878929
6867.343800000443 0.3847054
6868.343900000443 0.38211626
6869.344000000443 0.37958845
6870.344100000443 0.3785192
6871.344200000443 0.3775997
6872.344300000444 0.3772744
6873.344400000444 0.37701014
6874.344500000444 0.37550494
6875.344600000444 0.37387222
6876.344700000444 0.37043253
6877.344800000445 0.36680692
6878.344900000445 0.36227924
6879.345000000445 0.35765862
6880.345100000445 0.3533571
6881.345200000445 0.34908852
6882.345300000446 0.34624317
6883.345400000446 0.34354475
6884.345500000446 0.3427313
6885.345600000446 0.34211272
6886.345700000446 0.34308228
6887.345800000447 0.344216
6888.345900000447 0.34616786
6889.346000000447 0.34820443
6890.346100000447 0.350291
6891.346200000447 0.3523828
6892.346300000448 0.35386717
6893.346400000448 0.3552885
6894.346500000448 0.35588205
6895.346600000448 0.35638958
6896.346700000448 0.3564414
6897.346800000449 0.35644588
6898.346900000449 0.35650852
6899.347000000449 0.35657722
6900.347100000449 0.35691032
6901.347200000449 0.35727096
6902.34730000045 0.35757023
6903.34740000045 0.35786307
6904.34750000045 0.3577316
6905.34760000045 0.35755587
6906.3477000004505 0.3569825
6907.347800000451 0.3563676
6908.347900000451 0.35581854
6909.348000000451 0.35527638
6910.348100000451 0.35550946
6911.3482000004515 0.35582373
6912.348300000452 0.35708255
6913.348400000452 0.35844034
6914.348500000452 0.36005482
6915.348600000452 0.36169618
6916.3487000004525 0.36266455
6917.348800000453 0.36356226
6918.348900000453 0.36350575
6919.349000000453 0.36334896
6920.349100000453 0.36245164
6921.3492000004535 0.36147642
6922.349300000454 0.36004266
6923.349400000454 0.3585606
6924.349500000454 0.35715753
6925.349600000454 0.35576278
6926.3497000004545 0.35517013
6927.349800000455 0.35466206
6928.349900000455 0.35555127
6929.350000000455 0.356588
6930.350100000455 0.3587495
6931.3502000004555 0.36102986
6932.350300000456 0.36311713
6933.350400000456 0.365184
6934.350500000456 0.36582258
6935.350600000456 0.36630985
6936.3507000004565 0.3656228
6937.350800000457 0.36481118
6938.350900000457 0.36402377
6939.351000000457 0.36323893
6940.351100000457 0.36291185
6941.3512000004575 0.3626334
6942.351300000458 0.3623372
6943.351400000458 0.36203912
6944.351500000458 0.3613209
6945.351600000458 0.36055797
6946.351700000459 0.359367
6947.351800000459 0.35813043
6948.351900000459 0.3567366
6949.352000000459 0.35532597
6950.352100000459 0.35419744
6951.35220000046 0.35309902
6952.35230000046 0.35259068
6953.35240000046 0.3521454
6954.35250000046 0.35241938
6955.35260000046 0.35277027
6956.352700000461 0.35397768
6957.352800000461 0.35527676
6958.352900000461 0.35711125
6959.353000000461 0.35900313
6960.353100000461 0.3602551
6961.353200000462 0.36143845
6962.353300000462 0.36092204
6963.353400000462 0.36022308
6964.353500000462 0.35847312
6965.353600000462 0.35661018
6966.353700000463 0.3553668
6967.353800000463 0.35419002
6968.353900000463 0.35400555
6969.354000000463 0.35392785
6970.354100000463 0.353739
6971.354200000464 0.35353816
6972.354300000464 0.35255125
6973.354400000464 0.3514795
6974.354500000464 0.35028076
6975.354600000464 0.34906825
6976.354700000465 0.34889668
6977.354800000465 0.34883764
6978.354900000465 0.35025388
6979.355000000465 0.35182983
6980.355100000465 0.35456085
6981.355200000466 0.35741696
6982.355300000466 0.36048445
6983.355400000466 0.36357483
6984.355500000466 0.36552685
6985.355600000466 0.36735535
6986.355700000467 0.3673787
6987.355800000467 0.367206
6988.355900000467 0.36553922
6989.356000000467 0.36370996
6990.356100000467 0.361169
6991.356200000468 0.3585506
6992.356300000468 0.35613137
6993.356400000468 0.35373387
6994.356500000468 0.35252097
6995.3566000004685 0.3514372
6996.356700000469 0.35152212
6997.356800000469 0.35173455
6998.356900000469 0.35198027
6999.357000000469 0.35222962
7000.3571000004695 0.3518086
7001.35720000047 0.35131428
7002.35730000047 0.3505824
7003.35740000047 0.3498245
7004.35750000047 0.34923634
7005.3576000004705 0.34866685
7006.357700000471 0.34839344
7007.357800000471 0.34815255
7008.357900000471 0.34797037
7009.358000000471 0.34779465
7010.3581000004715 0.3474004
7011.358200000472 0.34698215
7012.358300000472 0.34596774
7013.358400000472 0.34488776
7014.358500000472 0.34321994
7015.3586000004725 0.3414874
7016.358700000473 0.34001195
7017.358800000473 0.33856484
