3498.398 5.1993386e-16
3500.53885 2.9330932e-15
3502.6796999999997 5.3462526e-15
3504.8205499999995 3.50859e-15
3506.9613999999992 1.6703317e-15
3509.102249999999 2.5021813e-15
3511.243099999999 3.3347793e-15
3513.3839499999985 3.182532e-15
3515.5247999999983 3.0298703e-15
3517.665649999998 1.7723897e-15
3519.806499999998 5.141859e-16
3521.9473499999976 -1.1867339e-15
3524.0881999999974 -2.8880056e-15
3526.229049999997 -8.698727e-16
3528.369899999997 1.1517381e-15
3530.5107499999967 1.5682451e-15
3532.6515999999965 1.9830259e-15
3534.7924499999963 5.9802406e-15
3536.933299999996 9.9818115e-15
3539.074149999996 6.4060128e-15
3541.2149999999956 2.8202913e-15
3543.3558499999954 2.0899896e-15
3545.496699999995 1.3638286e-15
3547.637549999995 1.1074328e-15
3549.7783999999947 8.517841e-16
3551.9192499999945 2.5630762e-15
3554.0600999999942 4.277774e-15
3556.200949999994 2.9281192e-15
3558.341799999994 1.572441e-15
3560.4826499999936 -5.5579073e-16
3562.6234999999933 -2.6856497e-15
3564.764349999993 -2.595976e-16
3566.905199999993 2.1766924e-15
3569.0460499999926 4.6516885e-15
3571.1868999999924 7.126777e-15
3573.327749999992 6.888218e-15
3575.468599999992 6.642925e-15
3577.6094499999917 7.498316e-15
3579.7502999999915 8.356595e-15
3581.8911499999913 6.033399e-15
3584.031999999991 3.7014116e-15
3586.172849999991 7.9915085e-15
3588.3136999999906 1.23008395e-14
3590.4545499999904 8.610738e-15
3592.59539999999 4.896275e-15
3594.73624999999 4.74317e-15
3596.8770999999897 4.6017487e-15
3599.0179499999895 5.24033e-15
3601.1587999999892 5.88158e-15
3603.299649999989 4.1687883e-15
3605.440499999989 2.44761e-15
3607.5813499999886 3.951593e-15
3609.7221999999883 5.46737e-15
3611.863049999988 7.469616e-15
3614.003899999988 9.4737095e-15
3616.1447499999877 5.4673554e-15
3618.2855999999874 1.4373253e-15
3620.426449999987 1.8926017e-15
3622.567299999987 2.3661802e-15
3624.7081499999867 2.348583e-15
3626.8489999999865 2.3289126e-15
3628.9898499999863 1.0577762e-15
3631.130699999986 -2.1893823e-16
3633.271549999986 -5.9328745e-16
3635.4123999999856 -9.63487e-16
3637.5532499999854 1.0467144e-15
3639.694099999985 3.0681992e-15
3641.834949999985 4.0917904e-15
3643.9757999999847 5.110557e-15
3646.1166499999845 3.402492e-15
3648.2574999999842 1.680858e-15
3650.398349999984 2.4335547e-15
3652.539199999984 3.1989137e-15
3654.6800499999836 2.3136e-15
3656.8208999999833 1.4196052e-15
3658.961749999983 2.6369404e-15
3661.102599999983 3.8656784e-15
3663.2434499999827 4.226935e-15
3665.3842999999824 4.5833842e-15
3667.525149999982 3.6982043e-15
3669.665999999982 2.80585e-15
3671.8068499999818 2.7995716e-15
3673.9476999999815 2.7985388e-15
3676.0885499999813 3.3323252e-15
3678.229399999981 3.8693282e-15
3680.370249999981 3.9719285e-15
3682.5110999999806 4.0718542e-15
3684.6519499999804 4.8603737e-15
3686.79279999998 5.6532305e-15
3688.93364999998 4.4994115e-15
3691.0744999999797 3.3330547e-15
3693.2153499999795 3.801987e-15
3695.3561999999793 4.2816834e-15
3697.497049999979 4.9629774e-15
3699.637899999979 5.645627e-15
3701.7787499999786 6.025872e-15
3703.9195999999783 6.404055e-15
3706.060449999978 5.7255586e-15
3708.201299999978 5.0395568e-15
3710.3421499999777 5.108444e-15
3712.4829999999774 5.1828006e-15
3714.623849999977 5.371954e-15
3716.764699999977 5.5619504e-15
3718.9055499999768 5.1342474e-15
3721.0463999999765 4.7019222e-15
3723.1872499999763 4.468281e-15
3725.328099999976 4.236154e-15
3727.468949999976 3.617871e-15
3729.6097999999756 2.996588e-15
3731.7506499999754 3.664237e-15
3733.891499999975 4.3420806e-15
3736.032349999975 3.9918943e-15
3738.1731999999747 3.633479e-15
3740.3140499999745 3.819236e-15
3742.4548999999743 4.009426e-15
3744.595749999974 3.7010147e-15
3746.736599999974 3.3883997e-15
3748.8774499999736 4.149058e-15
3751.0182999999734 4.9188677e-15
3753.159149999973 5.367377e-15
3755.299999999973 5.8131016e-15
3757.4408499999727 5.7223534e-15
3759.5816999999724 5.6268784e-15
3761.722549999972 4.9705257e-15
3763.863399999972 4.30915e-15
3766.0042499999718 3.918355e-15
3768.1450999999715 3.5300206e-15
3770.2859499999713 3.936685e-15
3772.426799999971 4.3506954e-15
3774.567649999971 3.5474062e-15
3776.7084999999706 2.7327536e-15
3778.8493499999704 3.673243e-15
3780.99019999997 4.630368e-15
3783.13104999997 4.4261033e-15
3785.2718999999697 4.2106656e-15
3787.4127499999695 4.267739e-15
3789.5535999999693 4.327499e-15
3791.694449999969 4.6283507e-15
3793.835299999969 4.9316134e-15
3795.9761499999686 4.0843636e-15
3798.1169999999684 3.2254428e-15
3800.257849999968 2.6026597e-15
3802.398699999968 1.982306e-15
3804.5395499999677 2.3157682e-15
3806.6803999999674 2.6591793e-15
3808.821249999967 2.7720153e-15
3810.962099999967 2.8824241e-15
3813.1029499999668 2.4947985e-15
3815.2437999999665 2.1018593e-15
3817.3846499999663 2.6186854e-15
3819.525499999966 3.1453482e-15
3821.666349999966 3.365538e-15
3823.8071999999656 3.5823704e-15
3825.9480499999654 3.400846e-15
3828.088899999965 3.214862e-15
3830.229749999965 2.9223695e-15
3832.3705999999647 2.6286693e-15
3834.5114499999645 3.3753515e-15
3836.6522999999643 4.1339786e-15
3838.793149999964 4.1042312e-15
3840.933999999964 4.0653202e-15
3843.0748499999636 3.5480205e-15
3845.2156999999634 3.0251142e-15
3847.356549999963 3.12338e-15
3849.497399999963 3.2290152e-15
3851.6382499999627 3.8983336e-15
3853.7790999999625 4.5744205e-15
3855.9199499999622 4.9048476e-15
3858.060799999962 5.2310747e-15
3860.201649999962 5.193874e-15
3862.3424999999615 5.1521707e-15
3864.4833499999613 5.3485082e-15
3866.624199999961 5.5478295e-15
3868.765049999961 5.372057e-15
3870.9058999999606 5.1915297e-15
3873.0467499999604 4.986433e-15
3875.18759999996 4.781021e-15
3877.32844999996 5.027082e-15
3879.4692999999597 5.2789744e-15
3881.6101499999595 5.4466006e-15
3883.7509999999593 5.613126e-15
3885.891849999959 6.043675e-15
3888.032699999959 6.4777107e-15
3890.1735499999586 6.4520837e-15
3892.3143999999584 6.4203213e-15
3894.455249999958 6.2267654e-15
3896.596099999958 6.0310114e-15
3898.7369499999577 6.5853635e-15
3900.8777999999575 7.150016e-15
3903.0186499999572 6.9056136e-15
3905.159499999957 6.6499845e-15
3907.300349999957 6.711419e-15
3909.4411999999566 6.7772982e-15
3911.5820499999563 6.8037786e-15
3913.722899999956 6.8297025e-15
3915.863749999956 6.8283116e-15
3918.0045999999556 6.8265316e-15
3920.1454499999554 7.79936e-15
3922.286299999955 8.786227e-15
3924.427149999955 8.12453e-15
3926.5679999999547 7.438848e-15
3928.7088499999545 7.456733e-15
3930.8496999999543 7.485022e-15
3932.990549999954 7.7551575e-15
3935.131399999954 8.028904e-15
3937.2722499999536 8.076299e-15
3939.4130999999534 8.120281e-15
3941.553949999953 8.147476e-15
3943.694799999953 8.174415e-15
3945.8356499999527 8.1805095e-15
3947.9764999999525 8.186284e-15
3950.1173499999522 7.983422e-15
3952.258199999952 7.777334e-15
3954.399049999952 7.971672e-15
3956.5398999999516 8.1722594e-15
3958.6807499999513 8.6292456e-15
3960.821599999951 9.09027e-15
3962.962449999951 9.357777e-15
3965.1032999999507 9.622207e-15
3967.2441499999504 9.3872655e-15
3969.38499999995 9.144265e-15
3971.52584999995 9.305768e-15
3973.6666999999497 9.473858e-15
3975.8075499999495 9.778027e-15
3977.9483999999493 1.0084432e-14
3980.089249999949 1.0198155e-14
3982.230099999949 1.0308684e-14
3984.3709499999486 9.8993935e-15
3986.5117999999484 9.481439e-15
3988.652649999948 9.25578e-15
3990.793499999948 9.033354e-15
3992.9343499999477 9.266634e-15
3995.0751999999475 9.507641e-15
3997.2160499999472 9.642149e-15
3999.356899999947 9.774835e-15
4001.497749999947 9.266728e-15
4003.6385999999466 8.747507e-15
4005.7794499999463 8.433116e-15
4007.920299999946 8.122307e-15
4010.061149999946 7.968592e-15
4012.2019999999457 7.817648e-15
4014.3428499999454 7.5880684e-15
4016.483699999945 7.35709e-15
4018.624549999945 7.360079e-15
4020.7653999999447 7.36725e-15
4022.9062499999445 7.075861e-15
4025.0470999999443 6.7790906e-15
4027.187949999944 6.6954956e-15
4029.328799999944 6.6157737e-15
4031.4696499999436 6.657265e-15
4033.6104999999434 6.7009763e-15
4035.751349999943 6.561858e-15
4037.892199999943 6.419365e-15
4040.0330499999427 6.1859744e-15
4042.1738999999425 5.9508846e-15
4044.3147499999423 6.1496214e-15
4046.455599999942 6.3565338e-15
4048.596449999942 6.5220597e-15
4050.7372999999416 6.6867995e-15
4052.8781499999413 6.743264e-15
4055.018999999941 6.797662e-15
4057.159849999941 6.4001873e-15
4059.3006999999407 5.9940215e-15
4061.4415499999404 6.119054e-15
4063.58239999994 6.254381e-15
4065.72324999994 6.1570283e-15
4067.8640999999398 6.055132e-15
4070.0049499999395 6.3322116e-15
4072.1457999999393 6.616746e-15
4074.286649999939 6.4620372e-15
4076.427499999939 6.2986242e-15
4078.5683499999386 6.344348e-15
4080.7091999999384 6.394236e-15
4082.850049999938 6.3035917e-15
4084.990899999938 6.2101076e-15
4087.1317499999377 6.2705345e-15
4089.2725999999375 6.334086e-15
4091.4134499999373 6.3252766e-15
4093.554299999937 6.3149872e-15
4095.695149999937 6.107416e-15
4097.835999999937 5.8957813e-15
4099.976849999936 6.1470418e-15
4102.117699999936 6.407903e-15
4104.258549999936 6.1650704e-15
4106.399399999936 5.9116687e-15
4108.540249999935 5.9053786e-15
4110.681099999935 5.9042855e-15
4112.821949999935 5.6721002e-15
4114.962799999935 5.434998e-15
4117.1036499999345 5.3903373e-15
4119.244499999934 5.3497707e-15
4121.385349999934 5.500102e-15
4123.526199999934 5.6545506e-15
4125.667049999934 5.775198e-15
4127.807899999933 5.895117e-15
4129.948749999933 5.9527337e-15
4132.089599999933 6.008992e-15
4134.230449999933 5.898188e-15
4136.3712999999325 5.7836994e-15
4138.512149999932 6.0156026e-15
4140.652999999932 6.2551626e-15
4142.793849999932 6.1308596e-15
4144.934699999932 5.998425e-15
4147.075549999931 5.7605305e-15
4149.216399999931 5.5202793e-15
4151.357249999931 5.5413234e-15
4153.498099999931 5.568284e-15
4155.63894999993 5.5854204e-15
4157.77979999993 5.6023344e-15
4159.92064999993 5.332054e-15
4162.06149999993 5.055201e-15
4164.2023499999295 5.2988454e-15
4166.343199999929 5.5544274e-15
4168.484049999929 5.449008e-15
4170.624899999929 5.33522e-15
4172.765749999929 5.3211347e-15
4174.906599999928 5.3093846e-15
4177.047449999928 5.6799836e-15
4179.188299999928 6.0595577e-15
4181.329149999928 5.8469473e-15
4183.4699999999275 5.6202915e-15
4185.610849999927 5.762486e-15
4187.751699999927 5.9134284e-15
4189.892549999927 6.0065025e-15
4192.033399999927 6.098187e-15
4194.174249999926 6.2343836e-15
4196.315099999926 6.3716486e-15
4198.455949999926 6.6008215e-15
4200.596799999926 6.8322232e-15
4202.737649999925 6.8668487e-15
4204.878499999925 6.8966913e-15
4207.019349999925 6.777247e-15
4209.160199999925 6.6541375e-15
4211.3010499999245 6.7388226e-15
4213.441899999924 6.82866e-15
4215.582749999924 6.7484805e-15
4217.723599999924 6.6640766e-15
4219.864449999924 6.6784524e-15
4222.005299999923 6.6953063e-15
4224.146149999923 6.601845e-15
4226.286999999923 6.505616e-15
4228.427849999923 6.5452574e-15
4230.5686999999225 6.588341e-15
4232.709549999922 6.6131754e-15
4234.850399999922 6.6375467e-15
4236.991249999922 6.520462e-15
4239.132099999922 6.3997515e-15
4241.272949999921 6.24805e-15
4243.413799999921 6.095554e-15
4245.554649999921 6.2433037e-15
4247.695499999921 6.3988376e-15
4249.8363499999205 6.442919e-15
4251.97719999992 6.484083e-15
4254.11804999992 6.4464336e-15
4256.25889999992 6.4067217e-15
4258.39974999992 6.3468268e-15
4260.540599999919 6.2863973e-15
4262.681449999919 6.3134507e-15
4264.822299999919 6.342819e-15
4266.963149999919 6.3072928e-15
4269.103999999918 6.2700326e-15
4271.244849999918 6.120533e-15
4273.385699999918 5.96803e-15
4275.526549999918 6.063592e-15
4277.6673999999175 6.1658535e-15
4279.808249999917 6.17462e-15
4281.949099999917 6.180861e-15
4284.089949999917 6.4143734e-15
4286.230799999917 6.6540914e-15
4288.371649999916 6.5742056e-15
4290.512499999916 6.4855936e-15
4292.653349999916 6.2411907e-15
4294.794199999916 5.992495e-15
4296.9350499999155 6.149912e-15
4299.075899999915 6.3186375e-15
4301.216749999915 6.5084724e-15
4303.357599999915 6.6988956e-15
4305.498449999915 6.736448e-15
4307.639299999914 6.7697054e-15
4309.780149999914 6.8979496e-15
4311.920999999914 7.0288666e-15
4314.061849999914 7.203279e-15
4316.202699999913 7.378926e-15
4318.343549999913 7.449363e-15
4320.484399999913 7.5168135e-15
4322.625249999913 7.592755e-15
4324.7660999999125 7.66894e-15
4326.906949999912 7.337297e-15
4329.047799999912 6.9939544e-15
4331.188649999912 6.969801e-15
4333.329499999912 6.954883e-15
4335.470349999911 7.063621e-15
4337.611199999911 7.175968e-15
4339.752049999911 7.087594e-15
4341.892899999911 6.9933526e-15
4344.0337499999105 6.9080217e-15
4346.17459999991 6.8229537e-15
4348.31544999991 6.893155e-15
4350.45629999991 6.9679336e-15
4352.59714999991 6.9019535e-15
4354.737999999909 6.8317824e-15
4356.878849999909 6.6790725e-15
4359.019699999909 6.5239045e-15
4361.160549999909 6.4335583e-15
4363.301399999908 6.3451585e-15
4365.442249999908 6.339637e-15
4367.583099999908 6.3366086e-15
4369.723949999908 6.302037e-15
4371.8647999999075 6.266509e-15
4374.005649999907 6.0688204e-15
4376.146499999907 5.8661754e-15
4378.287349999907 5.8007874e-15
4380.428199999907 5.739602e-15
4382.569049999906 5.6535265e-15
4384.709899999906 5.5666827e-15
4386.850749999906 5.324453e-15
4388.991599999906 5.0774276e-15
4391.1324499999055 4.93804e-15
4393.273299999905 4.802007e-15
4395.414149999905 4.8023194e-15
4397.554999999905 4.806881e-15
4399.695849999905 4.7676977e-15
4401.836699999904 4.72714e-15
4403.977549999904 4.51163e-15
4406.118399999904 4.2905806e-15
4408.259249999904 4.272024e-15
4410.400099999903 4.259888e-15
4412.540949999903 4.3301345e-15
4414.681799999903 4.4030136e-15
4416.822649999903 4.3192645e-15
4418.9634999999025 4.2305094e-15
4421.104349999902 4.1553306e-15
4423.245199999902 4.0805897e-15
4425.386049999902 3.8695595e-15
4427.526899999902 3.654133e-15
4429.667749999901 3.656129e-15
4431.808599999901 3.665193e-15
4433.949449999901 3.7045973e-15
4436.090299999901 3.7449897e-15
4438.2311499999005 3.679545e-15
4440.3719999999 3.6106283e-15
4442.5128499999 3.52239e-15
4444.6536999999 3.4335128e-15
4446.7945499999 3.483182e-15
4448.935399999899 3.5374377e-15
4451.076249999899 3.60862e-15
4453.217099999899 3.6803666e-15
4455.357949999899 3.675651e-15
4457.498799999898 3.6683853e-15
4459.639649999898 3.793771e-15
4461.780499999898 3.923621e-15
4463.921349999898 3.9035374e-15
4466.0621999998975 3.878408e-15
4468.203049999897 3.742534e-15
4470.343899999897 3.602906e-15
4472.484749999897 3.6780144e-15
4474.625599999897 3.760414e-15
4476.766449999896 3.910041e-15
4478.907299999896 4.0619664e-15
4481.048149999896 4.0105223e-15
4483.188999999896 3.952072e-15
4485.3298499998955 3.986654e-15
4487.470699999895 4.0244462e-15
4489.611549999895 4.1399155e-15
4491.752399999895 4.258084e-15
4493.893249999895 4.3588697e-15
4496.034099999894 4.4590512e-15
4498.174949999894 4.5274733e-15
4500.315799999894 4.594784e-15
4502.456649999894 4.665007e-15
4504.597499999893 4.735332e-15
4506.738349999893 4.740749e-15
4508.879199999893 4.7438745e-15
4511.020049999893 4.7848e-15
4513.1608999998925 4.82707e-15
4515.301749999892 4.843908e-15
4517.442599999892 4.8598405e-15
4519.583449999892 4.9717785e-15
4521.724299999892 5.0871588e-15
4523.865149999891 5.1288794e-15
4526.005999999891 5.1679593e-15
4528.146849999891 5.3481944e-15
4530.287699999891 5.533533e-15
4532.4285499998905 5.671446e-15
4534.56939999989 5.8076446e-15
4536.71024999989 5.769286e-15
4538.85109999989 5.7245722e-15
4540.99194999989 5.925984e-15
4543.132799999889 6.1363683e-15
4545.273649999889 6.280179e-15
4547.414499999889 6.421546e-15
4549.555349999889 6.7602386e-15
4551.696199999888 7.1062236e-15
4553.837049999888 7.419655e-15
4555.977899999888 7.731882e-15
4558.118749999888 7.630364e-15
4560.2595999998875 7.513431e-15
4562.400449999887 7.865973e-15
4564.541299999887 8.236007e-15
4566.682149999887 8.603265e-15
4568.822999999887 8.970419e-15
4570.963849999886 9.128788e-15
4573.104699999886 9.279315e-15
4575.245549999886 9.3869225e-15
4577.386399999886 9.492907e-15
4579.5272499998855 9.69253e-15
4581.668099999885 9.8956996e-15
4583.808949999885 1.0141476e-14
4585.949799999885 1.0388878e-14
4588.090649999885 1.0674825e-14
4590.231499999884 1.0962251e-14
4592.372349999884 1.0898351e-14
4594.513199999884 1.0820972e-14
4596.654049999884 1.0942244e-14
4598.7948999998835 1.1071198e-14
4600.935749999883 1.1248197e-14
4603.076599999883 1.1427054e-14
4605.217449999883 1.1537152e-14
4607.358299999883 1.1644574e-14
4609.499149999882 1.1675266e-14
4611.639999999882 1.1702967e-14
4613.780849999882 1.1815772e-14
4615.921699999882 1.1931914e-14
4618.062549999881 1.1967228e-14
4620.203399999881 1.1999371e-14
4622.344249999881 1.2105592e-14
4624.485099999881 1.221474e-14
4626.6259499998805 1.2263687e-14
4628.76679999988 1.2310239e-14
4630.90764999988 1.2536594e-14
4633.04849999988 1.2770101e-14
4635.18934999988 1.2884802e-14
4637.330199999879 1.29947416e-14
4639.471049999879 1.30920445e-14
4641.611899999879 1.318884e-14
4643.752749999879 1.3300841e-14
4645.8935999998785 1.34134545e-14
4648.034449999878 1.3393541e-14
4650.175299999878 1.33682755e-14
4652.316149999878 1.33424545e-14
4654.456999999878 1.331661e-14
4656.597849999877 1.3123183e-14
4658.738699999877 1.2922945e-14
4660.879549999877 1.2755622e-14
4663.020399999877 1.25896455e-14
4665.161249999876 1.2392496e-14
4667.302099999876 1.2194069e-14
4669.442949999876 1.2067094e-14
4671.583799999876 1.1943062e-14
4673.7246499998755 1.16659315e-14
4675.865499999875 1.1382455e-14
4678.006349999875 1.0921069e-14
4680.147199999875 1.0452301e-14
4682.288049999875 1.0188269e-14
4684.428899999874 9.932784e-15
4686.569749999874 9.73468e-15
4688.710599999874 9.538972e-15
4690.851449999874 9.2473035e-15
4692.9922999998735 8.9516e-15
4695.133149999873 8.522732e-15
4697.273999999873 8.088263e-15
4699.414849999873 7.987063e-15
4701.555699999873 7.899963e-15
4703.696549999872 7.881474e-15
4705.837399999872 7.865892e-15
4707.978249999872 7.622963e-15
4710.119099999872 7.370345e-15
4712.259949999871 7.255777e-15
4714.400799999871 7.147127e-15
4716.541649999871 7.011099e-15
4718.682499999871 6.8738956e-15
4720.8233499998705 6.7619208e-15
4722.96419999987 6.651035e-15
4725.10504999987 6.556398e-15
4727.24589999987 6.462463e-15
4729.38674999987 6.353921e-15
4731.527599999869 6.2447436e-15
4733.668449999869 6.164706e-15
4735.809299999869 6.0859347e-15
4737.950149999869 6.045153e-15
4740.0909999998685 6.0060324e-15
4742.231849999868 5.9202656e-15
4744.372699999868 5.8324567e-15
4746.513549999868 5.7193744e-15
4748.654399999868 5.605179e-15
4750.795249999867 5.5916393e-15
4752.936099999867 5.5825574e-15
4755.076949999867 5.5818895e-15
4757.217799999867 5.5815943e-15
4759.358649999866 5.421229e-15
4761.499499999866 5.2537252e-15
4763.640349999866 5.128561e-15
4765.781199999866 5.0052846e-15
4767.9220499998655 4.894691e-15
4770.062899999865 4.7846655e-15
4772.203749999865 4.715916e-15
4774.344599999865 4.6490195e-15
4776.485449999865 4.5872357e-15
4778.626299999864 4.525683e-15
4780.767149999864 4.5787285e-15
4782.907999999864 4.636979e-15
4785.048849999864 4.7307248e-15
4787.1896999998635 4.8260846e-15
4789.330549999863 4.754828e-15
4791.471399999863 4.6759535e-15
4793.612249999863 4.7434675e-15
4795.753099999863 4.8176744e-15
4797.893949999862 4.9320768e-15
4800.034799999862 5.048329e-15
4802.175649999862 5.007556e-15
4804.316499999862 4.9595554e-15
4806.457349999861 5.024289e-15
4808.598199999861 5.0942404e-15
4810.739049999861 5.2826633e-15
4812.879899999861 5.476575e-15
4815.0207499998605 5.588574e-15
4817.16159999986 5.696756e-15
4819.30244999986 5.8254996e-15
4821.44329999986 5.955206e-15
4823.58414999986 6.0760473e-15
4825.724999999859 6.196473e-15
4827.865849999859 6.361871e-15
4830.006699999859 6.529389e-15
4832.147549999859 6.5559334e-15
4834.2883999998585 6.57583e-15
4836.429249999858 6.443553e-15
4838.570099999858 6.3040537e-15
4840.710949999858 6.263773e-15
4842.851799999858 6.228201e-15
4844.992649999857 6.124563e-15
4847.133499999857 6.0176774e-15
4849.274349999857 5.9811694e-15
4851.415199999857 5.948023e-15
4853.556049999856 6.0126117e-15
4855.696899999856 6.0818935e-15
4857.837749999856 5.930119e-15
4859.978599999856 5.7676722e-15
4862.1194499998555 5.6454475e-15
4864.260299999855 5.525165e-15
4866.401149999855 5.548833e-15
4868.541999999855 5.579495e-15
4870.682849999855 5.518385e-15
4872.823699999854 5.4528157e-15
4874.964549999854 5.348699e-15
4877.105399999854 5.2426994e-15
4879.246249999854 5.469597e-15
4881.3870999998535 5.7127718e-15
4883.527949999853 5.7913807e-15
4885.668799999853 5.8619004e-15
4887.809649999853 5.787041e-15
4889.950499999853 5.704998e-15
4892.091349999852 5.676432e-15
4894.232199999852 5.65051e-15
4896.373049999852 5.725932e-15
4898.513899999852 5.8063926e-15
4900.654749999851 5.9179604e-15
4902.795599999851 6.0310753e-15
4904.936449999851 6.1484034e-15
4907.077299999851 6.265942e-15
4909.2181499998505 6.3351707e-15
4911.35899999985 6.401983e-15
4913.49984999985 6.5280804e-15
4915.64069999985 6.657159e-15
4917.78154999985 6.8004354e-15
4919.922399999849 6.9444263e-15
4922.063249999849 7.03972e-15
4924.204099999849 7.13255e-15
4926.344949999849 7.214662e-15
4928.4857999998485 7.29623e-15
4930.626649999848 7.355949e-15
4932.767499999848 7.414555e-15
4934.908349999848 7.4515445e-15
4937.049199999848 7.487427e-15
4939.190049999847 7.61601e-15
4941.330899999847 7.749336e-15
4943.471749999847 7.9958945e-15
4945.612599999847 8.2482756e-15
4947.753449999846 8.438168e-15
4949.894299999846 8.6248435e-15
4952.035149999846 8.661317e-15
4954.175999999846 8.69002e-15
4956.3168499998455 8.751639e-15
4958.457699999845 8.814962e-15
4960.598549999845 8.775811e-15
4962.739399999845 8.731327e-15
4964.880249999845 8.580479e-15
4967.021099999844 8.42407e-15
4969.161949999844 8.3647485e-15
4971.302799999844 8.310505e-15
4973.443649999844 8.388096e-15
4975.5844999998435 8.472622e-15
4977.725349999843 8.362763e-15
4979.866199999843 8.242677e-15
4982.007049999843 8.0507144e-15
4984.147899999843 7.854952e-15
4986.288749999842 7.765766e-15
4988.429599999842 7.682219e-15
4990.570449999842 7.52189e-15
4992.711299999842 7.357476e-15
4994.8521499998415 7.125934e-15
4996.992999999841 6.890821e-15
4999.133849999841 6.732013e-15
5001.274699999841 6.5772866e-15
5003.415549999841 6.4068666e-15
5005.55639999984 6.2356075e-15
5007.69724999984 6.141235e-15
5009.83809999984 6.0509954e-15
5011.97894999984 6.06538e-15
5014.119799999839 6.0854214e-15
5016.260649999839 6.051664e-15
5018.401499999839 6.0149986e-15
5020.542349999839 5.930767e-15
5022.6831999998385 5.843952e-15
5024.824049999838 5.7577492e-15
5026.964899999838 5.6715793e-15
5029.105749999838 5.5796644e-15
5031.246599999838 5.487435e-15
5033.387449999837 5.3979423e-15
5035.528299999837 5.3085994e-15
5037.669149999837 5.3741073e-15
5039.809999999837 5.448115e-15
5041.9508499998365 5.503236e-15
5044.091699999836 5.5573196e-15
5046.232549999836 5.41183e-15
5048.373399999836 5.2553227e-15
5050.514249999836 5.2316965e-15
5052.655099999835 5.21544e-15
5054.795949999835 5.3249234e-15
5056.936799999835 5.4413867e-15
5059.077649999835 5.403676e-15
5061.218499999834 5.3573665e-15
5063.359349999834 5.263185e-15
5065.500199999834 5.166333e-15
5067.641049999834 5.175485e-15
5069.7818999998335 5.1905815e-15
5071.922749999833 5.1450323e-15
5074.063599999833 5.096082e-15
5076.204449999833 4.9677356e-15
5078.345299999833 4.834916e-15
5080.486149999832 4.868502e-15
5082.626999999832 4.9114727e-15
5084.767849999832 4.9792705e-15
5086.908699999832 5.048475e-15
5089.0495499998315 5.0077723e-15
5091.190399999831 4.960813e-15
5093.331249999831 4.9128546e-15
5095.472099999831 4.8648393e-15
5097.612949999831 4.896064e-15
5099.75379999983 4.9318235e-15
5101.89464999983 4.96216e-15
5104.03549999983 4.992186e-15
5106.17634999983 4.9059733e-15
5108.317199999829 4.813071e-15
5110.458049999829 4.802505e-15
5112.598899999829 4.7966773e-15
5114.739749999829 4.760304e-15
5116.8805999998285 4.722165e-15
5119.021449999828 4.7455326e-15
5121.162299999828 4.7724593e-15
5123.303149999828 4.75422e-15
5125.443999999828 4.733356e-15
5127.584849999827 4.754917e-15
5129.725699999827 4.7789544e-15
5131.866549999827 4.658792e-15
5134.007399999827 4.5302033e-15
5136.1482499998265 4.567799e-15
5138.289099999826 4.6151492e-15
5140.429949999826 4.6887996e-15
5142.570799999826 4.7639937e-15
5144.711649999826 4.725039e-15
5146.852499999825 4.679354e-15
5148.993349999825 4.6838817e-15
5151.134199999825 4.6913733e-15
5153.275049999825 4.7458803e-15
5155.415899999824 4.803174e-15
5157.556749999824 4.7637705e-15
5159.697599999824 4.7186096e-15
5161.838449999824 4.771442e-15
5163.9792999998235 4.8301135e-15
5166.120149999823 4.860859e-15
5168.260999999823 4.8899335e-15
5170.401849999823 4.8696487e-15
5172.542699999823 4.84641e-15
5174.683549999822 4.8858474e-15
5176.824399999822 4.929056e-15
5178.965249999822 4.9469367e-15
5181.106099999822 4.9632933e-15
5183.2469499998215 5.07546e-15
5185.387799999821 5.193416e-15
5187.528649999821 5.248028e-15
5189.669499999821 5.2988086e-15
5191.810349999821 5.340658e-15
5193.95119999982 5.381965e-15
5196.09204999982 5.53615e-15
5198.23289999982 5.697222e-15
5200.37374999982 5.808835e-15
5202.514599999819 5.9174285e-15
5204.655449999819 6.081266e-15
5206.796299999819 6.2484913e-15
5208.937149999819 6.3118934e-15
5211.0779999998185 6.3689284e-15
5213.218849999818 6.416828e-15
5215.359699999818 6.464165e-15
5217.500549999818 6.603994e-15
5219.641399999818 6.7495244e-15
5221.782249999817 6.889718e-15
5223.923099999817 7.029582e-15
5226.063949999817 7.147493e-15
5228.204799999817 7.2640385e-15
5230.3456499998165 7.3914645e-15
5232.486499999816 7.519567e-15
5234.627349999816 7.612405e-15
5236.768199999816 7.7030404e-15
5238.909049999816 7.755909e-15
5241.049899999815 7.806417e-15
5243.190749999815 7.995215e-15
5245.331599999815 8.192697e-15
5247.472449999815 8.334677e-15
5249.613299999814 8.473172e-15
5251.754149999814 8.633417e-15
5253.894999999814 8.7950345e-15
5256.035849999814 8.811581e-15
5258.1766999998135 8.8189725e-15
5260.317549999813 8.87985e-15
5262.458399999813 8.944119e-15
5264.599249999813 9.036873e-15
5266.740099999813 9.131441e-15
5268.880949999812 9.2286366e-15
5271.021799999812 9.3260005e-15
5273.162649999812 9.411062e-15
5275.303499999812 9.495338e-15
5277.4443499998115 9.477944e-15
5279.585199999811 9.4540464e-15
5281.726049999811 9.427402e-15
5283.866899999811 9.400582e-15
5286.007749999811 9.5573125e-15
5288.14859999981 9.7258415e-15
5290.28944999981 9.791543e-15
5292.43029999981 9.850608e-15
5294.57114999981 9.800189e-15
5296.711999999809 9.7426975e-15
5298.852849999809 9.828199e-15
5300.993699999809 9.922974e-15
5303.134549999809 1.0005121e-14
5305.2753999998085 1.0086446e-14
5307.416249999808 1.01107265e-14
5309.557099999808 1.0131292e-14
5311.697949999808 1.0086491e-14
5313.838799999808 1.0037413e-14
5315.979649999807 1.00630614e-14
5318.120499999807 1.00935995e-14
5320.261349999807 1.0147106e-14
5322.402199999807 1.0202121e-14
5324.5430499998065 1.0186477e-14
5326.683899999806 1.0166186e-14
5328.824749999806 1.0114794e-14
5330.965599999806 1.0061349e-14
5333.106449999806 1.00563e-14
5335.247299999805 1.0054447e-14
5337.388149999805 9.913859e-15
5339.528999999805 9.7640656e-15
5341.669849999805 9.709747e-15
5343.8106999998045 9.661788e-15
5345.951549999804 9.663454e-15
5348.092399999804 9.668426e-15
5350.233249999804 9.5621134e-15
5352.374099999804 9.448353e-15
5354.514949999803 9.399638e-15
5356.655799999803 9.3552765e-15
5358.796649999803 9.281379e-15
5360.937499999803 9.205495e-15
5363.078349999802 9.203874e-15
5365.219199999802 9.207248e-15
5367.360049999802 9.1839725e-15
5369.500899999802 9.158897e-15
5371.6417499998015 9.0437886e-15
5373.782599999801 8.922601e-15
5375.923449999801 8.955658e-15
5378.064299999801 8.999179e-15
5380.205149999801 9.043771e-15
5382.3459999998 9.088435e-15
5384.4868499998 9.076124e-15
5386.6276999998 9.059932e-15
5388.7685499998 9.016793e-15
5390.9093999997995 8.97181e-15
5393.050249999799 8.899803e-15
5395.191099999799 8.825948e-15
5397.331949999799 8.859213e-15
5399.472799999799 8.899837e-15
5401.613649999798 8.914222e-15
5403.754499999798 8.926803e-15
5405.895349999798 8.876928e-15
5408.036199999798 8.822743e-15
5410.177049999797 8.906621e-15
5412.317899999797 9.000027e-15
5414.458749999797 9.097198e-15
5416.599599999797 9.194632e-15
5418.7404499997965 9.1989235e-15
5420.881299999796 9.1967585e-15
5423.022149999796 9.169453e-15
5425.162999999796 9.140397e-15
5427.303849999796 9.1367996e-15
5429.444699999795 9.134981e-15
5431.585549999795 9.11918e-15
5433.726399999795 9.1024016e-15
5435.867249999795 9.05933e-15
5438.0080999997945 9.014414e-15
5440.148949999794 9.009763e-15
5442.289799999794 9.007938e-15
5444.430649999794 9.020109e-15
5446.571499999794 9.033267e-15
5448.712349999793 9.04913e-15
5450.853199999793 9.065183e-15
5452.994049999793 9.0414355e-15
5455.134899999793 9.014872e-15
5457.275749999792 8.942502e-15
5459.416599999792 8.866889e-15
5461.557449999792 8.840506e-15
5463.698299999792 8.817622e-15
5465.8391499997915 8.817376e-15
5467.979999999791 8.8187455e-15
5470.120849999791 8.785243e-15
5472.261699999791 8.749249e-15
5474.402549999791 8.665345e-15
5476.54339999979 8.578008e-15
5478.68424999979 8.556132e-15
5480.82509999979 8.53895e-15
5482.96594999979 8.53475e-15
5485.1067999997895 8.531484e-15
5487.247649999789 8.508636e-15
5489.388499999789 8.4843775e-15
5491.529349999789 8.535054e-15
5493.670199999789 8.591146e-15
5495.811049999788 8.45066e-15
5497.951899999788 8.2959135e-15
5500.092749999788 8.1951784e-15
5502.233599999788 8.098364e-15
5504.374449999787 8.047918e-15
5506.515299999787 8.000852e-15
5508.656149999787 8.000138e-15
5510.796999999787 8.002802e-15
5512.9378499997865 7.888022e-15
5515.078699999786 7.764646e-15
5517.219549999786 7.770041e-15
5519.360399999786 7.784859e-15
5521.501249999786 7.738972e-15
5523.642099999785 7.688625e-15
5525.782949999785 7.613983e-15
5527.923799999785 7.5375565e-15
5530.064649999785 7.493922e-15
5532.2054999997845 7.452708e-15
5534.346349999784 7.4110055e-15
5536.487199999784 7.369266e-15
5538.628049999784 7.255299e-15
5540.768899999784 7.135979e-15
5542.909749999783 7.094613e-15
5545.050599999783 7.0590443e-15
5547.191449999783 6.998949e-15
5549.332299999783 6.93703e-15
5551.473149999782 6.844237e-15
5553.613999999782 6.7491378e-15
5555.754849999782 6.6828007e-15
5557.895699999782 6.6186113e-15
5560.0365499997815 6.5915172e-15
5562.177399999781 6.5672036e-15
5564.318249999781 6.5635567e-15
5566.459099999781 6.56146e-15
5568.599949999781 6.363296e-15
5570.74079999978 6.15037e-15
5572.88164999978 6.1346e-15
5575.02249999978 6.1337273e-15
5577.16334999978 6.230671e-15
5579.3041999997795 6.3350115e-15
5581.445049999779 6.2182726e-15
5583.585899999779 6.0847573e-15
5585.726749999779 6.0758758e-15
5587.867599999779 6.0764517e-15
5590.008449999778 6.023986e-15
5592.149299999778 5.967481e-15
5594.290149999778 5.815305e-15
5596.430999999778 5.6558385e-15
5598.571849999777 5.6203287e-15
5600.712699999777 5.594299e-15
5602.853549999777 5.4771607e-15
5604.994399999777 5.3530293e-15
5607.1352499997765 5.2926125e-15
5609.276099999776 5.2370895e-15
5611.416949999776 5.2506874e-15
5613.557799999776 5.269613e-15
5615.698649999776 5.2145724e-15
5617.839499999775 5.153831e-15
5619.980349999775 5.059487e-15
5622.121199999775 4.9625424e-15
5624.262049999775 4.970439e-15
5626.4028999997745 4.9864503e-15
5628.543749999774 5.029403e-15
5630.684599999774 5.0744486e-15
5632.825449999774 4.9664705e-15
5634.966299999774 4.846599e-15
5637.107149999773 4.8492717e-15
5639.247999999773 4.8615032e-15
5641.388849999773 4.689871e-15
5643.529699999773 4.503848e-15
5645.670549999772 4.411117e-15
5647.811399999772 4.3256935e-15
5649.952249999772 4.375349e-15
5652.093099999772 4.435621e-15
5654.2339499997715 4.346304e-15
5656.374799999771 4.2452296e-15
5658.515649999771 4.296098e-15
5660.656499999771 4.35895e-15
5662.797349999771 4.315083e-15
5664.93819999977 4.262794e-15
5667.07904999977 4.219874e-15
5669.21989999977 4.1776957e-15
5671.36074999977 4.15323e-15
5673.5015999997695 4.130168e-15
5675.642449999769 4.0877454e-15
5677.783299999769 4.0437836e-15
5679.924149999769 4.013202e-15
5682.064999999769 3.983688e-15
5684.205849999768 3.955825e-15
5686.346699999768 3.928094e-15
5688.487549999768 3.8784783e-15
5690.628399999768 3.8271087e-15
5692.769249999767 3.7551516e-15
5694.910099999767 3.6815453e-15
5697.050949999767 3.6298453e-15
5699.191799999767 3.579907e-15
5701.3326499997665 3.5466792e-15
5703.473499999766 3.5147958e-15
5705.614349999766 3.5604784e-15
5707.755199999766 3.6124223e-15
5709.896049999766 3.6103746e-15
5712.036899999765 3.6039685e-15
5714.177749999765 3.483492e-15
5716.318599999765 3.3537708e-15
5718.459449999765 3.4018095e-15
5720.6002999997645 3.4642549e-15
5722.741149999764 3.412484e-15
5724.881999999764 3.3514252e-15
5727.022849999764 3.3002485e-15
5729.163699999764 3.2498784e-15
5731.304549999763 3.285285e-15
5733.445399999763 3.3276951e-15
5735.586249999763 3.2338022e-15
5737.727099999763 3.1287432e-15
5739.8679499997625 3.1613684e-15
5742.008799999762 3.2052802e-15
5744.149649999762 3.3799243e-15
5746.290499999762 3.5653205e-15
5748.431349999762 3.4923215e-15
5750.572199999761 3.3980694e-15
5752.713049999761 3.4083884e-15
5754.853899999761 3.4273422e-15
5756.994749999761 3.4958532e-15
5759.13559999976 3.5684566e-15
5761.27644999976 3.617591e-15
5763.41729999976 3.664781e-15
5765.55814999976 3.672086e-15
5767.6989999997595 3.6760756e-15
5769.839849999759 3.6550725e-15
5771.980699999759 3.63199e-15
5774.121549999759 3.7075907e-15
5776.262399999759 3.791427e-15
5778.403249999758 3.8676587e-15
5780.544099999758 3.9432556e-15
5782.684949999758 4.0165417e-15
5784.825799999758 4.0896343e-15
5786.9666499997575 4.156489e-15
5789.107499999757 4.2228213e-15
5791.248349999757 4.3316287e-15
5793.389199999757 4.444006e-15
5795.530049999757 4.520759e-15
5797.670899999756 4.5945147e-15
5799.811749999756 4.6165955e-15
5801.952599999756 4.634316e-15
5804.093449999756 4.7500795e-15
5806.234299999755 4.8741435e-15
5808.375149999755 4.978871e-15
5810.515999999755 5.0819605e-15
5812.656849999755 5.0975544e-15
5814.7976999997545 5.105712e-15
5816.938549999754 5.2217184e-15
5819.079399999754 5.3468904e-15
5821.220249999754 5.5243595e-15
5823.361099999754 5.7062907e-15
5825.501949999753 5.750089e-15
5827.642799999753 5.7821014e-15
5829.783649999753 5.8182223e-15
5831.924499999753 5.854695e-15
5834.0653499997525 6.0335482e-15
5836.206199999752 6.224596e-15
5838.347049999752 6.360597e-15
5840.487899999752 6.4918676e-15
5842.628749999752 6.6453817e-15
5844.769599999751 6.800813e-15
5846.910449999751 6.8812004e-15
5849.051299999751 6.955114e-15
5851.192149999751 7.032804e-15
5853.33299999975 7.110821e-15
5855.47384999975 7.236132e-15
5857.61469999975 7.365536e-15
5859.75554999975 7.401416e-15
5861.8963999997495 7.429178e-15
5864.037249999749 7.54924e-15
5866.178099999749 7.6773194e-15
5868.318949999749 7.832141e-15
5870.459799999749 7.989293e-15
5872.600649999748 8.0268425e-15
5874.741499999748 8.053937e-15
5876.882349999748 8.048622e-15
5879.023199999748 8.040472e-15
5881.1640499997475 8.050773e-15
5883.304899999747 8.062693e-15
5885.445749999747 8.090431e-15
5887.586599999747 8.119556e-15
5889.727449999747 8.155934e-15
5891.868299999746 8.19295e-15
5894.009149999746 8.237445e-15
5896.149999999746 8.2826e-15
5898.290849999746 8.305014e-15
5900.431699999745 8.325418e-15
5902.572549999745 8.3335345e-15
5904.713399999745 8.340563e-15
5906.854249999745 8.293956e-15
5908.9950999997445 8.242591e-15
5911.135949999744 8.157569e-15
5913.276799999744 8.069553e-15
5915.417649999744 8.0555595e-15
5917.558499999744 8.048155e-15
5919.699349999743 8.058746e-15
5921.840199999743 8.070943e-15
5923.981049999743 8.123448e-15
5926.121899999743 8.179554e-15
5928.2627499997425 8.151753e-15
5930.403599999742 8.1164315e-15
5932.544449999742 8.043458e-15
5934.685299999742 7.967109e-15
5936.826149999742 7.857434e-15
5938.966999999741 7.744764e-15
5941.107849999741 7.669791e-15
5943.248699999741 7.598218e-15
5945.389549999741 7.57906e-15
5947.53039999974 7.564632e-15
5949.67124999974 7.47407e-15
5951.81209999974 7.376616e-15
5953.95294999974 7.1998055e-15
5956.0937999997395 7.0158125e-15
5958.234649999739 6.930999e-15
5960.375499999739 6.8551965e-15
5962.516349999739 6.7927773e-15
5964.657199999739 6.731574e-15
5966.798049999738 6.571701e-15
5968.938899999738 6.4028356e-15
5971.079749999738 6.4157918e-15
5973.220599999738 6.4453274e-15
5975.3614499997375 6.4047117e-15
5977.502299999737 6.35768e-15
5979.643149999737 6.2789057e-15
5981.783999999737 6.1972196e-15
5983.924849999737 6.1577516e-15
5986.065699999736 6.122159e-15
5988.206549999736 6.0219054e-15
5990.347399999736 5.9156984e-15
5992.488249999736 5.912729e-15
5994.629099999735 5.9192657e-15
5996.769949999735 5.907767e-15
5998.910799999735 5.8946014e-15
6001.051649999735 5.7824733e-15
6003.1924999997345 5.6612e-15
6005.333349999734 5.658963e-15
6007.474199999734 5.6677596e-15
6009.615049999734 5.64432e-15
6011.755899999734 5.617891e-15
6013.896749999733 5.603568e-15
6016.037599999733 5.5903713e-15
6018.178449999733 5.6395034e-15
6020.319299999733 5.694451e-15
6022.4601499997325 5.602607e-15
6024.600999999732 5.497059e-15
6026.741849999732 5.4537423e-15
6028.882699999732 5.4162522e-15
6031.023549999732 5.4413795e-15
6033.164399999731 5.4723703e-15
6035.305249999731 5.417424e-15
6037.446099999731 5.354407e-15
6039.586949999731 5.286621e-15
6041.72779999973 5.218387e-15
6043.86864999973 5.1864713e-15
6046.00949999973 5.1579788e-15
6048.15034999973 5.134755e-15
6050.2911999997295 5.1120276e-15
6052.432049999729 5.0250827e-15
6054.572899999729 4.9320636e-15
6056.713749999729 4.915209e-15
6058.854599999729 4.9055795e-15
6060.995449999728 4.950563e-15
6063.136299999728 5.0007275e-15
6065.277149999728 4.95135e-15
6067.417999999728 4.8924958e-15
6069.5588499997275 4.9268688e-15
6071.699699999727 4.9701174e-15
6073.840549999727 4.9647053e-15
6075.981399999727 4.954647e-15
6078.122249999727 4.8449154e-15
6080.263099999726 4.7256608e-15
6082.403949999726 4.677812e-15
6084.544799999726 4.6368053e-15
6086.685649999726 4.7055526e-15
6088.8264999997255 4.784817e-15
6090.967349999725 4.8501856e-15
6093.108199999725 4.914218e-15
6095.249049999725 4.8626027e-15
6097.389899999725 4.7998664e-15
6099.530749999724 4.808068e-15
6101.671599999724 4.823111e-15
6103.812449999724 4.890606e-15
6105.953299999724 4.9631777e-15
6108.094149999723 4.984802e-15
6110.234999999723 5.001496e-15
6112.375849999723 5.0556174e-15
6114.516699999723 5.1133706e-15
6116.6575499997225 5.0854414e-15
6118.798399999722 5.0491914e-15
6120.939249999722 4.9728013e-15
6123.080099999722 4.8925017e-15
6125.220949999722 4.816208e-15
6127.361799999721 4.7403043e-15
6129.502649999721 4.6045096e-15
6131.643499999721 4.4628646e-15
6133.784349999721 4.294731e-15
6135.9251999997205 4.1240086e-15
6138.06604999972 3.9835837e-15
6140.20689999972 3.846128e-15
6142.34774999972 3.8059456e-15
6144.48859999972 3.7753245e-15
6146.629449999719 3.68682e-15
6148.770299999719 3.592623e-15
6150.911149999719 3.5168158e-15
6153.051999999719 3.4428224e-15
6155.192849999718 3.3693897e-15
6157.333699999718 3.2960123e-15
6159.474549999718 3.2314248e-15
6161.615399999718 3.1677073e-15
6163.7562499997175 3.0642226e-15
6165.897099999717 2.956802e-15
6168.037949999717 2.9110117e-15
6170.178799999717 2.8713384e-15
6172.319649999717 2.8811796e-15
6174.460499999716 2.895938e-15
6176.601349999716 2.8594282e-15
6178.742199999716 2.8178122e-15
6180.883049999716 2.8221541e-15
6183.0238999997155 2.831086e-15
6185.164749999715 2.8345475e-15
6187.305599999715 2.8374623e-15
6189.446449999715 2.8717043e-15
6191.587299999715 2.9090853e-15
6193.728149999714 2.9586863e-15
6195.868999999714 3.0095117e-15
6198.009849999714 2.9758283e-15
6200.150699999714 2.9336476e-15
6202.291549999713 2.9294855e-15
6204.432399999713 2.9291467e-15
6206.573249999713 2.9147244e-15
6208.714099999713 2.8988822e-15
6210.8549499997125 3.0117838e-15
6212.995799999712 3.1376745e-15
6215.136649999712 3.1258182e-15
6217.277499999712 3.1000252e-15
6219.418349999712 3.218108e-15
6221.559199999711 3.3507882e-15
6223.700049999711 3.441505e-15
6225.840899999711 3.5279644e-15
6227.981749999711 3.5654315e-15
6230.1225999997105 3.597911e-15
6232.26344999971 3.5636667e-15
6234.40429999971 3.5226302e-15
6236.54514999971 3.5624025e-15
6238.68599999971 3.6104237e-15
6240.826849999709 3.6703534e-15
6242.967699999709 3.731499e-15
6245.108549999709 3.7911945e-15
6247.249399999709 3.8507414e-15
6249.390249999708 3.919452e-15
6251.531099999708 3.989104e-15
6253.671949999708 3.9812154e-15
6255.812799999708 3.965358e-15
6257.9536499997075 3.9319125e-15
6260.094499999707 3.8966544e-15
6262.235349999707 3.9289636e-15
6264.376199999707 3.968236e-15
6266.517049999707 4.036726e-15
6268.657899999706 4.1082373e-15
6270.798749999706 4.1332654e-15
6272.939599999706 4.1534875e-15
6275.080449999706 4.1408366e-15
6277.2212999997055 4.1247777e-15
6279.362149999705 4.152329e-15
6281.502999999705 4.1844046e-15
6283.643849999705 4.175661e-15
6285.784699999705 4.1626714e-15
6287.925549999704 4.204467e-15
6290.066399999704 4.251977e-15
6292.207249999704 4.274426e-15
6294.348099999704 4.29426e-15
6296.488949999703 4.3730863e-15
6298.629799999703 4.458086e-15
6300.770649999703 4.4948727e-15
6302.911499999703 4.526615e-15
6305.0523499997025 4.5273805e-15
6307.193199999702 4.5248966e-15
6309.334049999702 4.635456e-15
6311.474899999702 4.7578827e-15
6313.615749999702 4.7890057e-15
6315.756599999701 4.8105174e-15
6317.897449999701 4.8366445e-15
6320.038299999701 4.8632587e-15
6322.179149999701 4.892644e-15
6324.3199999997005 4.922322e-15
6326.4608499997 5.0067643e-15
6328.6016999997 5.097006e-15
6330.7425499997 5.2688575e-15
6332.8833999997 5.4493517e-15
6335.024249999699 5.4356345e-15
6337.165099999699 5.4012847e-15
6339.305949999699 5.324293e-15
6341.446799999699 5.24277e-15
6343.587649999698 5.321249e-15
6345.728499999698 5.4167715e-15
6347.869349999698 5.4260096e-15
6350.010199999698 5.426051e-15
6352.1510499996975 5.4065507e-15
6354.291899999697 5.3849624e-15
6356.432749999697 5.4459314e-15
6358.573599999697 5.515747e-15
6360.714449999697 5.59963e-15
6362.855299999696 5.6850226e-15
6364.996149999696 5.67702e-15
6367.136999999696 5.6589776e-15
6369.277849999696 5.6848388e-15
6371.4186999996955 5.715419e-15
6373.559549999695 5.7524866e-15
6375.700399999695 5.790254e-15
6377.841249999695 5.7532113e-15
6379.982099999695 5.7081012e-15
6382.122949999694 5.6898917e-15
6384.263799999694 5.674591e-15
6386.404649999694 5.72207e-15
6388.545499999694 5.7763416e-15
6390.686349999693 5.822235e-15
6392.827199999693 5.8672198e-15
6394.968049999693 5.872944e-15
6397.108899999693 5.874398e-15
6399.2497499996925 5.8691256e-15
6401.390599999692 5.8631214e-15
6403.531449999692 5.911004e-15
6405.672299999692 5.964766e-15
6407.813149999692 5.9936843e-15
6409.953999999691 6.019892e-15
6412.094849999691 5.9959557e-15
6414.235699999691 5.966534e-15
6416.376549999691 5.9853063e-15
6418.5173999996905 6.009353e-15
6420.65824999969 6.014071e-15
6422.79909999969 6.0166677e-15
6424.93994999969 5.950169e-15
6427.08079999969 5.8760878e-15
6429.221649999689 5.8543834e-15
6431.362499999689 5.838445e-15
6433.503349999689 5.8640027e-15
6435.644199999689 5.8941287e-15
6437.785049999688 5.939036e-15
6439.925899999688 5.9855744e-15
6442.066749999688 6.0201774e-15
6444.207599999688 6.053459e-15
6446.348449999688 6.0177955e-15
6448.489299999687 5.974499e-15
6450.630149999687 5.9867133e-15
6452.770999999687 6.0050896e-15
6454.911849999687 6.020507e-15
6457.052699999686 6.035595e-15
6459.193549999686 5.9282235e-15
6461.334399999686 5.807216e-15
6463.475249999686 5.8618123e-15
6465.6160999996855 5.935962e-15
6467.756949999685 5.981238e-15
6469.897799999685 6.0232886e-15
6472.038649999685 6.008625e-15
6474.179499999685 5.9876268e-15
6476.320349999684 5.9349705e-15
6478.461199999684 5.878769e-15
6480.602049999684 5.8117035e-15
6482.742899999684 5.7434183e-15
6484.8837499996835 5.7925225e-15
6487.024599999683 5.8548137e-15
6489.165449999683 5.8948483e-15
6491.306299999683 5.932376e-15
6493.447149999683 5.911581e-15
6495.587999999682 5.8842176e-15
6497.728849999682 5.8878687e-15
6499.869699999682 5.895023e-15
6502.010549999682 5.8736644e-15
6504.151399999681 5.8490844e-15
6506.292249999681 5.8487324e-15
6508.433099999681 5.8511253e-15
6510.573949999681 5.8854716e-15
6512.7147999996805 5.923439e-15
6514.85564999968 5.925139e-15
6516.99649999968 5.9227186e-15
6519.13734999968 5.9288423e-15
6521.27819999968 5.9359396e-15
6523.419049999679 5.9055963e-15
6525.559899999679 5.870987e-15
6527.700749999679 5.825406e-15
6529.841599999679 5.7785714e-15
6531.9824499996785 5.8287327e-15
6534.123299999678 5.889975e-15
6536.264149999678 5.8491576e-15
6538.404999999678 5.796645e-15
6540.545849999678 5.8332656e-15
6542.686699999677 5.8800998e-15
6544.827549999677 5.8848787e-15
6546.968399999677 5.884826e-15
6549.109249999677 5.8362493e-15
6551.250099999676 5.7820942e-15
6553.390949999676 5.765884e-15
6555.531799999676 5.754047e-15
6557.672649999676 5.7199076e-15
6559.8134999996755 5.6831925e-15
6561.954349999675 5.720728e-15
6564.095199999675 5.7668455e-15
6566.236049999675 5.7298014e-15
6568.376899999675 5.683122e-15
6570.517749999674 5.6054307e-15
6572.658599999674 5.5241464e-15
6574.799449999674 5.513665e-15
6576.940299999674 5.511408e-15
6579.0811499996735 5.4629072e-15
6581.221999999673 5.4090325e-15
6583.362849999673 5.353145e-15
6585.503699999673 5.2970226e-15
6587.644549999673 5.2309523e-15
6589.785399999672 5.1637204e-15
6591.926249999672 5.1708206e-15
6594.067099999672 5.1866076e-15
6596.207949999672 5.1708554e-15
6598.348799999671 5.1514087e-15
6600.489649999671 5.176492e-15
6602.630499999671 5.2067924e-15
6604.771349999671 5.0518396e-15
6606.9121999996705 4.8751197e-15
6609.05304999967 4.921241e-15
6611.19389999967 4.9935464e-15
6613.33474999967 4.9690942e-15
6615.47559999967 4.933245e-15
6617.616449999669 4.8853307e-15
6619.757299999669 4.835995e-15
6621.898149999669 4.780834e-15
6624.038999999669 4.7249844e-15
6626.1798499996685 4.695212e-15
6628.320699999668 4.668528e-15
6630.461549999668 4.58712e-15
6632.602399999668 4.4992277e-15
6634.743249999668 4.4639547e-15
6636.884099999667 4.4349315e-15
6639.024949999667 4.394916e-15
6641.165799999667 4.353594e-15
6643.306649999667 4.3039082e-15
6645.447499999666 4.253226e-15
6647.588349999666 4.2492234e-15
6649.729199999666 4.250782e-15
6651.870049999666 4.201565e-15
6654.0108999996655 4.146284e-15
6656.151749999665 4.0892904e-15
6658.292599999665 4.032093e-15
6660.433449999665 3.956849e-15
6662.574299999665 3.8794444e-15
6664.715149999664 3.7981872e-15
6666.855999999664 3.7164676e-15
6668.996849999664 3.7745597e-15
6671.137699999664 3.8494386e-15
6673.2785499996635 3.7548454e-15
6675.419399999663 3.639844e-15
6677.560249999663 3.659157e-15
6679.701099999663 3.6946442e-15
6681.841949999663 3.661149e-15
6683.982799999662 3.6193265e-15
6686.123649999662 3.5871553e-15
6688.264499999662 3.5561505e-15
6690.405349999662 3.572305e-15
6692.546199999661 3.594169e-15
6694.687049999661 3.5757182e-15
6696.827899999661 3.5523749e-15
6698.968749999661 3.4164026e-15
6701.1095999996605 3.2667547e-15
6703.25044999966 3.2397905e-15
6705.39129999966 3.2277588e-15
6707.53214999966 3.3130972e-15
6709.67299999966 3.410287e-15
6711.813849999659 3.3963349e-15
6713.954699999659 3.368816e-15
6716.095549999659 3.2492745e-15
6718.236399999659 3.1184998e-15
6720.3772499996585 3.1139034e-15
6722.518099999658 3.1247463e-15
6724.658949999658 3.126897e-15
6726.799799999658 3.1279838e-15
6728.940649999658 3.0548777e-15
6731.081499999657 2.9726668e-15
6733.222349999657 3.0099957e-15
6735.363199999657 3.0620294e-15
6737.504049999657 3.0225608e-15
6739.644899999656 2.9718312e-15
6741.785749999656 2.898861e-15
6743.926599999656 2.8231473e-15
6746.067449999656 2.852673e-15
6748.2082999996555 2.8951815e-15
6750.349149999655 2.8581295e-15
6752.489999999655 2.8112392e-15
6754.630849999655 2.7680323e-15
6756.771699999655 2.7252813e-15
6758.912549999654 2.7311961e-15
6761.053399999654 2.7431463e-15
6763.194249999654 2.7160325e-15
6765.335099999654 2.684072e-15
6767.4759499996535 2.6828862e-15
6769.616799999653 2.6855277e-15
6771.757649999653 2.6053327e-15
6773.898499999653 2.5148114e-15
6776.039349999653 2.482741e-15
6778.180199999652 2.4579573e-15
6780.321049999652 2.4983171e-15
6782.461899999652 2.546821e-15
6784.602749999652 2.5197725e-15
6786.743599999651 2.4832787e-15
6788.884449999651 2.481648e-15
6791.025299999651 2.4843858e-15
6793.166149999651 2.4708252e-15
6795.3069999996505 2.455221e-15
6797.44784999965 2.418676e-15
6799.58869999965 2.3794994e-15
6801.72954999965 2.4230078e-15
6803.87039999965 2.476907e-15
6806.011249999649 2.4716256e-15
6808.152099999649 2.458886e-15
6810.292949999649 2.4204953e-15
6812.433799999649 2.3788717e-15
6814.5746499996485 2.3851044e-15
6816.715499999648 2.3973821e-15
6818.856349999648 2.3819579e-15
6820.997199999648 2.3630244e-15
6823.138049999648 2.3602503e-15
6825.278899999647 2.3595231e-15
6827.419749999647 2.3521794e-15
6829.560599999647 2.3439953e-15
6831.701449999647 2.343998e-15
6833.8422999996465 2.3450408e-15
6835.983149999646 2.336176e-15
6838.123999999646 2.3260495e-15
6840.264849999646 2.3699692e-15
6842.405699999646 2.4207706e-15
6844.546549999645 2.3631391e-15
6846.687399999645 2.291669e-15
6848.828249999645 2.192563e-15
6850.969099999645 2.0899286e-15
6853.109949999644 2.1480732e-15
6855.250799999644 2.2267946e-15
6857.391649999644 2.231281e-15
6859.532499999644 2.2262448e-15
6861.6733499996435 2.2138756e-15
6863.814199999643 2.2005653e-15
6865.955049999643 2.3303058e-15
6868.095899999643 2.4784476e-15
6870.236749999643 2.5182537e-15
6872.377599999642 2.544124e-15
6874.518449999642 2.4218603e-15
6876.659299999642 2.2804886e-15
6878.800149999642 2.16717e-15
6880.9409999996415 2.0574701e-15
6883.081849999641 2.0789623e-15
6885.222699999641 2.1174163e-15
6887.363549999641 2.2099755e-15
6889.504399999641 2.309533e-15
6891.64524999964 2.3046282e-15
6893.78609999964 2.2861803e-15
6895.92694999964 2.3386146e-15
6898.06779999964 2.4002597e-15
6900.208649999639 2.4191195e-15
6902.349499999639 2.4324169e-15
6904.490349999639 2.3291714e-15
6906.631199999639 2.2107401e-15
6908.7720499996385 2.2572177e-15
6910.912899999638 2.3251834e-15
6913.053749999638 2.380109e-15
6915.194599999638 2.4333308e-15
6917.335449999638 2.4043193e-15
6919.476299999637 2.3645632e-15
6921.617149999637 2.3976972e-15
6923.757999999637 2.440377e-15
6925.898849999637 2.447349e-15
6928.0396999996365 2.4496428e-15
6930.180549999636 2.4176167e-15
6932.321399999636 2.381084e-15
6934.462249999636 2.3860363e-15
6936.603099999636 2.396449e-15
6938.743949999635 2.384054e-15
6940.884799999635 2.3686559e-15
6943.025649999635 2.3374882e-15
6945.166499999635 2.3042394e-15
6947.307349999634 2.2989423e-15
6949.448199999634 2.2973342e-15
6951.589049999634 2.254022e-15
6953.729899999634 2.205193e-15
6955.8707499996335 2.161156e-15
6958.011599999633 2.117753e-15
6960.152449999633 2.1786346e-15
6962.293299999633 2.2533478e-15
6964.434149999633 2.2699297e-15
6966.574999999632 2.278784e-15
6968.715849999632 2.2996964e-15
6970.856699999632 2.3222124e-15
6972.997549999632 2.3080708e-15
6975.1383999996315 2.2890428e-15
6977.279249999631 2.3148004e-15
6979.420099999631 2.3465278e-15
6981.560949999631 2.2722237e-15
6983.701799999631 2.1837481e-15
6985.84264999963 2.1554867e-15
6987.98349999963 2.1352729e-15
6990.12434999963 2.118075e-15
6992.26519999963 2.1012806e-15
6994.406049999629 2.082736e-15
6996.546899999629 2.063957e-15
6998.687749999629 2.1043782e-15
7000.828599999629 2.1527508e-15
7002.9694499996285 2.129406e-15
7005.110299999628 2.0964072e-15
7007.251149999628 2.072355e-15
7009.391999999628 2.0495078e-15
7011.532849999628 2.1144392e-15
7013.673699999627 2.1912188e-15
7015.814549999627 2.1890012e-15
7017.955399999627 2.1761208e-15
7020.096249999627 2.1490289e-15
7022.2370999996265 2.1200142e-15
7024.377949999626 2.1494744e-15
7026.518799999626 2.1868483e-15
7028.659649999626 2.1407172e-15
7030.800499999626 2.0832593e-15
7032.941349999625 2.0914696e-15
7035.082199999625 2.108607e-15
7037.223049999625 2.1545634e-15
7039.363899999625 2.204439e-15
7041.504749999624 2.2352422e-15
7043.645599999624 2.2634457e-15
7045.786449999624 2.2385493e-15
7047.927299999624 2.2064152e-15
7050.0681499996235 2.1754339e-15
7052.208999999623 2.14461e-15
7054.349849999623 2.116797e-15
7056.490699999623 2.0893954e-15
7058.631549999623 2.1064805e-15
7060.772399999622 2.129659e-15
7062.913249999622 2.148922e-15
7065.054099999622 2.1676484e-15
7067.194949999622 2.1307791e-15
7069.3357999996215 2.086275e-15
7071.476649999621 2.0857632e-15
7073.617499999621 2.091306e-15
7075.758349999621 2.0406383e-15
7077.899199999621 1.9822312e-15
7080.04004999962 1.950191e-15
7082.18089999962 1.9217894e-15
7084.32174999962 1.94959e-15
7086.46259999962 1.9851458e-15
7088.603449999619 1.9349686e-15
7090.744299999619 1.8729298e-15
7092.885149999619 1.8850382e-15
7095.025999999619 1.9074051e-15
7097.1668499996185 1.9627911e-15
7099.307699999618 2.0227551e-15
7101.448549999618 2.010785e-15
7103.589399999618 1.9888361e-15
7105.730249999618 2.0202939e-15
7107.871099999617 2.059176e-15
7110.011949999617 2.1094748e-15
7112.152799999617 2.161364e-15
7114.293649999617 2.1390527e-15
7116.4344999996165 2.1063988e-15
7118.575349999616 2.0137255e-15
7120.716199999616 1.9126684e-15
7122.857049999616 1.9484142e-15
7124.997899999616 2.0032702e-15
7127.138749999615 2.073524e-15
7129.279599999615 2.145933e-15
7131.420449999615 2.1291844e-15
7133.561299999615 2.0999488e-15
7135.702149999614 2.1149142e-15
7137.842999999614 2.136084e-15
7139.983849999614 2.1548882e-15
7142.124699999614 2.1733608e-15
7144.2655499996135 2.1647945e-15
7146.406399999613 2.1524234e-15
7148.547249999613 2.199559e-15
7150.688099999613 2.2550867e-15
7152.828949999613 2.2074593e-15
7154.969799999612 2.1452846e-15
7157.110649999612 2.0357067e-15
7159.251499999612 1.9194266e-15
7161.392349999612 1.9626456e-15
7163.5331999996115 2.0284163e-15
7165.674049999611 2.0376398e-15
7167.814899999611 2.0388507e-15
7169.955749999611 2.053147e-15
7172.096599999611 2.0692985e-15
7174.23744999961 2.1156863e-15
7176.37829999961 2.1663693e-15
7178.51914999961 2.1438012e-15
7180.65999999961 2.110827e-15
7182.800849999609 2.2075752e-15
7184.941699999609 2.322799e-15
7187.082549999609 2.3330834e-15
7189.223399999609 2.3284218e-15
7191.364249999609 2.2122252e-15
7193.505099999608 2.0801088e-15
7195.645949999608 2.1128013e-15
7197.786799999608 2.1690671e-15
7199.927649999608 2.1690943e-15
7202.068499999607 2.1610735e-15
7204.209349999607 2.1370023e-15
7206.350199999607 2.1106297e-15
7208.491049999607 2.1869887e-15
7210.6318999996065 2.278086e-15
7212.772749999606 2.3065554e-15
7214.913599999606 2.3260209e-15
7217.054449999606 2.3320678e-15
7219.195299999606 2.3361855e-15
7221.336149999605 2.3424014e-15
7223.476999999605 2.3489196e-15
7225.617849999605 2.2837817e-15
7227.758699999605 2.2083157e-15
7229.8995499996045 2.161554e-15
7232.040399999604 2.1189385e-15
7234.181249999604 2.0676635e-15
7236.322099999604 2.015135e-15
7238.462949999604 1.9748321e-15
7240.603799999603 1.9362997e-15
7242.744649999603 1.9008345e-15
7244.885499999603 1.8658145e-15
7247.026349999603 1.916686e-15
7249.167199999602 1.9800219e-15
7251.308049999602 1.9844836e-15
7253.448899999602 1.9803802e-15
7255.589749999602 2.029608e-15
7257.7305999996015 2.086595e-15
7259.871449999601 2.084264e-15
7262.012299999601 2.073285e-15
7264.153149999601 2.1029734e-15
7266.293999999601 2.1385932e-15
7268.4348499996 2.0785433e-15
7270.5756999996 2.0045107e-15
7272.7165499996 1.9864428e-15
7274.8573999996 1.9765717e-15
7276.9982499995995 2.0006732e-15
7279.139099999599 2.0297525e-15
7281.279949999599 1.9890968e-15
7283.420799999599 1.9382018e-15
7285.561649999599 1.9218072e-15
7287.702499999598 1.9104786e-15
7289.843349999598 1.9341345e-15
7291.984199999598 1.9629402e-15
7294.125049999598 1.961036e-15
7296.265899999597 1.9546117e-15
7298.406749999597 1.9973983e-15
7300.547599999597 2.0474442e-15
7302.688449999597 2.1579905e-15
7304.8292999995965 2.2774797e-15
7306.970149999596 2.2243712e-15
7309.110999999596 2.1457392e-15
7311.251849999596 1.9077359e-15
7313.392699999596 1.6461162e-15
7315.533549999595 1.7604684e-15
7317.674399999595 1.9305344e-15
7319.815249999595 1.9922444e-15
7321.956099999595 2.0378573e-15
7324.0969499995945 2.06669e-15
7326.237799999594 2.0930298e-15
7328.378649999594 2.0821724e-15
7330.519499999594 2.0657776e-15
7332.660349999594 2.0821503e-15
7334.801199999593 2.103403e-15
7336.942049999593 2.1297614e-15
7339.082899999593 2.1568815e-15
7341.223749999593 2.1075732e-15
7343.364599999592 2.0468358e-15
7345.505449999592 2.0106953e-15
7347.646299999592 1.9782344e-15
7349.787149999592 1.9610219e-15
7351.9279999995915 1.9460953e-15
7354.068849999591 1.9257404e-15
7356.209699999591 1.9045718e-15
7358.350549999591 1.8959755e-15
7360.491399999591 1.8892687e-15
7362.63224999959 1.8771764e-15
7364.77309999959 1.8642753e-15
7366.91394999959 1.8842726e-15
7369.05479999959 1.9092243e-15
7371.1956499995895 1.9488972e-15
7373.336499999589 1.990788e-15
7375.477349999589 2.010074e-15
7377.618199999589 2.0259474e-15
7379.759049999589 2.000475e-15
7381.899899999588 1.968748e-15
7384.040749999588 1.9551682e-15
7386.181599999588 1.9443347e-15
7388.322449999588 1.8939788e-15
7390.463299999587 1.8376297e-15
7392.604149999587 1.8413573e-15
7394.744999999587 1.8541951e-15
7396.885849999587 1.8711178e-15
7399.0266999995865 1.8886611e-15
7401.167549999586 1.9925465e-15
7403.308399999586 2.1095572e-15
7405.449249999586 2.0768022e-15
7407.590099999586 2.021234e-15
7409.730949999585 1.9478433e-15
7411.871799999585 1.8717323e-15
7414.012649999585 1.9244595e-15
7416.153499999585 1.99686e-15
7418.2943499995845 1.9775695e-15
7420.435199999584 1.9442494e-15
7422.576049999584 1.892673e-15
7424.716899999584 1.8383033e-15
7426.857749999584 1.858343e-15
7428.998599999583 1.8897962e-15
7431.139449999583 1.8586908e-15
7433.280299999583 1.8179898e-15
7435.421149999583 1.7977529e-15
7437.561999999582 1.780661e-15
7439.702849999582 1.785144e-15
7441.843699999582 1.792944e-15
7443.984549999582 1.8436828e-15
7446.1253999995815 1.9010371e-15
7448.266249999581 1.95141e-15
7450.407099999581 2.000705e-15
7452.547949999581 1.9316425e-15
7454.688799999581 1.8443014e-15
7456.82964999958 1.8544037e-15
7458.97049999958 1.8795856e-15
7461.11134999958 1.807195e-15
7463.25219999958 1.7197049e-15
7465.3930499995795 1.7649976e-15
7467.533899999579 1.830888e-15
7469.674749999579 1.8073875e-15
7471.815599999579 1.7700203e-15
7473.956449999579 1.733243e-15
7476.097299999578 1.6965574e-15
7478.238149999578 1.6975963e-15
7480.378999999578 1.7045013e-15
7482.519849999578 1.6970542e-15
7484.660699999577 1.6873709e-15
7486.801549999577 1.7296855e-15
7488.942399999577 1.780118e-15
7491.083249999577 1.7907892e-15
7493.2240999995765 1.7952527e-15
7495.364949999576 1.7402561e-15
7497.505799999576 1.675954e-15
7499.646649999576 1.6484101e-15
7501.787499999576 1.6266186e-15
7503.928349999575 1.6174451e-15
7506.069199999575 1.6102502e-15
7508.210049999575 1.6696082e-15
7510.350899999575 1.7394066e-15
7512.4917499995745 1.7041046e-15
7514.632599999574 1.6522825e-15
7516.773449999574 1.6804005e-15
7518.914299999574 1.7210838e-15
7521.055149999574 1.7302609e-15
7523.195999999573 1.7344738e-15
7525.336849999573 1.6999535e-15
7527.477699999573 1.6593303e-15
7529.618549999573 1.6703724e-15
7531.759399999572 1.6895709e-15
7533.900249999572 1.7179893e-15
7536.041099999572 1.7478667e-15
7538.181949999572 1.7198335e-15
7540.3227999995715 1.6826359e-15
7542.463649999571 1.7286943e-15
7544.604499999571 1.7879538e-15
7546.745349999571 1.7718774e-15
7548.886199999571 1.7438507e-15
7551.02704999957 1.7121562e-15
7553.16789999957 1.6798788e-15
7555.30874999957 1.7157692e-15
7557.44959999957 1.7624941e-15
7559.5904499995695 1.804451e-15
7561.731299999569 1.8456482e-15
7563.872149999569 1.8719515e-15
7566.012999999569 1.8958819e-15
7568.153849999569 1.8018258e-15
7570.294699999568 1.6889359e-15
7572.435549999568 1.7298601e-15
7574.576399999568 1.7953859e-15
7576.717249999568 1.8772707e-15
7578.8580999995675 1.961773e-15
7580.998949999567 1.8568885e-15
7583.139799999567 1.7216416e-15
7585.280649999567 1.74568e-15
7587.421499999567 1.7952552e-15
7589.562349999566 1.7501352e-15
7591.703199999566 1.689798e-15
7593.844049999566 1.8231059e-15
7595.984899999566 1.987532e-15
7598.125749999565 1.926924e-15
7600.266599999565 1.8300822e-15
7602.407449999565 1.8830735e-15
7604.548299999565 1.9601992e-15
7606.6891499995645 1.9635897e-15
7608.829999999564 1.95508e-15
7610.970849999564 1.9293992e-15
7613.111699999564 1.9009414e-15
7615.252549999564 1.8161977e-15
7617.393399999563 1.7223485e-15
7619.534249999563 1.609983e-15
7621.675099999563 1.4946163e-15
7623.815949999563 1.5264858e-15
7625.9567999995625 1.5822201e-15
7628.097649999562 1.6253967e-15
7630.238499999562 1.6665333e-15
7632.379349999562 1.752194e-15
7634.520199999562 1.845088e-15
7636.661049999561 1.9095951e-15
7638.801899999561 1.9694812e-15
7640.942749999561 1.9141312e-15
7643.083599999561 1.8400158e-15
7645.22444999956 1.7854347e-15
7647.36529999956 1.7340407e-15
7649.50614999956 1.7253354e-15
7651.64699999956 1.7236086e-15
7653.7878499995595 1.6639047e-15
7655.928699999559 1.5947194e-15
7658.069549999559 1.5625703e-15
7660.210399999559 1.5364895e-15
7662.351249999559 1.6107494e-15
7664.492099999558 1.7014504e-15
7666.632949999558 1.7547859e-15
7668.773799999558 1.801987e-15
7670.914649999558 1.7333745e-15
7673.0554999995575 1.6457415e-15
7675.196349999557 1.5962316e-15
7677.337199999557 1.5529948e-15
7679.478049999557 1.7039231e-15
7681.618899999557 1.8868627e-15
7683.759749999556 1.9202048e-15
7685.900599999556 1.9288738e-15
7688.041449999556 1.7398658e-15
7690.182299999556 1.5181923e-15
7692.323149999555 1.4526477e-15
7694.463999999555 1.4129029e-15
7696.604849999555 1.454294e-15
7698.745699999555 1.5091233e-15
7700.8865499995545 1.5735802e-15
7703.027399999554 1.6396316e-15
7705.168249999554 1.6067037e-15
7707.309099999554 1.5573506e-15
7709.449949999554 1.5775673e-15
7711.590799999553 1.6093331e-15
7713.731649999553 1.5839094e-15
7715.872499999553 1.5489736e-15
7718.013349999553 1.46113e-15
7720.1541999995525 1.3644697e-15
7722.295049999552 1.3448897e-15
7724.435899999552 1.3381596e-15
7726.576749999552 1.4372061e-15
7728.717599999552 1.5539201e-15
7730.858449999551 1.5669932e-15
7732.999299999551 1.5627556e-15
7735.140149999551 1.5149208e-15
7737.280999999551 1.4597875e-15
7739.42184999955 1.5006731e-15
7741.56269999955 1.5576331e-15
7743.70354999955 1.5963685e-15
7745.84439999955 1.6320471e-15
7747.9852499995495 1.6121434e-15
7750.126099999549 1.5828994e-15
7752.266949999549 1.5704487e-15
7754.407799999549 1.5608213e-15
7756.548649999549 1.5637235e-15
7758.689499999548 1.568736e-15
7760.830349999548 1.5979122e-15
7762.971199999548 1.6311581e-15
7765.112049999548 1.6362149e-15
7767.2528999995475 1.6365131e-15
7769.393749999547 1.6043941e-15
7771.534599999547 1.5668028e-15
7773.675449999547 1.5492973e-15
7775.816299999547 1.5351888e-15
