5858.49 1.2600605
5858.98995 1.2598845
5859.4899000000005 1.2597084
5859.989850000001 1.2605257
5860.489800000001 1.2613431
5860.989750000002 1.2624549
5861.489700000002 1.2635669
5861.989650000002 1.2639352
5862.489600000003 1.2643032
5862.989550000003 1.264056
5863.489500000003 1.2638084
5863.989450000004 1.2638963
5864.489400000004 1.2639848
5864.989350000004 1.2646624
5865.489300000005 1.2653408
5865.989250000005 1.2659808
5866.489200000005 1.266621
5866.989150000006 1.2667401
5867.489100000006 1.2668583
5867.9890500000065 1.266776
5868.489000000007 1.2666932
5868.988950000007 1.2670544
5869.488900000008 1.2674165
5869.988850000008 1.2682084
5870.488800000008 1.269001
5870.988750000009 1.2697071
5871.488700000009 1.2704129
5871.988650000009 1.2706935
5872.48860000001 1.2709732
5872.98855000001 1.2707586
5873.48850000001 1.2705429
5873.988450000011 1.2699168
5874.488400000011 1.2692896
5874.988350000011 1.2690161
5875.488300000012 1.2687436
5875.988250000012 1.2684451
5876.4882000000125 1.2681464
5876.988150000013 1.2679967
5877.488100000013 1.2678473
5877.988050000014 1.2679021
5878.488000000014 1.2679577
5878.987950000014 1.268127
5879.487900000015 1.2682967
5879.987850000015 1.2684205
5880.487800000015 1.268544
5880.987750000016 1.2684349
5881.487700000016 1.268325
5881.987650000016 1.2678502
5882.487600000017 1.2673738
5882.987550000017 1.2665223
5883.4875000000175 1.265669
5883.987450000018 1.2647
5884.487400000018 1.2637304
5884.9873500000185 1.2632046
5885.487300000019 1.2626808
5885.987250000019 1.2627925
5886.48720000002 1.2629073
5886.98715000002 1.2630739
5887.48710000002 1.2632409
5887.987050000021 1.2626947
5888.487000000021 1.2621447
5888.986950000021 1.2611636
5889.486900000022 1.2601801
5889.986850000022 1.2599881
5890.486800000022 1.2598007
5890.986750000023 1.2605566
5891.486700000023 1.2613181
5891.9866500000235 1.2617059
5892.486600000024 1.2620915
5892.986550000024 1.2610881
5893.4865000000245 1.2600762
5893.986450000025 1.2582687
5894.486400000025 1.2564561
5894.986350000026 1.255269
5895.486300000026 1.254086
5895.986250000026 1.2536025
5896.486200000027 1.2531239
5896.986150000027 1.2521291
5897.486100000027 1.2511307
5897.986050000028 1.2491928
5898.486000000028 1.247248
5898.985950000028 1.2453376
5899.485900000029 1.2434274
5899.985850000029 1.2424145
5900.4858000000295 1.2414083
5900.98575000003 1.2407185
5901.48570000003 1.2400312
5901.985650000031 1.2382827
5902.485600000031 1.2365255
5902.985550000031 1.2335856
5903.485500000032 1.230636
5903.985450000032 1.2276071
5904.485400000032 1.2245775
5904.985350000033 1.2224375
5905.485300000033 1.2203051
5905.985250000033 1.2195954
5906.485200000034 1.2188982
5906.985150000034 1.2196931
5907.485100000034 1.2205012
5907.985050000035 1.2225076
5908.485000000035 1.2245251
5908.9849500000355 1.2271202
5909.484900000036 1.2297207
5909.984850000036 1.2321221
5910.484800000037 1.2345215
5910.984750000037 1.2358238
5911.484700000037 1.2371154
5911.984650000038 1.2370373
5912.484600000038 1.2369457
5912.984550000038 1.2361042
5913.484500000039 1.2352552
5913.984450000039 1.2344276
5914.484400000039 1.2336001
5914.98435000004 1.233076
5915.48430000004 1.2325548
5915.98425000004 1.2323202
5916.484200000041 1.2320886
5916.984150000041 1.2320156
5917.4841000000415 1.2319443
5917.984050000042 1.2315986
5918.484000000042 1.2312499
5918.983950000043 1.2305025
5919.483900000043 1.2297506
5919.983850000043 1.2292305
5920.483800000044 1.2287132
5920.983750000044 1.2291489
5921.483700000044 1.2295955
5921.983650000045 1.2305429
5922.483600000045 1.2314961
5922.983550000045 1.2316222
5923.483500000046 1.2317383
5923.983450000046 1.2306597
5924.4834000000465 1.2295666
5924.983350000047 1.2280804
5925.483300000047 1.2265894
5925.9832500000475 1.2255306
5926.483200000048 1.2244772
5926.983150000048 1.2241474
5927.483100000049 1.2238269
5927.983050000049 1.2240812
5928.483000000049 1.2243428
5928.98295000005 1.2249242
5929.48290000005 1.2255096
5929.98285000005 1.226067
5930.482800000051 1.2266239
5930.982750000051 1.2269015
5931.482700000051 1.2271755
5931.982650000052 1.2270049
5932.482600000052 1.2268282
5932.9825500000525 1.2263024
5933.482500000053 1.2257717
5933.982450000053 1.2254076
5934.4824000000535 1.2250459
5934.982350000054 1.2254242
5935.482300000054 1.225813
5935.982250000055 1.2268739
5936.482200000055 1.2279445
5936.982150000055 1.2290934
5937.482100000056 1.2302436
5937.982050000056 1.2310667
5938.482000000056 1.2318852
5938.981950000057 1.2322575
5939.481900000057 1.2326233
5939.981850000057 1.2324018
5940.481800000058 1.2321715
5940.981750000058 1.2310922
5941.4817000000585 1.2299999
5941.981650000059 1.2280728
5942.481600000059 1.2261326
5942.9815500000595 1.2241098
5943.48150000006 1.2220856
5943.98145000006 1.2213148
5944.481400000061 1.2205639
5944.981350000061 1.2210249
5945.481300000061 1.2215054
5945.981250000062 1.2213477
5946.481200000062 1.2211795
5946.981150000062 1.2190729
5947.481100000063 1.2169344
5947.981050000063 1.2137916
5948.481000000063 1.2106322
5948.980950000064 1.208661
5949.480900000064 1.2067094
5949.9808500000645 1.2064807
5950.480800000065 1.2062812
5950.980750000065 1.2067751
5951.480700000066 1.2072809
5951.980650000066 1.2076716
5952.480600000066 1.2080605
5952.980550000067 1.2081252
5953.480500000067 1.2081842
5953.980450000067 1.2080251
5954.480400000068 1.2078621
5954.980350000068 1.2076038
5955.480300000068 1.2073438
5955.980250000069 1.2071211
5956.480200000069 1.2068992
5956.980150000069 1.206874
5957.48010000007 1.2068524
5957.98005000007 1.2072271
5958.4800000000705 1.2076092
5958.979950000071 1.2084202
5959.479900000071 1.209239
5959.979850000072 1.2102078
5960.479800000072 1.2111794
5960.979750000072 1.2120132
5961.479700000073 1.2128446
5961.979650000073 1.2136517
5962.479600000073 1.2144582
5962.979550000074 1.2156539
5963.479500000074 1.216857
5963.979450000074 1.2184507
5964.479400000075 1.2200519
5964.979350000075 1.2216209
5965.479300000075 1.2231891
5965.979250000076 1.2245096
5966.479200000076 1.2258251
5966.9791500000765 1.2270203
5967.479100000077 1.228213
5967.979050000077 1.2293886
5968.479000000078 1.2305639
5968.978950000078 1.2316965
5969.478900000078 1.2328283
5969.978850000079 1.2338955
5970.478800000079 1.2349614
5970.978750000079 1.2357229
5971.47870000008 1.2364781
5971.97865000008 1.2362096
5972.47860000008 1.2359196
5972.978550000081 1.2345248
5973.478500000081 1.2331067
5973.9784500000815 1.2317771
5974.478400000082 1.2304494
5974.978350000082 1.2305689
5975.4783000000825 1.2307197
5975.978250000083 1.2318331
5976.478200000083 1.2329675
5976.978150000084 1.2331516
5977.478100000084 1.2333146
5977.978050000084 1.2321675
5978.478000000085 1.2309911
5978.977950000085 1.2300195
5979.477900000085 1.2290524
5979.977850000086 1.2293459
5980.477800000086 1.2296681
5980.977750000086 1.2308011
5981.477700000087 1.2319525
5981.977650000087 1.2328404
5982.4776000000875 1.2337222
5982.977550000088 1.2338605
5983.477500000088 1.2339816
5983.9774500000885 1.2333177
5984.477400000089 1.2326354
5984.977350000089 1.2314188
5985.47730000009 1.2301896
5985.97725000009 1.2291023
5986.47720000009 1.2280182
5986.977150000091 1.2274494
5987.477100000091 1.2268931
5987.977050000091 1.226493
5988.477000000092 1.2260966
5988.976950000092 1.2252792
5989.476900000092 1.2244515
5989.976850000093 1.2234311
5990.476800000093 1.222406
5990.9767500000935 1.2220333
5991.476700000094 1.2216768
5991.976650000094 1.2219821
5992.476600000095 1.222304
5992.976550000095 1.2223164
5993.476500000095 1.2223212
5993.976450000096 1.2212591
5994.476400000096 1.2201703
5994.976350000096 1.2181542
5995.476300000097 1.2161146
5995.976250000097 1.2138815
5996.476200000097 1.2116435
5996.976150000098 1.2100251
5997.476100000098 1.2084227
5997.976050000098 1.2083194
5998.476000000099 1.2082552
5998.975950000099 1.2094294
5999.4759000000995 1.210636
5999.9758500001 1.2112743
6000.4758000001 1.2118974
6000.975750000101 1.2106913
6001.475700000101 1.2094364
6001.975650000101 1.2071916
6002.475600000102 1.20492
6002.975550000102 1.2036414
6003.475500000102 1.2023898
6003.975450000103 1.2024087
6004.475400000103 1.2024623
6004.975350000103 1.2024955
6005.475300000104 1.2025281
6005.975250000104 1.201791
6006.475200000104 1.2010326
6006.975150000105 1.1997586
6007.475100000105 1.1984704
6007.9750500001055 1.1973112
6008.475000000106 1.1961555
6008.974950000106 1.1957039
6009.474900000107 1.195272
6009.974850000107 1.1951791
6010.474800000107 1.195096
6010.974750000108 1.1949857
6011.474700000108 1.1948748
6011.974650000108 1.1939253
6012.474600000109 1.1929517
6012.974550000109 1.1910536
6013.474500000109 1.1891286
6013.97445000011 1.1867754
6014.47440000011 1.1844097
6014.9743500001105 1.183079
6015.474300000111 1.1817787
6015.974250000111 1.1817852
6016.4742000001115 1.1818303
6016.974150000112 1.1825755
6017.474100000112 1.1833415
6017.974050000113 1.1841971
6018.474000000113 1.1850554
6018.973950000113 1.1853927
6019.473900000114 1.1857145
6019.973850000114 1.1853893
6020.473800000114 1.1850443
6020.973750000115 1.1846917
6021.473700000115 1.1843388
6021.973650000115 1.1846737
6022.473600000116 1.1850297
6022.973550000116 1.1858085
6023.4735000001165 1.1866004
6023.973450000117 1.1868329
6024.473400000117 1.1870478
6024.9733500001175 1.1865854
6025.473300000118 1.1861017
6025.973250000118 1.1857946
6026.473200000119 1.1854931
6026.973150000119 1.1859429
6027.473100000119 1.1864164
6027.97305000012 1.1874361
6028.47300000012 1.1884732
6028.97295000012 1.1894737
6029.472900000121 1.190473
6029.972850000121 1.1909584
6030.472800000121 1.1914272
6030.972750000122 1.1909474
6031.472700000122 1.190437
6031.9726500001225 1.1891686
6032.472600000123 1.1878754
6032.972550000123 1.186799
6033.472500000124 1.1857297
6033.972450000124 1.1854005
6034.472400000124 1.1850958
6034.972350000125 1.1849438
6035.472300000125 1.1847968
6035.972250000125 1.1838917
6036.472200000126 1.1829611
6036.972150000126 1.181336
6037.472100000126 1.1796875
6037.972050000127 1.1781377
6038.472000000127 1.1765912
6038.971950000127 1.1755543
6039.471900000128 1.1745347
6039.971850000128 1.1739799
6040.4718000001285 1.173441
6040.971750000129 1.173006
6041.471700000129 1.1725746
6041.97165000013 1.1715186
6042.47160000013 1.170441
6042.97155000013 1.1697128
6043.471500000131 1.1689968
6043.971450000131 1.16847
6044.471400000131 1.16795
6044.971350000132 1.167317
6045.471300000132 1.1666802
6045.971250000132 1.1658002
6046.471200000133 1.1649116
6046.971150000133 1.1650636
6047.471100000133 1.1652528
6047.971050000134 1.1656815
6048.471000000134 1.1661187
6048.9709500001345 1.1663417
6049.470900000135 1.166557
6049.970850000135 1.1662827
6050.470800000136 1.1659905
6050.970750000136 1.16503
6051.470700000136 1.1640452
6051.970650000137 1.1623596
6052.470600000137 1.1606482
6052.970550000137 1.1585376
6053.470500000138 1.1564124
6053.970450000138 1.1545305
6054.470400000138 1.1526575
6054.970350000139 1.1513786
6055.470300000139 1.1501218
6055.9702500001395 1.1491264
6056.47020000014 1.1481408
6056.97015000014 1.1467187
6057.4701000001405 1.1452804
6057.970050000141 1.1432217
6058.470000000141 1.1411396
6058.969950000142 1.1386687
6059.469900000142 1.1361829
6059.969850000142 1.1336316
6060.469800000143 1.1310778
6060.969750000143 1.1288661
6061.469700000143 1.1266675
6061.969650000144 1.125083
6062.469600000144 1.1235219
6062.969550000144 1.1223992
6063.469500000145 1.1212934
6063.969450000145 1.1201214
6064.4694000001455 1.1189467
6064.969350000146 1.1173207
6065.469300000146 1.1156769
6065.9692500001465 1.1132985
6066.469200000147 1.1108913
6066.969150000147 1.1080245
6067.469100000148 1.1051395
6067.969050000148 1.1027765
6068.469000000148 1.1004343
6068.968950000149 1.099382
6069.468900000149 1.0983813
6069.968850000149 1.0982649
6070.46880000015 1.0981841
6070.96875000015 1.0978004
6071.46870000015 1.0974045
6071.968650000151 1.0962716
6072.468600000151 1.095109
6072.9685500001515 1.0935651
6073.468500000152 1.0920058
6073.968450000152 1.0902009
6074.4684000001525 1.088386
6074.968350000153 1.0859832
6075.468300000153 1.0835562
6075.968250000154 1.0802324
6076.468200000154 1.0768715
6076.968150000154 1.0729237
6077.468100000155 1.0689514
6077.968050000155 1.065147
6078.468000000155 1.0613497
6078.967950000156 1.0582751
6079.467900000156 1.0552306
6079.967850000156 1.053234
6080.467800000157 1.0512815
6080.967750000157 1.0500939
6081.4677000001575 1.0489386
6081.967650000158 1.0475292
6082.467600000158 1.0461091
6082.967550000159 1.0435245
6083.467500000159 1.0408903
6083.967450000159 1.0374025
6084.46740000016 1.0338781
6084.96735000016 1.030717
6085.46730000016 1.0275716
6085.967250000161 1.0251254
6086.467200000161 1.0227094
6086.967150000161 1.0202708
6087.467100000162 1.0178313
6087.967050000162 1.0148908
6088.467000000162 1.0119284
6088.966950000163 1.0088093
6089.466900000163 1.0056833
6089.9668500001635 1.0029451
6090.466800000164 1.000224
6090.966750000164 0.99764377
6091.466700000165 0.9950698
6091.966650000165 0.991791
6092.466600000165 0.9884808
6092.966550000166 0.98418444
6093.466500000166 0.979844
6093.966450000166 0.9749222
6094.466400000167 0.96997434
6094.966350000167 0.964927
6095.466300000167 0.9598752
6095.966250000168 0.95498425
6096.466200000168 0.95010054
6096.966150000168 0.94545877
6097.466100000169 0.94082797
6097.966050000169 0.936544
6098.4660000001695 0.9322759
6098.96595000017 0.92845714
6099.46590000017 0.924659
6099.965850000171 0.9209599
6100.465800000171 0.91726536
6100.965750000171 0.9127384
6101.465700000172 0.90817297
6101.965650000172 0.90233785
6102.465600000172 0.8964438
6102.965550000173 0.89000905
6103.465500000173 0.883549
6103.965450000173 0.87779397
6104.465400000174 0.87207204
6104.965350000174 0.8671524
6105.4653000001745 0.8622706
6105.965250000175 0.8572542
6106.465200000175 0.8522315
6106.9651500001755 0.84663194
6107.465100000176 0.841005
6107.965050000176 0.8350602
6108.465000000177 0.8291002
6108.964950000177 0.8233291
6109.464900000177 0.81756705
6109.964850000178 0.81238693
6110.464800000178 0.80723476
6110.964750000178 0.8028136
6111.464700000179 0.7984277
6111.964650000179 0.7940725
6112.464600000179 0.7897188
6112.96455000018 0.7838673
6113.46450000018 0.7779429
6113.9644500001805 0.77014816
6114.464400000181 0.7622619
6114.964350000181 0.75382525
6115.4643000001815 0.7453616
6115.964250000182 0.7377713
6116.464200000182 0.730224
6116.964150000183 0.7236151
6117.464100000183 0.71705246
6117.964050000183 0.7106445
6118.464000000184 0.70424414
6118.963950000184 0.697964
6119.463900000184 0.6916898
6119.963850000185 0.68620175
6120.463800000185 0.68075305
6120.963750000185 0.67634934
6121.463700000186 0.6719981
6121.963650000186 0.66822135
6122.4636000001865 0.66447365
6122.963550000187 0.6606782
6123.463500000187 0.6568803
6123.963450000188 0.65289336
6124.463400000188 0.64889675
6124.963350000188 0.6449499
6125.463300000189 0.6410055
6125.963250000189 0.6372052
6126.463200000189 0.6334122
6126.96315000019 0.62973756
6127.46310000019 0.626069
6127.96305000019 0.6224539
6128.463000000191 0.6188416
6128.962950000191 0.61519945
6129.462900000191 0.61155576
6129.962850000192 0.60778064
6130.462800000192 0.6039986
6130.9627500001925 0.5999933
6131.462700000193 0.5959763
6131.962650000193 0.591664
6132.462600000194 0.5873363
6132.962550000194 0.58289653
6133.462500000194 0.5784508
6133.962450000195 0.5743596
6134.462400000195 0.57028717
6134.962350000195 0.56678283
6135.462300000196 0.56330866
6135.962250000196 0.56005704
6136.462200000196 0.55681723
6136.962150000197 0.55326974
6137.462100000197 0.54970574
6137.962050000197 0.54580784
6138.462000000198 0.541892
6138.961950000198 0.538054
6139.4619000001985 0.5342203
6139.961850000199 0.53075206
6140.461800000199 0.52730364
6140.9617500002 0.52437955
6141.4617000002 0.5214839
6141.9616500002 0.5189763
6142.461600000201 0.51648974
6142.961550000201 0.5139025
6143.461500000201 0.51130974
6143.961450000202 0.50810635
6144.461400000202 0.50486946
6144.961350000202 0.5012289
6145.461300000203 0.4975661
6145.961250000203 0.49430826
6146.4612000002035 0.49107283
6146.961150000204 0.48862147
6147.461100000204 0.48621365
6147.9610500002045 0.48432687
6148.461000000205 0.48246917
6148.960950000205 0.48079035
6149.460900000206 0.47912154
6149.960850000206 0.4775961
6150.460800000206 0.47607875
6150.960750000207 0.47480989
6151.460700000207 0.47355497
6151.960650000207 0.4723952
6152.460600000208 0.47124085
6152.960550000208 0.46982655
6153.460500000208 0.4683975
6153.960450000209 0.46638793
6154.460400000209 0.46434537
6154.9603500002095 0.46146894
6155.46030000021 0.4585449
6155.96025000021 0.45493546
6156.4602000002105 0.4512867
6156.960150000211 0.44762903
6157.460100000211 0.4439709
6157.960050000212 0.44112927
6158.460000000212 0.43833485
6158.959950000212 0.43653107
6159.459900000213 0.43478477
6159.959850000213 0.43361723
6160.459800000213 0.43248338
6160.959750000214 0.43151808
6161.459700000214 0.43056262
6161.959650000214 0.42940965
6162.459600000215 0.42824516
6162.959550000215 0.42668587
6163.4595000002155 0.4251034
6163.959450000216 0.42324248
6164.459400000216 0.42136517
6164.959350000217 0.41953793
6165.459300000217 0.4177136
6165.959250000217 0.41620144
6166.459200000218 0.4147078
6166.959150000218 0.41375077
6167.459100000218 0.41282567
6167.959050000219 0.41243696
6168.459000000219 0.4120803
6168.958950000219 0.41188344
6169.45890000022 0.41169614
6169.95885000022 0.41133025
6170.45880000022 0.4109536
6170.958750000221 0.41053423
6171.458700000221 0.4101123
6171.9586500002215 0.41004837
6172.458600000222 0.41000617
6172.958550000222 0.41027203
6173.458500000223 0.41055664
6173.958450000223 0.4106582
6174.458400000223 0.4107486
6174.958350000224 0.4103794
6175.458300000224 0.4099821
6175.958250000224 0.4092264
6176.458200000225 0.40844873
6176.958150000225 0.40755895
6177.458100000225 0.4066623
6177.958050000226 0.40615973
6178.458000000226 0.40568152
6178.957950000226 0.4058431
6179.457900000227 0.40604436
6179.957850000227 0.40672204
6180.4578000002275 0.4074294
6180.957750000228 0.40799335
6181.457700000228 0.40854833
6181.957650000229 0.40855706
6182.457600000229 0.40853155
6182.957550000229 0.40805218
6183.45750000023 0.40754423
6183.95745000023 0.40708238
6184.45740000023 0.40662342
6184.957350000231 0.40613967
6185.457300000231 0.40565434
6185.957250000231 0.40497467
6186.457200000232 0.40428266
6186.957150000232 0.40366066
6187.4571000002325 0.40304312
6187.957050000233 0.40329495
6188.457000000233 0.4036023
6188.9569500002335 0.4050108
6189.456900000234 0.4064898
6189.956850000234 0.4082293
6190.456800000235 0.4099855
6190.956750000235 0.41094518
6191.456700000235 0.4118535
6191.956650000236 0.4121284
6192.456600000236 0.41236228
6192.956550000236 0.4130558
6193.456500000237 0.4137792
6193.956450000237 0.415328
6194.456400000237 0.41693062
6194.956350000238 0.41886964
6195.456300000238 0.4208307
6195.9562500002385 0.42252973
6196.456200000239 0.42421162
6196.956150000239 0.4252286
6197.4561000002395 0.4262019
6197.95605000024 0.4263373
6198.45600000024 0.4264175
6198.955950000241 0.42598185
6199.455900000241 0.42551214
6199.955850000241 0.4253018
6200.455800000242 0.42510864
6200.955750000242 0.4257785
6201.455700000242 0.42650583
6201.955650000243 0.42843926
6202.455600000243 0.43045324
6202.955550000243 0.43342572
6203.455500000244 0.43646246
6203.955450000244 0.43947053
6204.4554000002445 0.44247666
6204.955350000245 0.44436485
6205.455300000245 0.4461776
6205.9552500002455 0.44701287
6206.455200000246 0.44778195
6206.955150000246 0.44878492
6207.455100000247 0.4498037
6207.955050000247 0.4516392
6208.455000000247 0.4535302
6208.954950000248 0.45591497
6209.454900000248 0.45833343
6209.954850000248 0.46104512
6210.454800000249 0.46377686
6210.954750000249 0.46645913
6211.454700000249 0.46913806
6211.95465000025 0.47214076
6212.45460000025 0.47516575
6212.9545500002505 0.47854134
6213.454500000251 0.48194116
6213.954450000251 0.4854451
6214.454400000252 0.48895627
6214.954350000252 0.49246386
6215.454300000252 0.4959712
6215.954250000253 0.49955493
6216.454200000253 0.50314397
6216.954150000253 0.5063776
6217.454100000254 0.50958633
6217.954050000254 0.51269215
6218.454000000254 0.5157907
6218.953950000255 0.5188065
6219.453900000255 0.5218165
6219.953850000255 0.524658
6220.453800000256 0.52748764
6220.953750000256 0.5298909
6221.4537000002565 0.532264
6221.953650000257 0.53433394
6222.453600000257 0.5363825
6222.953550000258 0.53881794
6223.453500000258 0.541281
6223.953450000258 0.5446608
6224.453400000259 0.5481061
6224.953350000259 0.5521145
6225.453300000259 0.55616325
6225.95325000026 0.55990154
6226.45320000026 0.5636176
6226.95315000026 0.56689984
6227.453100000261 0.5701508
6227.953050000261 0.57364506
6228.453000000261 0.57715684
6228.952950000262 0.5812377
6229.452900000262 0.5853597
6229.9528500002625 0.5897012
6230.452800000263 0.5940586
6230.952750000263 0.59809387
6231.452700000264 0.60210574
6231.952650000264 0.6056778
6232.452600000264 0.60921776
6232.952550000265 0.61253446
6233.452500000265 0.6158348
6233.952450000265 0.6189523
6234.452400000266 0.62205637
6234.952350000266 0.6247575
6235.452300000266 0.627429
6235.952250000267 0.6298415
6236.452200000267 0.6322348
6236.9521500002675 0.6352077
6237.452100000268 0.6382236
6237.952050000268 0.64266217
6238.4520000002685 0.6472065
6238.951950000269 0.6526309
6239.451900000269 0.65812105
6239.95185000027 0.66286993
6240.45180000027 0.66756344
6240.95175000027 0.6710554
6241.451700000271 0.6744574
6241.951650000271 0.6776885
6242.451600000271 0.6809067
6242.951550000272 0.68470305
6243.451500000272 0.6885429
6243.951450000272 0.6925057
6244.451400000273 0.6964778
6244.951350000273 0.6996744
6245.4513000002735 0.7028123
6245.951250000274 0.7051852
6246.451200000274 0.70749986
6246.9511500002745 0.70978135
6247.451100000275 0.7120602
6247.951050000275 0.71462685
6248.451000000276 0.7172154
6248.950950000276 0.719879
6249.450900000276 0.7225482
6249.950850000277 0.72503406
6250.450800000277 0.7275058
6250.950750000277 0.7297198
6251.450700000278 0.7319139
6251.950650000278 0.7339454
6252.450600000278 0.73596436
6252.950550000279 0.7379909
6253.450500000279 0.74001807
6253.9504500002795 0.74230945
6254.45040000028 0.74462134
6254.95035000028 0.74712425
6255.450300000281 0.74964195
6255.950250000281 0.7518639
6256.450200000281 0.7540627
6256.950150000282 0.75561774
6257.450100000282 0.75712234
6257.950050000282 0.7582174
6258.450000000283 0.75928026
6258.949950000283 0.7605276
6259.449900000283 0.76178944
6259.949850000284 0.763439
6260.449800000284 0.7651192
6260.949750000284 0.7669806
6261.449700000285 0.76885635
6261.949650000285 0.7707872
6262.4496000002855 0.7727225
6262.949550000286 0.7747414
6263.449500000286 0.776767
6263.949450000287 0.77901286
6264.449400000287 0.7812762
6264.949350000287 0.7839944
6265.449300000288 0.7867489
6265.949250000288 0.79013515
6266.449200000288 0.79357207
6266.949150000289 0.79728955
6267.449100000289 0.8010295
6267.949050000289 0.80417097
6268.44900000029 0.80726415
6268.94895000029 0.8094246
6269.44890000029 0.81150955
6269.948850000291 0.8131742
6270.448800000291 0.8148048
6270.9487500002915 0.8166345
6271.448700000292 0.8184804
6271.948650000292 0.82054645
6272.448600000293 0.82263047
6272.948550000293 0.8245059
6273.448500000293 0.82636434
6273.948450000294 0.82792723
6274.448400000294 0.8294658
6274.948350000294 0.8309851
6275.448300000295 0.8325028
6275.948250000295 0.83422947
6276.448200000295 0.8359733
6276.948150000296 0.83802754
6277.448100000296 0.8401073
6277.9480500002965 0.8424306
6278.448000000297 0.844774
6278.947950000297 0.84713745
6279.4479000002975 0.8495025
6279.947850000298 0.8515377
6280.447800000298 0.8535455
6280.947750000299 0.8551195
6281.447700000299 0.85665745
6281.947650000299 0.85790604
6282.4476000003 0.85913044
6282.9475500003 0.86027706
6283.4475000003 0.8614171
6283.947450000301 0.86271566
6284.447400000301 0.86402744
6284.947350000301 0.8657128
6285.447300000302 0.8674297
6285.947250000302 0.86956716
6286.4472000003025 0.87174016
6286.947150000303 0.8741807
6287.447100000303 0.8766438
6287.9470500003035 0.8789513
6288.447000000304 0.8812457
6288.946950000304 0.8826618
6289.446900000305 0.8840033
6289.946850000305 0.88432777
6290.446800000305 0.8845655
6290.946750000306 0.88462716
6291.446700000306 0.8846738
6291.946650000306 0.8855902
6292.446600000307 0.8865813
6292.946550000307 0.888505
6293.446500000307 0.89050895
6293.946450000308 0.8927048
6294.446400000308 0.89491713
6294.9463500003085 0.8970194
6295.446300000309 0.8991121
6295.946250000309 0.90135545
6296.44620000031 0.90361184
6296.94615000031 0.9057024
6297.44610000031 0.90777856
6297.946050000311 0.909313
6298.446000000311 0.91080034
6298.945950000311 0.9113755
6299.445900000312 0.9118712
6299.945850000312 0.91164696
6300.445800000312 0.91135985
6300.945750000313 0.9110166
6301.445700000313 0.91066843
6301.945650000313 0.91075134
6302.445600000314 0.9108722
6302.945550000314 0.91166824
6303.4455000003145 0.91252375
6303.945450000315 0.91391706
6304.445400000315 0.915358
6304.945350000316 0.9171157
6305.445300000316 0.9189015
6305.945250000316 0.9205664
6306.445200000317 0.9222205
6306.945150000317 0.92350805
6307.445100000317 0.92476296
6307.945050000318 0.9256108
6308.445000000318 0.9264222
6308.944950000318 0.92699504
6309.444900000319 0.9275467
6309.944850000319 0.9282115
6310.444800000319 0.9288865
6310.94475000032 0.9298881
6311.44470000032 0.9309192
6311.9446500003205 0.93212736
6312.444600000321 0.9333514
6312.944550000321 0.9344744
6313.444500000322 0.93558824
6313.944450000322 0.9365436
6314.444400000322 0.9374846
6314.944350000323 0.9383675
6315.444300000323 0.9392451
6315.944250000323 0.9402031
6316.444200000324 0.9411683
6316.944150000324 0.94240165
6317.444100000324 0.9436595
6317.944050000325 0.9452991
6318.444000000325 0.94697356
6318.9439500003255 0.9487886
6319.443900000326 0.9506165
6319.943850000326 0.9521056
6320.4438000003265 0.95356363
6320.943750000327 0.9547062
6321.443700000327 0.9558197
6321.943650000328 0.95719784
6322.443600000328 0.9586004
6322.943550000328 0.9605141
6323.443500000329 0.96247506
6323.943450000329 0.96448916
6324.443400000329 0.9665081
6324.94335000033 0.96800643
6325.44330000033 0.96945643
6325.94325000033 0.9704796
6326.443200000331 0.971463
6326.943150000331 0.9725916
6327.4431000003315 0.9737337
6327.943050000332 0.9750633
6328.443000000332 0.9764105
6328.9429500003325 0.9773962
6329.442900000333 0.9783479
6329.942850000333 0.97952074
6330.442800000334 0.9807143
6330.942750000334 0.98208064
6331.442700000334 0.9834631
6331.942650000335 0.9848826
6332.442600000335 0.9863055
6332.942550000335 0.98762524
6333.442500000336 0.9889352
6333.942450000336 0.9900206
6334.442400000336 0.99108475
6334.942350000337 0.9920093
6335.442300000337 0.99292064
6335.9422500003375 0.994009
6336.442200000338 0.9951143
6336.942150000338 0.99674916
6337.4421000003385 0.9984346
6337.942050000339 1.000014
6338.442000000339 1.0015832
6338.94195000034 1.002566
6339.44190000034 1.0034924
6339.94185000034 1.004119
6340.441800000341 1.0047168
6340.941750000341 1.0058925
6341.441700000341 1.0071241
6341.941650000342 1.008914
6342.441600000342 1.0107579
6342.941550000342 1.0119721
6343.441500000343 1.0131252
6343.941450000343 1.0129412
6344.4414000003435 1.0126277
6344.941350000344 1.0116441
6345.441300000344 1.0105956
6345.941250000345 1.0101228
6346.441200000345 1.0097061
6346.941150000345 1.0100656
6347.441100000346 1.0105007
6347.941050000346 1.0110365
6348.441000000346 1.0115823
6348.940950000347 1.0118338
6349.440900000347 1.0120564
6349.940850000347 1.0121268
6350.440800000348 1.0121824
6350.940750000348 1.0122992
6351.440700000348 1.0124221
6351.940650000349 1.0126057
6352.440600000349 1.0127952
6352.9405500003495 1.0128899
6353.44050000035 1.012975
6353.94045000035 1.0130485
6354.440400000351 1.013121
6354.940350000351 1.0134939
6355.440300000351 1.0138967
6355.940250000352 1.0145941
6356.440200000352 1.0153207
6356.940150000352 1.0158647
6357.440100000353 1.0163906
6357.940050000353 1.0164192
6358.440000000353 1.016398
6358.939950000354 1.0162761
6359.439900000354 1.0161443
6359.939850000354 1.0166088
6360.439800000355 1.0171334
6360.939750000355 1.0181335
6361.4397000003555 1.0191816
6361.939650000356 1.0198143
6362.439600000356 1.020405
6362.939550000357 1.0201012
6363.439500000357 1.0197067
6363.939450000357 1.0186031
6364.439400000358 1.0174274
6364.939350000358 1.0160099
6365.439300000358 1.014568
6365.939250000359 1.0133011
6366.439200000359 1.0120522
6366.939150000359 1.0113165
6367.43910000036 1.0106333
6367.93905000036 1.0103086
6368.4390000003605 1.0100205
6368.938950000361 1.00937
6369.438900000361 1.0086823
6369.9388500003615 1.0073516
6370.438800000362 1.0059551
6370.938750000362 1.0044774
6371.438700000363 1.0029913
6371.938650000363 1.0020732
6372.438600000363 1.0012137
6372.938550000364 1.0006797
6373.438500000364 1.0001795
6373.938450000364 0.9991606
6374.438400000365 0.9980879
6374.938350000365 0.9964079
6375.438300000365 0.99466485
6375.938250000366 0.993098
6376.438200000366 0.9915495
6376.9381500003665 0.99075794
6377.438100000367 0.99004525
6377.938050000367 0.99008495
6378.4380000003675 0.99020326
6378.937950000368 0.9906947
6379.437900000368 0.99122524
6379.937850000369 0.99161756
6380.437800000369 0.99199533
6380.937750000369 0.9916435
6381.43770000037 0.9912149
6381.93765000037 0.9901139
6382.43760000037 0.988942
6382.937550000371 0.9879035
6383.437500000371 0.98687893
6383.937450000371 0.9866169
6384.437400000372 0.98643565
6384.937350000372 0.98697555
6385.4373000003725 0.9875921
6385.937250000373 0.98847747
6386.437200000373 0.98939145
6386.937150000374 0.9902142
6387.437100000374 0.9910273
6387.937050000374 0.99149936
6388.437000000375 0.9919351
6388.936950000375 0.99200547
6389.436900000375 0.99203676
6389.936850000376 0.99200606
6390.436800000376 0.99196875
6390.936750000376 0.99203575
6391.436700000377 0.99211395
6391.936650000377 0.9919995
6392.436600000377 0.9918643
6392.936550000378 0.9911063
6393.436500000378 0.990281
6393.9364500003785 0.989093
6394.436400000379 0.98786587
6394.936350000379 0.9871171
6395.43630000038 0.9864202
6395.93625000038 0.9865042
6396.43620000038 0.98667294
6396.936150000381 0.9871908
6397.436100000381 0.98774654
6397.936050000381 0.9881514
6398.436000000382 0.98853976
6398.935950000382 0.98867196
6399.435900000382 0.9887762
6399.935850000383 0.9887493
6400.435800000383 0.988708
6400.935750000383 0.9885846
6401.435700000384 0.98845214
6401.935650000384 0.98824
6402.4356000003845 0.9880191
6402.935550000385 0.9876423
6403.435500000385 0.9872483
6403.935450000386 0.9864675
6404.435400000386 0.9856439
6404.935350000386 0.9844084
6405.435300000387 0.9831273
6405.935250000387 0.9817737
6406.435200000387 0.980412
6406.935150000388 0.9794887
6407.435100000388 0.978614
6407.935050000388 0.97830886
6408.435000000389 0.9780671
6408.934950000389 0.97816795
6409.4349000003895 0.97830707
6409.93485000039 0.978512
6410.43480000039 0.97872424
6410.9347500003905 0.97868115
6411.434700000391 0.97860944
6411.934650000391 0.97805464
6412.434600000392 0.97744566
6412.934550000392 0.97640646
6413.434500000392 0.9753189
6413.934450000393 0.9740766
6414.434400000393 0.97281694
6414.934350000393 0.9717757
6415.434300000394 0.97075915
6415.934250000394 0.97042686
6416.434200000394 0.97017205
6416.934150000395 0.97048396
6417.434100000395 0.9708601
6417.9340500003955 0.97077805
6418.434000000396 0.97064394
6418.933950000396 0.9691388
6419.4339000003965 0.9674776
6419.933850000397 0.96479243
6420.433800000397 0.96199036
6420.933750000398 0.959433
6421.433700000398 0.9569037
6421.933650000398 0.95518917
6422.433600000399 0.95356774
6422.933550000399 0.9525264
6423.433500000399 0.95155144
6423.9334500004 0.95084786
6424.4334000004 0.9501754
6424.9333500004 0.94961673
6425.433300000401 0.94907117
6425.933250000401 0.94850856
6426.4332000004015 0.947944
6426.933150000402 0.947066
6427.433100000402 0.9461518
6427.933050000403 0.9445798
6428.433000000403 0.94293153
6428.932950000403 0.94085056
6429.432900000404 0.93871945
6429.932850000404 0.9370429
6430.432800000404 0.93541926
6430.932750000405 0.93481094
6431.432700000405 0.9343209
6431.932650000405 0.9345986
6432.432600000406 0.93496597
6432.932550000406 0.93537027
6433.432500000406 0.93577886
6433.932450000407 0.9356261
6434.432400000407 0.93540764
6434.9323500004075 0.9341456
6435.432300000408 0.9327612
6435.932250000408 0.93050176
6436.432200000409 0.92813945
6436.932150000409 0.925921
6437.432100000409 0.92371947
6437.93205000041 0.92240393
6438.43200000041 0.92119306
6438.93195000041 0.920572
6439.431900000411 0.92002064
6439.931850000411 0.91913384
6440.431800000411 0.9182072
6440.931750000412 0.91659737
6441.431700000412 0.91490626
6441.931650000412 0.9127165
6442.431600000413 0.9104674
6442.931550000413 0.9080118
6443.4315000004135 0.9055316
6443.931450000414 0.9032129
6444.431400000414 0.9009135
6444.931350000415 0.8990093
6445.431300000415 0.8971524
6445.931250000415 0.89578557
6446.431200000416 0.8944774
6446.931150000416 0.8935823
6447.431100000416 0.89273673
6447.931050000417 0.8920521
6448.431000000417 0.8913868
6448.930950000417 0.8903647
6449.430900000418 0.8892996
6449.930850000418 0.88784003
6450.4308000004185 0.88633287
6450.930750000419 0.8851831
6451.430700000419 0.8840766
6451.9306500004195 0.88395995
6452.43060000042 0.88396335
6452.93055000042 0.8844534
6453.430500000421 0.88500255
6453.930450000421 0.88477325
6454.430400000421 0.88444906
6454.930350000422 0.8830756
6455.430300000422 0.8815743
6455.930250000422 0.87980354
6456.430200000423 0.8779999
6456.930150000423 0.8764634
6457.430100000423 0.87495965
6457.930050000424 0.8735803
6458.430000000424 0.8722161
6458.9299500004245 0.8706494
6459.429900000425 0.86905783
6459.929850000425 0.86739546
6460.4298000004255 0.8657243
6460.929750000426 0.8643914
6461.429700000426 0.8631001
6461.929650000427 0.86212456
6462.429600000427 0.86118805
6462.929550000427 0.86005914
6463.429500000428 0.85890645
6463.929450000428 0.8573146
6464.429400000428 0.8556682
6464.929350000429 0.8538796
6465.429300000429 0.8520733
6465.929250000429 0.85064626
6466.42920000043 0.8492664
6466.92915000043 0.84850526
6467.4291000004305 0.84782124
6467.929050000431 0.8477568
6468.429000000431 0.84776974
6468.9289500004315 0.8482834
6469.428900000432 0.84885967
6469.928850000432 0.84973663
6470.428800000433 0.8506513
6470.928750000433 0.85150003
6471.428700000433 0.8523405
6471.928650000434 0.8526002
6472.428600000434 0.8527868
6472.928550000434 0.8519979
6473.428500000435 0.85108596
6473.928450000435 0.8495152
6474.428400000435 0.8478612
6474.928350000436 0.84648585
6475.428300000436 0.8451458
6475.9282500004365 0.84449357
6476.428200000437 0.84392864
6476.928150000437 0.84367776
6477.428100000438 0.8434669
6477.928050000438 0.8431376
6478.428000000438 0.84279335
6478.927950000439 0.8422874
6479.427900000439 0.8417609
6479.927850000439 0.8412584
6480.42780000044 0.8407589
6480.92775000044 0.8401443
6481.42770000044 0.83951485
6481.927650000441 0.83836657
6482.427600000441 0.8371518
6482.927550000441 0.8354444
6483.427500000442 0.8336737
6483.927450000442 0.8320986
6484.4274000004425 0.83054864
6484.927350000443 0.8297262
6485.427300000443 0.8289977
6485.927250000444 0.82869315
6486.427200000444 0.82844347
6486.927150000444 0.8278087
6487.427100000445 0.827124
6487.927050000445 0.8257865
6488.427000000445 0.8243643
6488.926950000446 0.8225513
6489.426900000446 0.82068765
6489.926850000446 0.8187839
6490.426800000447 0.8168749
6490.926750000447 0.81527925
6491.426700000447 0.8137244
6491.926650000448 0.8127672
6492.426600000448 0.811888
6492.9265500004485 0.81169015
6493.426500000449 0.81158143
6493.926450000449 0.81203926
6494.42640000045 0.81257135
6494.92635000045 0.8135493
6495.42630000045 0.8145857
6495.926250000451 0.81600416
6496.426200000451 0.8174729
6496.926150000451 0.8190514
6497.426100000452 0.8206443
6497.926050000452 0.8217804
6498.426000000452 0.8228562
6498.925950000453 0.8230361
6499.425900000453 0.8230975
6499.9258500004535 0.8223906
6500.425800000454 0.82158214
6500.925750000454 0.820581
6501.4257000004545 0.8195544
6501.925650000455 0.8186131
6502.425600000455 0.81768316
6502.925550000456 0.81677717
6503.425500000456 0.81587434
6503.925450000456 0.8149553
6504.425400000457 0.8140341
6504.925350000457 0.8131745
6505.425300000457 0.81232303
6505.925250000458 0.8116716
6506.425200000458 0.811047
6506.925150000458 0.8107438
6507.425100000459 0.8104837
6507.925050000459 0.8106496
6508.4250000004595 0.81087273
6508.92495000046 0.8114393
6509.42490000046 0.812052
6509.9248500004605 0.8126544
6510.424800000461 0.8132553
6510.924750000461 0.8135633
6511.424700000462 0.8138317
6511.924650000462 0.81381
6512.424600000462 0.8137491
6512.924550000463 0.8135617
6513.424500000463 0.8133572
6513.924450000463 0.81302744
6514.424400000464 0.8126808
6514.924350000464 0.8120444
6515.424300000464 0.8113686
6515.924250000465 0.81044453
6516.424200000465 0.8094866
6516.9241500004655 0.80856633
6517.424100000466 0.8076511
6517.924050000466 0.807073
6518.424000000467 0.80654097
6518.923950000467 0.8064708
6519.423900000467 0.8064639
6519.923850000468 0.8068736
6520.423800000468 0.8073405
6520.923750000468 0.80791885
6521.423700000469 0.8085125
6521.923650000469 0.80866057
6522.423600000469 0.80874723
6522.92355000047 0.8083426
6523.42350000047 0.80787027
6523.92345000047 0.8075071
6524.423400000471 0.80715895
6524.923350000471 0.8074364
6525.4233000004715 0.8078003
6525.923250000472 0.8085851
6526.423200000472 0.8094283
6526.923150000473 0.8100613
6527.423100000473 0.8106651
6527.923050000473 0.81075615
6528.423000000474 0.810776
6528.922950000474 0.81025374
6529.422900000474 0.80965596
6529.922850000475 0.8086717
6530.422800000475 0.8076335
6530.922750000475 0.8065386
6531.422700000476 0.8054357
6531.922650000476 0.8046561
6532.422600000476 0.8039217
6532.922550000477 0.8036764
6533.422500000477 0.8034998
6533.9224500004775 0.80376834
6534.422400000478 0.80409926
6534.922350000478 0.80464244
6535.422300000479 0.8052154
6535.922250000479 0.80558294
6536.422200000479 0.80592155
6536.92215000048 0.80577683
6537.42210000048 0.805564
6537.92205000048 0.80480623
6538.422000000481 0.80397147
6538.921950000481 0.8027654
6539.421900000481 0.80150694
6539.921850000482 0.8002791
6540.421800000482 0.79905564
6540.9217500004825 0.79840297
6541.421700000483 0.7978315
6541.921650000483 0.7977748
6542.4216000004835 0.7977915
6542.921550000484 0.7975736
6543.421500000484 0.79732233
6543.921450000485 0.7964136
6544.421400000485 0.79541093
6544.921350000485 0.7941097
6545.421300000486 0.79276574
6545.921250000486 0.79179525
6546.421200000486 0.79087824
6546.921150000487 0.79036355
6547.421100000487 0.7899065
6547.921050000487 0.78938454
6548.421000000488 0.78885317
6548.920950000488 0.78818375
6549.4209000004885 0.7874945
6549.920850000489 0.78714657
6550.420800000489 0.7868479
6550.9207500004895 0.78708386
6551.42070000049 0.7873971
6551.92065000049 0.7876726
6552.420600000491 0.7879425
6552.920550000491 0.78739196
6553.420500000491 0.7867224
6553.920450000492 0.7853899
6554.420400000492 0.7839611
6554.920350000492 0.78286487
6555.420300000493 0.781817
6555.920250000493 0.7814491
6556.420200000493 0.78118014
6556.920150000494 0.78102535
6557.420100000494 0.78088725
6557.9200500004945 0.780342
6558.420000000495 0.7797373
6558.919950000495 0.77893054
6559.4199000004955 0.77809423
6559.919850000496 0.7776443
6560.419800000496 0.77725095
6560.919750000497 0.777249
6561.419700000497 0.77730453
6561.919650000497 0.7772239
6562.419600000498 0.77712315
6562.919550000498 0.77672917
6563.419500000498 0.77629197
6563.919450000499 0.77604115
6564.419400000499 0.7758178
6564.919350000499 0.7761965
6565.4193000005 0.77666414
6565.9192500005 0.7775031
6566.4192000005005 0.778397
6566.919150000501 0.7790121
6567.419100000501 0.7795857
6567.919050000502 0.779571
6568.419000000502 0.7794689
6568.918950000502 0.77882963
6569.418900000503 0.77811056
6569.918850000503 0.77710694
6570.418800000503 0.776061
6570.918750000504 0.7751473
6571.418700000504 0.7742534
6571.918650000504 0.7738353
6572.418600000505 0.7734883
6572.918550000505 0.77359045
6573.418500000505 0.7737599
6573.918450000506 0.77405125
6574.418400000506 0.77436084
6574.9183500005065 0.77443135
6575.418300000507 0.7744659
6575.918250000507 0.7738441
6576.418200000508 0.7731235
6576.918150000508 0.7718401
6577.418100000508 0.7704719
6577.918050000509 0.7694064
6578.418000000509 0.76838666
6578.917950000509 0.76855856
6579.41790000051 0.7689105
6579.91785000051 0.7702482
6580.41780000051 0.771735
6580.917750000511 0.7731479
6581.417700000511 0.77454954
6581.9176500005115 0.7752431
6582.417600000512 0.77582926
6582.917550000512 0.7755744
6583.4175000005125 0.77519166
6583.917450000513 0.77413434
6584.417400000513 0.77297425
6584.917350000514 0.7715228
6585.417300000514 0.7700269
6585.917250000514 0.768701
6586.417200000515 0.76740116
6586.917150000515 0.76651126
6587.417100000515 0.7656842
6587.917050000516 0.7652433
6588.417000000516 0.76486164
6588.916950000516 0.7647896
6589.416900000517 0.7647651
6589.916850000517 0.764924
6590.4168000005175 0.7651111
6590.916750000518 0.76525795
6591.416700000518 0.7653987
6591.9166500005185 0.76526994
6592.416600000519 0.76509964
6592.916550000519 0.7647379
6593.41650000052 0.7643465
6593.91645000052 0.7636941
6594.41640000052 0.7630013
6594.916350000521 0.76184577
6595.416300000521 0.7606185
6595.916250000521 0.7590385
6596.416200000522 0.75740373
6596.916150000522 0.75597334
6597.416100000522 0.7545748
6597.916050000523 0.7537394
6598.416000000523 0.75299186
6598.9159500005235 0.75243086
6599.415900000524 0.751899
6599.915850000524 0.75077343
6600.4158000005245 0.74955505
6600.915750000525 0.7482827
6601.415700000525 0.7470019
6601.915650000526 0.74597234
6602.415600000526 0.7449822
6602.915550000526 0.74432033
6603.415500000527 0.7437101
6603.915450000527 0.743211
6604.415400000527 0.7427294
6604.915350000528 0.74203056
6605.415300000528 0.74129754
6605.915250000528 0.7401271
6606.415200000529 0.7388876
6606.915150000529 0.7370999
6607.4151000005295 0.7352255
6607.91505000053 0.733108
6608.41500000053 0.73095196
6608.914950000531 0.7293357
6609.414900000531 0.7278051
6609.914850000531 0.72703105
6610.414800000532 0.7263771
6610.914750000532 0.7256707
6611.414700000532 0.7249559
6611.914650000533 0.723306
6612.414600000533 0.7215071
6612.914550000533 0.7191945
6613.414500000534 0.7168001
6613.914450000534 0.7152627
6614.414400000534 0.71386206
6614.914350000535 0.71360195
6615.414300000535 0.7135241
6615.9142500005355 0.7136097
6616.414200000536 0.71372145
6616.914150000536 0.713275
6617.414100000537 0.712739
6617.914050000537 0.7119004
6618.414000000537 0.7110132
6618.913950000538 0.7104677
6619.413900000538 0.70997715
6619.913850000538 0.70986676
6620.413800000539 0.7098177
6620.913750000539 0.70973873
6621.413700000539 0.709655
6621.91365000054 0.7092365
6622.41360000054 0.70876384
6622.91355000054 0.7077551
6623.413500000541 0.70665944
6623.913450000541 0.7052419
6624.4134000005415 0.70377225
6624.913350000542 0.70260036
6625.413300000542 0.7014768
6625.913250000543 0.70068425
6626.413200000543 0.6999455
6626.913150000543 0.69956946
6627.413100000544 0.69925255
6627.913050000544 0.6992996
6628.413000000544 0.69940597
6628.912950000545 0.6997638
6629.412900000545 0.70016265
6629.912850000545 0.7005627
6630.412800000546 0.7009631
6630.912750000546 0.7012197
6631.4127000005465 0.7014527
6631.912650000547 0.7016993
6632.412600000547 0.70194817
6632.9125500005475 0.7025424
6633.412500000548 0.7031935
6633.912450000548 0.7027904
6634.412400000549 0.70221364
6634.912350000549 0.7012606
6635.412300000549 0.7002455
6635.91225000055 0.69940853
6636.41220000055 0.69860095
6636.91215000055 0.69797134
6637.412100000551 0.6973711
6637.912050000551 0.69677967
6638.412000000551 0.69618964
6638.911950000552 0.69561213
6639.411900000552 0.69503665
6639.9118500005525 0.6945583
6640.411800000553 0.6940961
6640.911750000553 0.69372267
6641.4117000005535 0.693364
6641.911650000554 0.6929593
6642.411600000554 0.69254684
6642.911550000555 0.6920821
6643.411500000555 0.6916086
6643.911450000555 0.6912993
6644.411400000556 0.6910175
6644.911350000556 0.6910537
6645.411300000556 0.69114304
6645.911250000557 0.6911742
6646.411200000557 0.69119567
6646.911150000557 0.69042736
6647.411100000558 0.68952656
6647.911050000558 0.6878608
6648.4110000005585 0.68606645
6648.910950000559 0.684424
6649.410900000559 0.682807
6649.91085000056 0.6819168
6650.41080000056 0.6811489
6650.91075000056 0.6807652
6651.410700000561 0.6804464
6651.910650000561 0.67981404
6652.410600000561 0.67912877
6652.910550000562 0.67812264
6653.410500000562 0.6770621
6653.910450000562 0.6762176
6654.410400000563 0.6754098
6654.910350000563 0.67506295
6655.410300000563 0.67479444
6655.910250000564 0.67482626
6656.410200000564 0.67490923
6656.9101500005645 0.67506963
6657.410100000565 0.6752432
6657.910050000565 0.67538834
6658.410000000566 0.6755287
6658.909950000566 0.6755725
6659.409900000566 0.6755999
6659.909850000567 0.675318
6660.409800000567 0.6749832
6660.909750000567 0.67398626
6661.409700000568 0.67287594
6661.909650000568 0.67126215
6662.409600000568 0.669562
6662.909550000569 0.668199
6663.409500000569 0.6668939
6663.909450000569 0.6665242
6664.40940000057 0.66631544
6664.90935000057 0.66663945
6665.4093000005705 0.66705537
6665.909250000571 0.66701025
6666.409200000571 0.6668855
6666.909150000572 0.6660739
6667.409100000572 0.6651436
6667.909050000572 0.66401345
6668.409000000573 0.6628487
6668.908950000573 0.66189766
6669.408900000573 0.6609837
6669.908850000574 0.6604863
6670.408800000574 0.66006106
6670.908750000574 0.6599724
6671.408700000575 0.65994227
6671.908650000575 0.6599006
6672.4086000005755 0.6598569
6672.908550000576 0.65961134
6673.408500000576 0.65933055
6673.9084500005765 0.6588847
6674.408400000577 0.65841
6674.908350000577 0.6580738
6675.408300000578 0.6577618
6675.908250000578 0.65765905
6676.408200000578 0.657593
6676.908150000579 0.6573192
6677.408100000579 0.657009
6677.908050000579 0.65612364
6678.40800000058 0.65513724
6678.90795000058 0.6539274
6679.40790000058 0.65267825
6679.907850000581 0.65211785
6680.407800000581 0.6516788
6680.9077500005815 0.6520167
6681.407700000582 0.65249145
6681.907650000582 0.6528417
6682.4076000005825 0.6531699
6682.907550000583 0.6528295
6683.407500000583 0.6523709
6683.907450000584 0.65166277
6684.407400000584 0.6509104
6684.907350000584 0.650713
6685.407300000585 0.65061414
6685.907250000585 0.6512295
6686.407200000585 0.6519717
6686.907150000586 0.6530603
6687.407100000586 0.65421057
6687.907050000586 0.6553846
6688.407000000587 0.65656286
6688.906950000587 0.6575857
6689.4069000005875 0.6585808
6689.906850000588 0.6592274
6690.406800000588 0.6598117
6690.9067500005885 0.6597633
6691.406700000589 0.65960175
6691.906650000589 0.6586017
6692.40660000059 0.6574516
6692.90655000059 0.65580076
6693.40650000059 0.6540602
6693.906450000591 0.65262437
6694.406400000591 0.6512432
6694.906350000591 0.65047234
6695.406300000592 0.6498112
6695.906250000592 0.64931273
6696.406200000592 0.6488435
6696.906150000593 0.6480708
6697.406100000593 0.64724326
6697.9060500005935 0.64623404
6698.406000000594 0.6451919
6698.905950000594 0.6444458
6699.405900000595 0.64375323
6699.905850000595 0.643474
6700.405800000595 0.6432696
6700.905750000596 0.64327264
6701.405700000596 0.6433133
6701.905650000596 0.64328253
6702.405600000597 0.64323884
6702.905550000597 0.64275414
6703.405500000597 0.6421893
6703.905450000598 0.641137
6704.405400000598 0.639996
6704.905350000598 0.6388446
6705.405300000599 0.6376914
6705.905250000599 0.63649523
6706.4052000005995 0.63529134
6706.9051500006 0.6340134
6707.4051000006 0.632722
6707.905050000601 0.63131857
6708.405000000601 0.6298947
6708.904950000601 0.6283659
6709.404900000602 0.6268179
6709.904850000602 0.6252538
6710.404800000602 0.6236868
6710.904750000603 0.6222093
6711.404700000603 0.62074834
6711.904650000603 0.6195555
6712.404600000604 0.61841196
6712.904550000604 0.61765844
6713.4045000006045 0.61697686
6713.904450000605 0.616628
6714.404400000605 0.6163406
6714.9043500006055 0.61607987
6715.404300000606 0.61582404
6715.904250000606 0.6153605
6716.404200000607 0.6148585
6716.904150000607 0.6141708
6717.404100000607 0.61344856
6717.904050000608 0.6127061
6718.404000000608 0.61195993
6718.903950000608 0.6112078
6719.403900000609 0.6104545
6719.903850000609 0.60956824
6720.403800000609 0.6086572
6720.90375000061 0.6076537
6721.40370000061 0.606633
6721.9036500006105 0.60578305
6722.403600000611 0.604965
6722.903550000611 0.6044718
6723.4035000006115 0.6040395
6723.903450000612 0.60375583
6724.403400000612 0.6035
6724.903350000613 0.6030337
6725.403300000613 0.602528
6725.903250000613 0.60184723
6726.403200000614 0.60113364
6726.903150000614 0.60067785
6727.403100000614 0.60027045
6727.903050000615 0.60027206
6728.403000000615 0.60035056
6728.902950000615 0.6005466
6729.402900000616 0.6007648
6729.902850000616 0.60072905
6730.4028000006165 0.6006454
6730.902750000617 0.60022485
6731.402700000617 0.59974056
6731.9026500006175 0.59907
6732.402600000618 0.5983642
6732.902550000618 0.5977368
6733.402500000619 0.5971242
6733.902450000619 0.5969773
6734.402400000619 0.5969188
6734.90235000062 0.5974382
6735.40230000062 0.5980675
6735.90225000062 0.59898144
6736.402200000621 0.59994954
6736.902150000621 0.6007828
6737.402100000621 0.60159034
6737.902050000622 0.6020964
6738.402000000622 0.6025449
6738.9019500006225 0.6027524
6739.401900000623 0.60291386
6739.901850000623 0.60293317
6740.401800000624 0.6029253
6740.901750000624 0.6029298
6741.401700000624 0.6029366
6741.901650000625 0.60302645
6742.401600000625 0.6031322
6742.901550000625 0.6032089
6743.401500000626 0.60327995
6743.901450000626 0.6031492
6744.401400000626 0.6029795
6744.901350000627 0.602556
6745.401300000627 0.60208356
6745.901250000627 0.6014043
6746.401200000628 0.6006852
6746.901150000628 0.5998687
6747.4011000006285 0.5990334
6747.901050000629 0.5982734
6748.401000000629 0.5975279
6748.90095000063 0.5969654
6749.40090000063 0.5964382
6749.90085000063 0.596072
6750.400800000631 0.595737
6750.900750000631 0.59545237
6751.400700000631 0.5951776
6751.900650000632 0.5948372
6752.400600000632 0.59448403
6752.900550000632 0.59396243
6753.400500000633 0.59340805
6753.900450000633 0.5925493
6754.400400000633 0.5916312
6754.900350000634 0.5902278
6755.400300000634 0.58872956
6755.9002500006345 0.5867951
6756.400200000635 0.58477527
6756.900150000635 0.58280265
6757.400100000636 0.5808393
6757.900050000636 0.57962644
6758.400000000636 0.5785609
6758.899950000637 0.5782775
6759.399900000637 0.5781479
6759.899850000637 0.57813066
6760.399800000638 0.57813555
6760.899750000638 0.57787424
6761.399700000638 0.5775606
6761.899650000639 0.5771989
6762.399600000639 0.57682776
6762.8995500006395 0.57673526
6763.39950000064 0.57669777
6763.89945000064 0.57686687
6764.3994000006405 0.57707685
6764.899350000641 0.5771537
6765.399300000641 0.57720417
6765.899250000642 0.5768709
6766.399200000642 0.5764617
6766.899150000642 0.5755005
6767.399100000643 0.5744297
6767.899050000643 0.5728687
6768.399000000643 0.5712104
6768.898950000644 0.56948984
6769.398900000644 0.567757
6769.898850000644 0.5664979
6770.398800000645 0.56533337
6770.898750000645 0.56484103
6771.3987000006455 0.56448275
6771.898650000646 0.5646836
6772.398600000646 0.56499606
6772.8985500006465 0.565678
6773.398500000647 0.56643385
6773.898450000647 0.56733495
6774.398400000648 0.56826514
6774.898350000648 0.5690859
6775.398300000648 0.5698847
6775.898250000649 0.57028836
6776.398200000649 0.57061255
6776.898150000649 0.5703344
6777.39810000065 0.569935
6777.89805000065 0.5690442
6778.39800000065 0.5680543
6778.897950000651 0.56699806
6779.397900000651 0.5659284
6779.8978500006515 0.5650633
6780.397800000652 0.5642395
6780.897750000652 0.5636457
6781.397700000653 0.56309843
6781.897650000653 0.56268847
6782.397600000653 0.5623062
6782.897550000654 0.5620667
6783.397500000654 0.56185603
6783.897450000654 0.5618673
6784.397400000655 0.5619236
6784.897350000655 0.56221014
6785.397300000655 0.5625434
6785.897250000656 0.56300294
6786.397200000656 0.5634881
6786.897150000656 0.5639987
6787.397100000657 0.56451446
6787.897050000657 0.5650525
6788.3970000006575 0.5655951
6788.896950000658 0.56615704
6789.396900000658 0.56672287
6789.896850000659 0.56711215
6790.396800000659 0.5674653
6790.896750000659 0.56732756
6791.39670000066 0.56708926
6791.89665000066 0.56635773
6792.39660000066 0.56552505
6792.896550000661 0.56452554
6793.396500000661 0.56349176
6793.896450000661 0.56260294
6794.396400000662 0.5617438
6794.896350000662 0.56123227
6795.396300000662 0.56079227
6795.896250000663 0.5607587
6796.396200000663 0.5608089
6796.8961500006635 0.56107664
6797.396100000664 0.5613892
6797.896050000664 0.5615415
6798.396000000665 0.5616606
6798.895950000665 0.56152934
6799.395900000665 0.56134623
6799.895850000666 0.5612017
6800.395800000666 0.5610651
6800.895750000666 0.5611021
6801.395700000667 0.56117505
6801.895650000667 0.56115115
6802.395600000667 0.5611071
6802.895550000668 0.5605576
6803.395500000668 0.5599029
6803.8954500006685 0.55871767
6804.395400000669 0.55742186
6804.895350000669 0.55587375
6805.3953000006695 0.55427307
6805.89525000067 0.5527187
6806.39520000067 0.5511741
6806.895150000671 0.5499635
6807.395100000671 0.5488227
6807.895050000671 0.5481979
6808.395000000672 0.54768115
6808.894950000672 0.5476433
6809.394900000672 0.54770577
6809.894850000673 0.54801756
6810.394800000673 0.5483816
6810.894750000673 0.5487135
6811.394700000674 0.5490386
6811.894650000674 0.5490352
6812.3946000006745 0.5489627
6812.894550000675 0.5484904
6813.394500000675 0.5479339
6813.8944500006755 0.54720336
6814.394400000676 0.5464362
6814.894350000676 0.5456271
6815.394300000677 0.54480916
6815.894250000677 0.54372555
6816.394200000677 0.5425858
6816.894150000678 0.54080194
6817.394100000678 0.5388819
6817.894050000678 0.5365558
6818.394000000679 0.5341438
6818.893950000679 0.53216845
6819.393900000679 0.5302858
6819.89385000068 0.52925086
6820.39380000068 0.528396
6820.8937500006805 0.5280948
6821.393700000681 0.5279114
6821.893650000681 0.5277373
6822.3936000006815 0.5275653
6822.893550000682 0.527229
6823.393500000682 0.5268578
6823.893450000683 0.5264485
6824.393400000683 0.5260311
6824.893350000683 0.52566606
6825.393300000684 0.5253122
6825.893250000684 0.52506626
6826.393200000684 0.52484345
6826.893150000685 0.5247284
6827.393100000685 0.52463645
6827.893050000685 0.5246017
6828.393000000686 0.5245792
6828.892950000686 0.52452046
6829.3929000006865 0.5244539
6829.892850000687 0.5242445
6830.392800000687 0.5240044
6830.892750000688 0.5234788
6831.392700000688 0.52289176
6831.892650000688 0.52207655
6832.392600000689 0.5212121
6832.892550000689 0.52043337
6833.392500000689 0.5196731
6833.89245000069 0.5192296
6834.39240000069 0.51885456
6834.89235000069 0.5185758
6835.392300000691 0.51831776
6835.892250000691 0.51766974
6836.392200000691 0.5169371
6836.892150000692 0.51589745
6837.392100000692 0.5147911
6837.8920500006925 0.5140692
6838.392000000693 0.5134309
6838.891950000693 0.5134796
6839.391900000694 0.5136776
6839.891850000694 0.51411283
6840.391800000694 0.5145998
6840.891750000695 0.5147221
6841.391700000695 0.5147649
6841.891650000695 0.51449573
6842.391600000696 0.5141585
6842.891550000696 0.51401854
6843.391500000696 0.5139218
6843.891450000697 0.5140753
6844.391400000697 0.51428354
6844.8913500006975 0.51426506
6845.391300000698 0.5141969
6845.891250000698 0.51376045
6846.3912000006985 0.51324314
6846.891150000699 0.5129063
6847.391100000699 0.5126092
6847.8910500007 0.5132607
6848.3910000007 0.5141211
6848.8909500007 0.5154942
6849.390900000701 0.51698035
6849.890850000701 0.5176762
6850.390800000701 0.5181978
6850.890750000702 0.51756686
6851.390700000702 0.51668155
6851.890650000702 0.5154345
6852.390600000703 0.5141075
6852.890550000703 0.5131778
6853.3905000007035 0.5123361
6853.890450000704 0.5119994
6854.390400000704 0.51177466
6854.8903500007045 0.51176554
6855.390300000705 0.51180434
6855.890250000705 0.51184654
6856.390200000706 0.5118895
6856.890150000706 0.51174283
6857.390100000706 0.511554
6857.890050000707 0.5111124
6858.390000000707 0.51061445
6858.889950000707 0.5099674
6859.389900000708 0.509287
6859.889850000708 0.50858223
6860.389800000708 0.5078719
6860.889750000709 0.5071481
6861.389700000709 0.5064212
6861.8896500007095 0.5055069
6862.38960000071 0.5045507
6862.88955000071 0.5033539
6863.3895000007105 0.5021032
6863.889450000711 0.50102264
6864.389400000711 0.4999803
6864.889350000712 0.4992813
6865.389300000712 0.49865943
6865.889250000712 0.49802348
6866.389200000713 0.49738434
6866.889150000713 0.4963533
6867.389100000713 0.49523395
6867.889050000714 0.49403688
6868.389000000714 0.49282223
6868.888950000714 0.4923049
6869.388900000715 0.49194497
6869.888850000715 0.4922346
6870.3888000007155 0.4926711
6870.888750000716 0.4928159
6871.388700000716 0.49289468
6871.888650000717 0.4920988
6872.388600000717 0.49110493
6872.888550000717 0.48948938
6873.388500000718 0.4877329
6873.888450000718 0.48594695
6874.388400000718 0.4841543
6874.888350000719 0.48257965
6875.388300000719 0.48105448
6875.888250000719 0.4797739
6876.38820000072 0.47854903
6876.88815000072 0.4774717
6877.38810000072 0.47642803
6877.888050000721 0.47520146
6878.388000000721 0.4739331
6878.8879500007215 0.4723182
6879.387900000722 0.47062406
6879.887850000722 0.46898228
6880.387800000723 0.46735245
6880.887750000723 0.46598458
6881.387700000723 0.46467674
6881.887650000724 0.46354663
6882.387600000724 0.4624573
6882.887550000724 0.4613099
6883.387500000725 0.4601492
6883.887450000725 0.45892897
6884.387400000725 0.45769507
6884.887350000726 0.4563999
6885.387300000726 0.45509064
6885.887250000726 0.45371842
6886.387200000727 0.4523317
6886.887150000727 0.45153868
6887.3871000007275 0.45088258
6887.887050000728 0.45056215
6888.387000000728 0.45031926
6888.886950000729 0.45016488
6889.386900000729 0.45003098
6889.886850000729 0.44978884
6890.38680000073 0.4495216
6890.88675000073 0.4490366
6891.38670000073 0.4485011
6891.886650000731 0.44775838
6892.386600000731 0.44696754
6892.886550000731 0.4460759
6893.386500000732 0.44516084
6893.886450000732 0.44424388
6894.3864000007325 0.44332647
6894.886350000733 0.4428088
6895.386300000733 0.4423842
6895.8862500007335 0.44260103
6896.386200000734 0.44296733
6896.886150000734 0.44325396
6897.386100000735 0.44352198
6897.886050000735 0.44317222
6898.386000000735 0.44267806
6898.885950000736 0.44173974
6899.385900000736 0.44069752
6899.885850000736 0.43975225
6900.385800000737 0.4388297
6900.885750000737 0.43833598
6901.385700000737 0.43794286
6901.885650000738 0.43816492
6902.385600000738 0.43853146
6902.8855500007385 0.43941155
6903.385500000739 0.4404124
6903.885450000739 0.4414011
6904.3854000007395 0.44238687
6904.88535000074 0.44295314
6905.38530000074 0.44342047
6905.885250000741 0.4436641
6906.385200000741 0.443855
6906.885150000741 0.4443612
6907.385100000742 0.4449419
6907.885050000742 0.44579843
6908.385000000742 0.44672018
6908.884950000743 0.44728285
6909.384900000743 0.4477605
6909.884850000743 0.4476969
6910.384800000744 0.447505
6910.884750000744 0.44735318
6911.3847000007445 0.44721088
6911.884650000745 0.44765478
6912.384600000745 0.448238
6912.884550000746 0.44913328
6913.384500000746 0.4501028
6913.884450000746 0.4506038
6914.384400000747 0.45099318
6914.884350000747 0.4511649
6915.384300000747 0.4512847
6915.884250000748 0.45170957
6916.384200000748 0.45220736
6916.884150000748 0.45293328
6917.384100000749 0.45371372
6917.884050000749 0.45468056
6918.384000000749 0.455692
6918.88395000075 0.4568696
6919.38390000075 0.45808703
6919.8838500007505 0.45779002
6920.383800000751 0.45712984
6920.883750000751 0.4555182
6921.383700000752 0.453678
6921.883650000752 0.45150387
6922.383600000752 0.4492494
6922.883550000753 0.44727102
6923.383500000753 0.4453591
6923.883450000753 0.44412518
6924.383400000754 0.44305465
6924.883350000754 0.44265252
6925.383300000754 0.4424117
6925.883250000755 0.44250706
6926.383200000755 0.4426837
6926.883150000755 0.4430169
6927.383100000756 0.44338796
6927.883050000756 0.44390392
6928.3830000007565 0.44445497
6928.882950000757 0.4450799
6929.382900000757 0.4457227
6929.882850000758 0.4461955
6930.382800000758 0.4466271
6930.882750000758 0.44665745
6931.382700000759 0.44659036
6931.882650000759 0.44627202
6932.382600000759 0.44589254
6932.88255000076 0.4456977
6933.38250000076 0.44554776
6933.88245000076 0.44562012
6934.382400000761 0.4457467
6934.882350000761 0.44562998
6935.3823000007615 0.44545385
6935.882250000762 0.4448214
6936.382200000762 0.44407734
6936.8821500007625 0.44324052
6937.382100000763 0.44238102
6937.882050000763 0.44192556
6938.382000000764 0.44156915
6938.881950000764 0.4415438
6939.381900000764 0.44159967
6939.881850000765 0.44148228
6940.381800000765 0.4413224
6940.881750000765 0.44080052
6941.381700000766 0.4401897
6941.881650000766 0.43943265
6942.381600000766 0.43863967
6942.881550000767 0.43798852
6943.381500000767 0.43737233
6943.8814500007675 0.43703598
6944.381400000768 0.43676862
6944.881350000768 0.43676952
6945.3813000007685 0.43683663
6945.881250000769 0.4370293
6946.381200000769 0.437253
6946.88115000077 0.43737102
6947.38110000077 0.43746284
6947.88105000077 0.43730664
6948.381000000771 0.43708897
6948.880950000771 0.4365959
6949.380900000771 0.43603447
6949.880850000772 0.43523064
6950.380800000772 0.43436658
6950.880750000772 0.43346325
6951.380700000773 0.43255016
6951.880650000773 0.43195084
6952.3806000007735 0.43142954
6952.880550000774 0.4314503
6953.380500000774 0.43160614
6953.8804500007745 0.43234122
6954.380400000775 0.43322074
6954.880350000775 0.43453357
6955.380300000776 0.43595454
6955.880250000776 0.43754238
6956.380200000776 0.43917188
6956.880150000777 0.4407586
6957.380100000777 0.44233453
6957.880050000777 0.4438222
6958.380000000778 0.4452877
6958.879950000778 0.44672078
6959.379900000778 0.4481457
6959.879850000779 0.4493798
6960.379800000779 0.450566
6960.8797500007795 0.45118648
6961.37970000078 0.45166466
6961.87965000078 0.45158723
6962.379600000781 0.45136988
6962.879550000781 0.45117825
6963.379500000781 0.4509931
6963.879450000782 0.45142803
6964.379400000782 0.45201936
6964.879350000782 0.45302668
6965.379300000783 0.45413902
6965.879250000783 0.45484406
6966.379200000783 0.45544606
6966.879150000784 0.45532846
6967.379100000784 0.45502868
6967.879050000784 0.4543383
6968.379000000785 0.45354888
6968.878950000785 0.45274672
6969.3789000007855 0.4519413
6969.878850000786 0.45124924
6970.378800000786 0.45058593
6970.878750000787 0.4500604
6971.378700000787 0.44956994
6971.878650000787 0.4493894
6972.378600000788 0.44928783
6972.878550000788 0.44973242
6973.378500000788 0.45031628
6973.878450000789 0.4513768
6974.378400000789 0.4525589
6974.878350000789 0.4538113
6975.37830000079 0.45508167
6975.87825000079 0.45605332
6976.3782000007905 0.45694858
6976.878150000791 0.45747355
6977.378100000791 0.45790374
6977.8780500007915 0.45810536
6978.378000000792 0.45824835
6978.877950000792 0.4581781
6979.377900000793 0.45805314
6979.877850000793 0.4575722
6980.377800000793 0.45699975
6980.877750000794 0.45616376
6981.377700000794 0.45525995
6981.877650000794 0.45456535
6982.377600000795 0.45392463
6982.877550000795 0.4539491
6983.377500000795 0.45414507
6983.877450000796 0.4547708
6984.377400000796 0.4555075
6984.8773500007965 0.45587623
6985.377300000797 0.45614994
6985.877250000797 0.45579183
6986.3772000007975 0.45527038
6986.877150000798 0.45455548
6987.377100000798 0.45379046
6987.877050000799 0.45323053
6988.377000000799 0.45272377
6988.876950000799 0.4522859
6989.3769000008 0.4518659
6989.8768500008 0.45111606
6990.3768000008 0.45028052
6990.876750000801 0.44918653
6991.376700000801 0.44802532
6991.876650000801 0.4471583
6992.376600000802 0.44636792
6992.876550000802 0.4460332
6993.3765000008025 0.44581735
6993.876450000803 0.4455507
6994.376400000803 0.4452708
6994.8763500008035 0.4444046
6995.376300000804 0.44338515
6995.876250000804 0.4419043
6996.376200000805 0.44030288
6996.876150000805 0.43881315
6997.376100000805 0.43735266
6997.876050000806 0.43625632
6998.376000000806 0.43525538
6998.875950000806 0.43452418
6999.375900000807 0.43386373
6999.875850000807 0.43340072
7000.375800000807 0.43298954
7000.875750000808 0.4327958
7001.375700000808 0.43265924
7001.8756500008085 0.4327124
7002.375600000809 0.43281552
7002.875550000809 0.43288004
7003.37550000081 0.43293443
7003.87545000081 0.43260667
7004.37540000081 0.43217805
7004.875350000811 0.431417
7005.375300000811 0.43056807
7005.875250000811 0.42990586
7006.375200000812 0.42929307
7006.875150000812 0.42925185
7007.375100000812 0.42936206
7007.875050000813 0.42993742
7008.375000000813 0.430636
7008.874950000813 0.43140852
7009.374900000814 0.43220064
7009.874850000814 0.43284768
7010.3748000008145 0.43345618
7010.874750000815 0.43381476
7011.374700000815 0.43410695
7011.874650000816 0.4341381
7012.374600000816 0.4340998
7012.874550000816 0.43393233
7013.374500000817 0.43373048
7013.874450000817 0.43356216
7014.374400000817 0.43340278
7014.874350000818 0.43324542
7015.374300000818 0.4330886
7015.874250000818 0.4327662
7016.374200000819 0.43239948
7016.874150000819 0.43186375
7017.374100000819 0.4312828
7017.87405000082 0.43072262
7018.37400000082 0.43016806
7018.8739500008205 0.42975476
7019.373900000821 0.4293793
7019.873850000821 0.4291208
7020.373800000822 0.4288937
7020.873750000822 0.42876562
7021.373700000822 0.42866418
7021.873650000823 0.42878368
7022.373600000823 0.42896262
7022.873550000823 0.42950872
7023.373500000824 0.4301537
7023.873450000824 0.43100613
7024.373400000824 0.43191454
7024.873350000825 0.43258134
7025.373300000825 0.4331829
7025.8732500008255 0.43335822
7026.373200000826 0.4334183
7026.873150000826 0.43323377
7027.3731000008265 0.43298298
7027.873050000827 0.43277964
7028.373000000827 0.4325891
7028.872950000828 0.43252686
7029.372900000828 0.43249944
7029.872850000828 0.43251964
7030.372800000829 0.43255278
7030.872750000829 0.4325487
7031.372700000829 0.43253452
7031.87265000083 0.43238854
7032.37260000083 0.43220672
7032.87255000083 0.43191525
7033.372500000831 0.43159395
7033.872450000831 0.43125746
7034.3724000008315 0.43091685
7034.872350000832 0.4306638
7035.372300000832 0.4304346
7035.8722500008325 0.4304027
7036.372200000833 0.43042472
7036.872150000833 0.43080255
7037.372100000834 0.43127772
7037.872050000834 0.43212062
7038.372000000834 0.43306422
7038.871950000835 0.43407062
7039.371900000835 0.43509427
7039.871850000835 0.43575868
7040.371800000836 0.43632445
7040.871750000836 0.43645832
7041.371700000836 0.43647364
7041.871650000837 0.436325
7042.371600000837 0.4361313
7042.8715500008375 0.43604198
7043.371500000838 0.43598136
7043.871450000838 0.4362162
7044.371400000839 0.4365325
7044.871350000839 0.43710065
7045.371300000839 0.4377383
7045.87125000084 0.43839833
7046.37120000084 0.43906453
7046.87115000084 0.43937284
7047.371100000841 0.43958217
7047.871050000841 0.43955857
7048.371000000841 0.4394705
7048.870950000842 0.43939644
7049.370900000842 0.43932626
7049.870850000842 0.43946567
7050.370800000843 0.43966323
7050.870750000843 0.44015792
7051.3707000008435 0.44073516
7051.870650000844 0.44156608
7052.370600000844 0.44246757
7052.870550000845 0.443393
7053.370500000845 0.44432506
7053.870450000845 0.4449488
7054.370400000846 0.44548666
7054.870350000846 0.4457771
7055.370300000846 0.44599852
7055.870250000847 0.44653118
7056.370200000847 0.4471507
7056.870150000847 0.448281
7057.370100000848 0.44955403
7057.870050000848 0.45078632
7058.370000000848 0.45200723
7058.869950000849 0.45248938
7059.369900000849 0.45276457
7059.8698500008495 0.45240614
7060.36980000085 0.45187002
7060.86975000085 0.45155025
7061.369700000851 0.4512912
7061.869650000851 0.45181814
7062.369600000851 0.452566
