3435.72 2.367832e-14
3437.8620499999997 2.3341177e-14
3440.0040999999997 2.3004034e-14
3442.1461499999996 2.5267567e-14
3444.2881999999995 2.753122e-14
3446.4302499999994 2.6124571e-14
3448.5722999999994 2.4717236e-14
3450.7143499999993 2.5149785e-14
3452.856399999999 2.5582763e-14
3454.998449999999 2.4148787e-14
3457.140499999999 2.2714286e-14
3459.282549999999 2.4530359e-14
3461.424599999999 2.6347797e-14
3463.566649999999 2.6554474e-14
3465.7086999999988 2.67604e-14
3467.8507499999987 2.6020598e-14
3469.9927999999986 2.528031e-14
3472.1348499999986 2.6262751e-14
3474.2768999999985 2.7246077e-14
3476.4189499999984 2.8570015e-14
3478.5609999999983 2.9894144e-14
3480.7030499999983 2.948121e-14
3482.845099999998 2.906722e-14
3484.987149999998 2.8611357e-14
3487.129199999998 2.8155468e-14
3489.271249999998 2.761392e-14
3491.413299999998 2.7072303e-14
3493.555349999998 2.6392e-14
3495.6973999999977 2.571158e-14
3497.8394499999977 2.6625883e-14
3499.9814999999976 2.7541602e-14
3502.1235499999975 2.6857602e-14
3504.2655999999974 2.6172181e-14
3506.4076499999974 2.7396398e-14
3508.5496999999973 2.862267e-14
3510.6917499999972 2.888617e-14
3512.833799999997 2.9148636e-14
3514.975849999997 2.8726208e-14
3517.117899999997 2.8303006e-14
3519.259949999997 2.9008646e-14
3521.401999999997 2.9715603e-14
3523.544049999997 3.076024e-14
3525.6860999999967 3.1805284e-14
3527.8281499999966 3.1240483e-14
3529.9701999999966 3.0673502e-14
3532.1122499999965 3.076917e-14
3534.2542999999964 3.086577e-14
3536.3963499999963 3.0878735e-14
3538.5383999999963 3.089158e-14
3540.680449999996 3.153385e-14
3542.822499999996 3.2177037e-14
3544.964549999996 3.184242e-14
3547.106599999996 3.150634e-14
3549.248649999996 3.149429e-14
3551.390699999996 3.1482788e-14
3553.5327499999958 3.1614827e-14
3555.6747999999957 3.174711e-14
3557.8168499999956 3.1799355e-14
3559.9588999999955 3.185146e-14
3562.1009499999955 3.181128e-14
3564.2429999999954 3.1770935e-14
3566.3850499999953 3.2264796e-14
3568.5270999999952 3.275968e-14
3570.669149999995 3.3095952e-14
3572.811199999995 3.343191e-14
3574.953249999995 3.3581536e-14
3577.095299999995 3.3730783e-14
3579.237349999995 3.3782425e-14
3581.379399999995 3.3833864e-14
3583.5214499999947 3.4495773e-14
3585.6634999999947 3.515894e-14
3587.8055499999946 3.4572907e-14
3589.9475999999945 3.3984246e-14
3592.0896499999944 3.4479703e-14
3594.2316999999944 3.497749e-14
3596.3737499999943 3.5310422e-14
3598.515799999994 3.5642974e-14
3600.657849999994 3.558405e-14
3602.799899999994 3.5524213e-14
3604.941949999994 3.5146524e-14
3607.083999999994 3.476808e-14
3609.226049999994 3.5086243e-14
3611.368099999994 3.5406167e-14
3613.5101499999937 3.4614476e-14
3615.6521999999936 3.381992e-14
3617.7942499999936 3.331823e-14
3619.9362999999935 3.281731e-14
3622.0783499999934 3.3504087e-14
3624.2203999999933 3.4193978e-14
3626.3624499999933 3.3384923e-14
3628.504499999993 3.257187e-14
3630.646549999993 3.2297905e-14
3632.788599999993 3.2025404e-14
3634.930649999993 3.2193835e-14
3637.072699999993 3.2363523e-14
3639.214749999993 3.2581515e-14
3641.3567999999927 3.279965e-14
3643.4988499999927 3.254595e-14
3645.6408999999926 3.2290858e-14
3647.7829499999925 3.212524e-14
3649.9249999999925 3.1959885e-14
3652.0670499999924 3.1511174e-14
3654.2090999999923 3.1061613e-14
3656.3511499999922 3.0097523e-14
3658.493199999992 2.9131797e-14
3660.635249999992 2.8232538e-14
3662.777299999992 2.7333489e-14
3664.919349999992 2.6502577e-14
3667.061399999992 2.5671886e-14
3669.203449999992 2.472531e-14
3671.3454999999917 2.3778356e-14
3673.4875499999916 2.3254827e-14
3675.6295999999916 2.2732706e-14
3677.7716499999915 2.1737877e-14
3679.9136999999914 2.0741413e-14
3682.0557499999913 2.0311266e-14
3684.1977999999913 1.9883107e-14
3686.339849999991 1.8933255e-14
3688.481899999991 1.7981542e-14
3690.623949999991 1.7490007e-14
3692.765999999991 1.7000112e-14
3694.908049999991 1.6848968e-14
3697.050099999991 1.6699044e-14
3699.1921499999908 1.6466817e-14
3701.3341999999907 1.623428e-14
3703.4762499999906 1.5743507e-14
3705.6182999999905 1.5251755e-14
3707.7603499999905 1.4903069e-14
3709.9023999999904 1.4554931e-14
3712.0444499999903 1.441978e-14
3714.1864999999902 1.4285458e-14
3716.32854999999 1.385045e-14
3718.47059999999 1.34142295e-14
3720.61264999999 1.3022039e-14
3722.75469999999 1.2630029e-14
3724.89674999999 1.2219335e-14
3727.03879999999 1.1808565e-14
3729.1808499999897 1.2142006e-14
3731.3228999999897 1.2478553e-14
3733.4649499999896 1.2351364e-14
3735.6069999999895 1.2222241e-14
3737.7490499999894 1.2202634e-14
3739.8910999999894 1.2183489e-14
3742.0331499999893 1.2296851e-14
3744.175199999989 1.2410777e-14
3746.317249999989 1.272213e-14
3748.459299999989 1.3034352e-14
3750.601349999989 1.3583404e-14
3752.743399999989 1.41335104e-14
3754.885449999989 1.4502387e-14
3757.027499999989 1.4870448e-14
3759.1695499999887 1.5276834e-14
3761.3115999999886 1.56834e-14
3763.4536499999886 1.5915615e-14
3765.5956999999885 1.6147014e-14
3767.7377499999884 1.6762889e-14
3769.8797999999883 1.7380582e-14
3772.0218499999883 1.7675667e-14
3774.163899999988 1.7969223e-14
3776.305949999988 1.8378955e-14
3778.447999999988 1.8789244e-14
3780.590049999988 1.9153245e-14
3782.732099999988 1.9517023e-14
3784.874149999988 1.936254e-14
3787.0161999999877 1.920548e-14
3789.1582499999877 1.915676e-14
3791.3002999999876 1.9108582e-14
3793.4423499999875 1.863597e-14
3795.5843999999875 1.8161208e-14
3797.7264499999874 1.7974712e-14
3799.8684999999873 1.778969e-14
3802.0105499999872 1.7735582e-14
3804.152599999987 1.7682147e-14
3806.294649999987 1.7767924e-14
3808.436699999987 1.785444e-14
3810.578749999987 1.7795166e-14
3812.720799999987 1.773512e-14
3814.862849999987 1.7797409e-14
3817.0048999999867 1.7860354e-14
3819.1469499999866 1.8014341e-14
3821.2889999999866 1.816882e-14
3823.4310499999865 1.8060115e-14
3825.5730999999864 1.7949977e-14
3827.7151499999864 1.7878521e-14
3829.8571999999863 1.780728e-14
3831.999249999986 1.8048446e-14
3834.141299999986 1.8291372e-14
3836.283349999986 1.8475068e-14
3838.425399999986 1.8658427e-14
3840.567449999986 1.8653194e-14
3842.709499999986 1.8646888e-14
3844.8515499999858 1.8899831e-14
3846.9935999999857 1.9154258e-14
3849.1356499999856 1.947751e-14
3851.2776999999855 1.9801169e-14
3853.4197499999855 2.0128305e-14
3855.5617999999854 2.0455461e-14
3857.7038499999853 2.1056624e-14
3859.8458999999852 2.1659424e-14
3861.987949999985 2.2315695e-14
3864.129999999985 2.2972289e-14
3866.272049999985 2.3386183e-14
3868.414099999985 2.3798585e-14
3870.556149999985 2.438067e-14
3872.698199999985 2.4963808e-14
3874.8402499999847 2.559397e-14
3876.9822999999847 2.6224425e-14
3879.1243499999846 2.6917438e-14
3881.2663999999845 2.7610845e-14
3883.4084499999844 2.8121385e-14
3885.5504999999844 2.8630774e-14
3887.6925499999843 2.9086945e-14
3889.834599999984 2.9542778e-14
3891.976649999984 3.002379e-14
3894.118699999984 3.0504963e-14
3896.260749999984 3.0947023e-14
3898.402799999984 3.138883e-14
3900.544849999984 3.165456e-14
3902.686899999984 3.191913e-14
3904.8289499999837 3.2436693e-14
3906.9709999999836 3.295593e-14
3909.1130499999836 3.324144e-14
3911.2550999999835 3.3525364e-14
3913.3971499999834 3.37649e-14
3915.5391999999833 3.4004138e-14
3917.6812499999833 3.449331e-14
3919.823299999983 3.49842e-14
3921.965349999983 3.499924e-14
3924.107399999983 3.5011013e-14
3926.249449999983 3.4986916e-14
3928.391499999983 3.496257e-14
3930.533549999983 3.5401864e-14
3932.6755999999828 3.5844385e-14
3934.8176499999827 3.59503e-14
3936.9596999999826 3.6053832e-14
3939.1017499999825 3.6373248e-14
3941.2437999999825 3.669421e-14
3943.3858499999824 3.7029506e-14
3945.5278999999823 3.7364907e-14
3947.6699499999822 3.7731987e-14
3949.811999999982 3.8099295e-14
3951.954049999982 3.8531512e-14
3954.096099999982 3.8964197e-14
3956.238149999982 3.9399666e-14
3958.380199999982 3.983516e-14
3960.522249999982 4.0078316e-14
3962.6642999999817 4.0320042e-14
3964.8063499999816 4.04776e-14
3966.9483999999816 4.0634532e-14
3969.0904499999815 4.090041e-14
3971.2324999999814 4.1167106e-14
3973.3745499999814 4.1072262e-14
3975.5165999999813 4.0974677e-14
3977.658649999981 4.1159404e-14
3979.800699999981 4.1346314e-14
3981.942749999981 4.105403e-14
3984.084799999981 4.0758026e-14
3986.226849999981 4.0218764e-14
3988.368899999981 3.96776e-14
3990.5109499999808 3.903728e-14
3992.6529999999807 3.8396183e-14
3994.7950499999806 3.794726e-14
3996.9370999999805 3.7499846e-14
3999.0791499999805 3.6874146e-14
4001.2211999999804 3.624702e-14
4003.3632499999803 3.5617864e-14
4005.5052999999803 3.498869e-14
4007.64734999998 3.460045e-14
4009.78939999998 3.4214154e-14
4011.93144999998 3.3961552e-14
4014.07349999998 3.371004e-14
4016.21554999998 3.3650014e-14
4018.35759999998 3.3591575e-14
4020.4996499999797 3.3301734e-14
4022.6416999999797 3.300997e-14
4024.7837499999796 3.2797322e-14
4026.9257999999795 3.258534e-14
4029.0678499999794 3.2726416e-14
4031.2098999999794 3.2870452e-14
4033.3519499999793 3.303816e-14
4035.493999999979 3.320607e-14
4037.636049999979 3.330835e-14
4039.778099999979 3.3410076e-14
4041.920149999979 3.3626927e-14
4044.062199999979 3.3844757e-14
4046.204249999979 3.4184695e-14
4048.346299999979 3.4525693e-14
4050.4883499999787 3.4932635e-14
4052.6303999999786 3.5340156e-14
4054.7724499999786 3.5553557e-14
4056.9144999999785 3.5765258e-14
4059.0565499999784 3.6048492e-14
4061.1985999999783 3.6332364e-14
4063.3406499999783 3.6560456e-14
4065.482699999978 3.6788047e-14
4067.624749999978 3.7076543e-14
4069.766799999978 3.7365585e-14
4071.908849999978 3.750719e-14
4074.050899999978 3.7647467e-14
4076.192949999978 3.772448e-14
4078.3349999999778 3.780092e-14
4080.4770499999777 3.807271e-14
4082.6190999999776 3.8346276e-14
4084.7611499999775 3.8602656e-14
4086.9031999999775 3.8858873e-14
4089.0452499999774 3.8953422e-14
4091.1872999999773 3.904647e-14
4093.3293499999772 3.9102256e-14
4095.471399999977 3.9157696e-14
4097.613449999977 3.924247e-14
4099.7554999999775 3.9327516e-14
4101.897549999978 3.934806e-14
4104.039599999978 3.9367987e-14
4106.181649999979 3.9356993e-14
4108.323699999979 3.9345704e-14
4110.465749999979 3.9222074e-14
4112.60779999998 3.909737e-14
4114.74984999998 3.8928513e-14
4116.8918999999805 3.875923e-14
4119.033949999981 3.8652902e-14
4121.175999999981 3.8547182e-14
4123.318049999982 3.8517685e-14
4125.460099999982 3.8488926e-14
4127.602149999982 3.8342678e-14
4129.744199999983 3.819528e-14
4131.886249999983 3.8046477e-14
4134.028299999984 3.7897657e-14
4136.170349999984 3.766653e-14
4138.312399999984 3.7434574e-14
4140.454449999985 3.711034e-14
4142.596499999985 3.6785177e-14
4144.7385499999855 3.626471e-14
4146.880599999986 3.5742266e-14
4149.022649999986 3.5474794e-14
4151.164699999987 3.5209906e-14
4153.306749999987 3.5214717e-14
4155.448799999987 3.5222276e-14
4157.590849999988 3.4974502e-14
4159.732899999988 3.4724116e-14
4161.8749499999885 3.454084e-14
4164.016999999989 3.435826e-14
4166.159049999989 3.429054e-14
4168.30109999999 3.4224004e-14
4170.44314999999 3.399761e-14
4172.58519999999 3.376956e-14
4174.727249999991 3.374443e-14
4176.869299999991 3.3721405e-14
4179.011349999992 3.353321e-14
4181.153399999992 3.334326e-14
4183.295449999992 3.3087628e-14
4185.437499999993 3.2831295e-14
4187.579549999993 3.2676854e-14
4189.7215999999935 3.2523504e-14
4191.863649999994 3.2516836e-14
4194.005699999994 3.2511747e-14
4196.147749999995 3.238779e-14
4198.289799999995 3.226255e-14
4200.431849999995 3.219482e-14
4202.573899999996 3.2127716e-14
4204.715949999996 3.18713e-14
4206.8579999999965 3.1612818e-14
4209.000049999997 3.12479e-14
4211.142099999997 3.0881825e-14
4213.284149999998 3.0429164e-14
4215.426199999998 2.9975554e-14
4217.568249999998 2.9737175e-14
4219.710299999999 2.9501158e-14
4221.852349999999 2.928732e-14
4223.9944 2.9073728e-14
4226.13645 2.8780384e-14
4228.2785 2.8486135e-14
4230.420550000001 2.8323569e-14
4232.562600000001 2.8162495e-14
4234.7046500000015 2.7753746e-14
4236.846700000002 2.734218e-14
4238.988750000002 2.7031227e-14
4241.130800000003 2.6721425e-14
4243.272850000003 2.6433396e-14
4245.414900000003 2.6145617e-14
4247.556950000004 2.599219e-14
4249.699000000004 2.5840314e-14
4251.8410500000045 2.5692447e-14
4253.983100000005 2.5544626e-14
4256.125150000005 2.5288878e-14
4258.267200000006 2.5031884e-14
4260.409250000006 2.4820349e-14
4262.551300000006 2.4609341e-14
4264.693350000007 2.4430995e-14
4266.835400000007 2.425303e-14
4268.977450000008 2.4022568e-14
4271.119500000008 2.379148e-14
4273.261550000008 2.3652817e-14
4275.403600000009 2.351526e-14
4277.545650000009 2.3274905e-14
4279.6877000000095 2.3033316e-14
4281.82975000001 2.2924059e-14
4283.97180000001 2.2816394e-14
4286.113850000011 2.274001e-14
4288.255900000011 2.2664005e-14
4290.397950000011 2.2313343e-14
4292.540000000012 2.195936e-14
4294.682050000012 2.1791549e-14
4296.824100000013 2.1626e-14
4298.966150000013 2.1581825e-14
4301.108200000013 2.1539133e-14
4303.250250000014 2.1385578e-14
4305.392300000014 2.1230669e-14
4307.5343500000145 2.0955534e-14
4309.676400000015 2.0678924e-14
4311.818450000015 2.0579826e-14
4313.960500000016 2.0482952e-14
4316.102550000016 2.0408153e-14
4318.244600000016 2.033363e-14
4320.386650000017 2.0272665e-14
4322.528700000017 2.0211868e-14
4324.6707500000175 2.0076661e-14
4326.812800000018 1.9940509e-14
4328.954850000018 1.9851064e-14
4331.096900000019 1.976221e-14
4333.238950000019 1.9556088e-14
4335.381000000019 1.9348474e-14
4337.52305000002 1.9360832e-14
4339.66510000002 1.9375999e-14
4341.807150000021 1.9704942e-14
4343.949200000021 2.0037908e-14
4346.091250000021 2.032046e-14
4348.233300000022 2.0602364e-14
4350.375350000022 2.0824344e-14
4352.5174000000225 2.104554e-14
4354.659450000023 2.1203928e-14
4356.801500000023 2.136149e-14
4358.943550000024 2.151853e-14
4361.085600000024 2.1675563e-14
4363.227650000024 2.1893564e-14
4365.369700000025 2.2112374e-14
4367.511750000025 2.2262088e-14
4369.6538000000255 2.2410886e-14
4371.795850000026 2.2527383e-14
4373.937900000026 2.2643452e-14
4376.079950000027 2.2827697e-14
4378.222000000027 2.3012853e-14
4380.364050000027 2.3028867e-14
4382.506100000028 2.3042618e-14
4384.648150000028 2.3117986e-14
4386.790200000029 2.3194181e-14
4388.932250000029 2.3351612e-14
4391.074300000029 2.3510155e-14
4393.21635000003 2.3679248e-14
4395.35840000003 2.3848487e-14
4397.5004500000305 2.390377e-14
4399.642500000031 2.3957483e-14
4401.784550000031 2.3999249e-14
4403.926600000032 2.4040848e-14
4406.068650000032 2.4027472e-14
4408.210700000032 2.4013335e-14
4410.352750000033 2.3990035e-14
4412.494800000033 2.3966606e-14
4414.6368500000335 2.3896587e-14
4416.778900000034 2.3825917e-14
4418.920950000034 2.3627894e-14
4421.063000000035 2.3428094e-14
4423.205050000035 2.3107145e-14
4425.347100000035 2.2784497e-14
4427.489150000036 2.2502226e-14
4429.631200000036 2.2220525e-14
4431.773250000037 2.202889e-14
4433.915300000037 2.1838542e-14
4436.057350000037 2.1622222e-14
4438.199400000038 2.1405529e-14
4440.341450000038 2.1164079e-14
4442.4835000000385 2.0922275e-14
4444.625550000039 2.0771869e-14
4446.767600000039 2.0622782e-14
4448.90965000004 2.058249e-14
4451.05170000004 2.0543773e-14
4453.19375000004 2.052225e-14
4455.335800000041 2.0500976e-14
4457.477850000041 2.0568554e-14
4459.6199000000415 2.0637422e-14
4461.761950000042 2.071168e-14
4463.904000000042 2.0786014e-14
4466.046050000043 2.0882417e-14
4468.188100000043 2.0979141e-14
4470.330150000043 2.1234152e-14
4472.472200000044 2.149148e-14
4474.614250000044 2.1818645e-14
4476.756300000045 2.2146835e-14
4478.898350000045 2.2373483e-14
4481.040400000045 2.259861e-14
4483.182450000046 2.2871902e-14
4485.324500000046 2.3145917e-14
4487.4665500000465 2.3386017e-14
4489.608600000047 2.3625607e-14
4491.750650000047 2.3830479e-14
4493.892700000048 2.4034828e-14
4496.034750000048 2.4162904e-14
4498.176800000048 2.4289827e-14
4500.318850000049 2.4446006e-14
4502.460900000049 2.460263e-14
4504.6029500000495 2.4716333e-14
4506.74500000005 2.4829385e-14
4508.88705000005 2.4887697e-14
4511.029100000051 2.4945175e-14
4513.171150000051 2.5075831e-14
4515.313200000051 2.5207606e-14
4517.455250000052 2.51956e-14
4519.597300000052 2.5181393e-14
4521.739350000053 2.5344778e-14
4523.881400000053 2.5510932e-14
4526.023450000053 2.5600327e-14
4528.165500000054 2.5688524e-14
4530.307550000054 2.5772577e-14
4532.4496000000545 2.5856565e-14
4534.591650000055 2.597986e-14
4536.733700000055 2.6103773e-14
4538.875750000056 2.6138856e-14
4541.017800000056 2.6172539e-14
4543.159850000056 2.6137404e-14
4545.301900000057 2.6101183e-14
4547.443950000057 2.6151292e-14
4549.5860000000575 2.6202763e-14
4551.728050000058 2.6182695e-14
4553.870100000058 2.6161492e-14
4556.012150000059 2.5934302e-14
4558.154200000059 2.570384e-14
4560.296250000059 2.5600776e-14
4562.43830000006 2.5499744e-14
4564.58035000006 2.5431143e-14
4566.722400000061 2.5363058e-14
4568.864450000061 2.5310076e-14
4571.006500000061 2.5257338e-14
4573.148550000062 2.5102101e-14
4575.290600000062 2.4945193e-14
4577.4326500000625 2.4913545e-14
4579.574700000063 2.4883939e-14
4581.716750000063 2.4917302e-14
4583.858800000064 2.4951693e-14
4586.000850000064 2.505423e-14
4588.142900000064 2.5157887e-14
4590.284950000065 2.5188981e-14
4592.427000000065 2.5218883e-14
4594.5690500000655 2.5240821e-14
4596.711100000066 2.5262627e-14
4598.853150000066 2.5241616e-14
4600.995200000067 2.52199e-14
4603.137250000067 2.5189266e-14
4605.279300000067 2.5158486e-14
4607.421350000068 2.5229242e-14
4609.563400000068 2.5301706e-14
4611.705450000069 2.5269405e-14
4613.847500000069 2.5235341e-14
4615.989550000069 2.5274037e-14
4618.13160000007 2.5313964e-14
4620.27365000007 2.52194e-14
4622.4157000000705 2.5122555e-14
4624.557750000071 2.5071713e-14
4626.699800000071 2.5021653e-14
4628.841850000072 2.4915627e-14
4630.983900000072 2.4808648e-14
4633.125950000072 2.4617607e-14
4635.268000000073 2.442513e-14
4637.410050000073 2.4232727e-14
4639.552100000074 2.4040323e-14
4641.694150000074 2.3847987e-14
4643.836200000074 2.3655653e-14
4645.978250000075 2.3463384e-14
4648.120300000075 2.3271116e-14
4650.2623500000755 2.3078914e-14
4652.404400000076 2.2886713e-14
4654.546450000076 2.2694591e-14
4656.688500000077 2.250247e-14
4658.830550000077 2.2310414e-14
4660.972600000077 2.2118358e-14
4663.114650000078 2.1971977e-14
4665.256700000078 2.1826398e-14
4667.3987500000785 2.154194e-14
4669.540800000079 2.125504e-14
4671.682850000079 2.0904709e-14
4673.82490000008 2.055326e-14
4675.96695000008 2.036442e-14
4678.10900000008 2.0178456e-14
4680.251050000081 2.0002173e-14
4682.393100000081 1.9826063e-14
4684.535150000082 1.9812212e-14
4686.677200000082 1.9801243e-14
4688.819250000082 1.968398e-14
4690.961300000083 1.9564801e-14
4693.103350000083 1.9468478e-14
4695.2454000000835 1.9372568e-14
4697.387450000084 1.9487589e-14
4699.529500000084 1.9606427e-14
4701.671550000085 1.9574052e-14
4703.813600000085 1.9538933e-14
4705.955650000085 1.9549905e-14
4708.097700000086 1.9561716e-14
4710.239750000086 1.9542366e-14
4712.3818000000865 1.9522451e-14
4714.523850000087 1.9613334e-14
4716.665900000087 1.9706238e-14
4718.807950000088 1.9715286e-14
4720.950000000088 1.9722798e-14
4723.092050000088 1.9721095e-14
4725.234100000089 1.9719225e-14
4727.376150000089 1.9721746e-14
4729.51820000009 1.9724348e-14
4731.66025000009 1.9681027e-14
4733.80230000009 1.9636851e-14
4735.944350000091 1.9577359e-14
4738.086400000091 1.9517582e-14
4740.2284500000915 1.9505278e-14
4742.370500000092 1.9493864e-14
4744.512550000092 1.9330237e-14
4746.654600000093 1.916375e-14
4748.796650000093 1.8991893e-14
4750.938700000093 1.8819935e-14
4753.080750000094 1.8671276e-14
4755.222800000094 1.8523054e-14
4757.3648500000945 1.8345126e-14
4759.506900000095 1.8166636e-14
4761.648950000095 1.7881228e-14
4763.791000000096 1.7593798e-14
4765.933050000096 1.7369866e-14
4768.075100000096 1.7147138e-14
4770.217150000097 1.7015837e-14
4772.359200000097 1.6886271e-14
4774.501250000098 1.6790514e-14
4776.643300000098 1.66954e-14
4778.785350000098 1.6633315e-14
4780.927400000099 1.6571866e-14
4783.069450000099 1.6626469e-14
4785.2115000000995 1.6683318e-14
4787.3535500001 1.6758294e-14
4789.4956000001 1.6833621e-14
4791.637650000101 1.6906717e-14
4793.779700000101 1.6979766e-14
4795.921750000101 1.7050833e-14
4798.063800000102 1.7121858e-14
4800.205850000102 1.7254752e-14
4802.3479000001025 1.7388851e-14
4804.489950000103 1.7484986e-14
4806.632000000103 1.7580377e-14
4808.774050000104 1.7707625e-14
4810.916100000104 1.7835497e-14
4813.058150000104 1.789168e-14
4815.200200000105 1.7946458e-14
4817.342250000105 1.8019491e-14
4819.484300000106 1.8092881e-14
4821.626350000106 1.8069822e-14
4823.768400000106 1.8044838e-14
4825.910450000107 1.7981015e-14
4828.052500000107 1.7916417e-14
4830.1945500001075 1.7821929e-14
4832.336600000108 1.7726841e-14
4834.478650000108 1.7568536e-14
4836.620700000109 1.7408961e-14
4838.762750000109 1.7226929e-14
4840.904800000109 1.7044444e-14
4843.04685000011 1.691313e-14
4845.18890000011 1.6782847e-14
4847.3309500001105 1.6535413e-14
4849.473000000111 1.628562e-14
4851.615050000111 1.6053048e-14
4853.757100000112 1.5820824e-14
4855.899150000112 1.5596018e-14
4858.041200000112 1.5371363e-14
4860.183250000113 1.513739e-14
4862.325300000113 1.490323e-14
4864.467350000114 1.4684809e-14
4866.609400000114 1.4466708e-14
4868.751450000114 1.4310322e-14
4870.893500000115 1.4155206e-14
4873.035550000115 1.3983688e-14
4875.1776000001155 1.3811832e-14
4877.319650000116 1.3631144e-14
4879.461700000116 1.3450273e-14
4881.603750000117 1.3294726e-14
4883.745800000117 1.3139704e-14
4885.887850000117 1.3000183e-14
4888.029900000118 1.2860985e-14
4890.171950000118 1.2864947e-14
4892.3140000001185 1.28718845e-14
4894.456050000119 1.2864135e-14
4896.598100000119 1.285608e-14
4898.74015000012 1.2835369e-14
4900.88220000012 1.2814394e-14
4903.02425000012 1.2913307e-14
4905.166300000121 1.3014729e-14
4907.308350000121 1.315756e-14
4909.450400000122 1.33012675e-14
4911.592450000122 1.3401359e-14
4913.734500000122 1.3500524e-14
4915.876550000123 1.361394e-14
4918.018600000123 1.3727658e-14
4920.1606500001235 1.3814753e-14
4922.302700000124 1.3901281e-14
4924.444750000124 1.3994494e-14
4926.586800000125 1.4087849e-14
4928.728850000125 1.4102603e-14
4930.870900000125 1.4115678e-14
4933.012950000126 1.4162468e-14
4935.155000000126 1.420998e-14
4937.297050000127 1.4225083e-14
4939.439100000127 1.423949e-14
4941.581150000127 1.4270753e-14
4943.723200000128 1.430238e-14
4945.865250000128 1.4328782e-14
4948.007300000128 1.435507e-14
4950.149350000129 1.4384471e-14
4952.291400000129 1.441394e-14
4954.43345000013 1.4490359e-14
4956.57550000013 1.4567805e-14
4958.71755000013 1.4544374e-14
4960.859600000131 1.4518734e-14
4963.001650000131 1.4549537e-14
4965.1437000001315 1.4581577e-14
4967.285750000132 1.4581133e-14
4969.427800000132 1.4579976e-14
4971.569850000133 1.4598989e-14
4973.711900000133 1.4618444e-14
4975.853950000133 1.4598896e-14
4977.996000000134 1.4578487e-14
4980.138050000134 1.4482634e-14
4982.280100000135 1.4385113e-14
4984.422150000135 1.4331454e-14
4986.564200000135 1.4278765e-14
4988.706250000136 1.4217092e-14
4990.848300000136 1.415522e-14
4992.9903500001365 1.41501775e-14
4995.132400000137 1.414641e-14
4997.274450000137 1.4068277e-14
4999.416500000138 1.3988471e-14
5001.558550000138 1.3954249e-14
5003.700600000138 1.3921053e-14
5005.842650000139 1.3930135e-14
5007.984700000139 1.394017e-14
5010.1267500001395 1.39104934e-14
5012.26880000014 1.3879921e-14
5014.41085000014 1.3946003e-14
5016.552900000141 1.4014272e-14
5018.694950000141 1.4083721e-14
5020.837000000141 1.4153196e-14
5022.979050000142 1.4118142e-14
5025.121100000142 1.40807115e-14
5027.263150000143 1.4132855e-14
5029.405200000143 1.4187034e-14
5031.547250000143 1.4213941e-14
5033.689300000144 1.424022e-14
5035.831350000144 1.4314345e-14
5037.9734000001445 1.4389574e-14
5040.115450000145 1.4426042e-14
5042.257500000145 1.4461612e-14
5044.399550000146 1.4484812e-14
5046.541600000146 1.4507725e-14
5048.683650000146 1.4550576e-14
5050.825700000147 1.459389e-14
5052.967750000147 1.4680226e-14
5055.1098000001475 1.4767559e-14
5057.251850000148 1.4844393e-14
5059.393900000148 1.4920982e-14
5061.535950000149 1.4987406e-14
5063.678000000149 1.5053592e-14
5065.820050000149 1.5110626e-14
5067.96210000015 1.5167445e-14
5070.10415000015 1.5311481e-14
5072.246200000151 1.5457557e-14
5074.388250000151 1.5560949e-14
5076.530300000151 1.5663332e-14
5078.672350000152 1.5771869e-14
5080.814400000152 1.5880553e-14
5082.9564500001525 1.596956e-14
5085.098500000153 1.6058098e-14
5087.240550000153 1.6119093e-14
5089.382600000154 1.6179434e-14
5091.524650000154 1.6196342e-14
5093.666700000154 1.6212217e-14
5095.808750000155 1.6286675e-14
5097.950800000155 1.636253e-14
5100.0928500001555 1.6499953e-14
5102.234900000156 1.6638846e-14
5104.376950000156 1.6684938e-14
5106.519000000157 1.6728808e-14
5108.661050000157 1.6812245e-14
5110.803100000157 1.689663e-14
5112.945150000158 1.696916e-14
5115.087200000158 1.7041407e-14
5117.229250000159 1.709428e-14
5119.371300000159 1.7146686e-14
5121.513350000159 1.7270605e-14
5123.65540000016 1.7396266e-14
5125.79745000016 1.7453168e-14
5127.9395000001605 1.7508395e-14
5130.081550000161 1.7565883e-14
5132.223600000161 1.7623427e-14
5134.365650000162 1.7626395e-14
5136.507700000162 1.762803e-14
5138.649750000162 1.76774e-14
5140.791800000163 1.7727939e-14
5142.933850000163 1.7623142e-14
5145.0759000001635 1.7514534e-14
5147.217950000164 1.7478842e-14
5149.360000000164 1.7444938e-14
5151.502050000165 1.7356052e-14
5153.644100000165 1.7265816e-14
5155.786150000165 1.7105863e-14
5157.928200000166 1.6944191e-14
5160.070250000166 1.6883679e-14
5162.212300000167 1.6825664e-14
5164.354350000167 1.6755838e-14
5166.496400000167 1.6685717e-14
5168.638450000168 1.6595732e-14
5170.780500000168 1.6505252e-14
5172.9225500001685 1.6477977e-14
5175.064600000169 1.6452285e-14
5177.206650000169 1.6445937e-14
5179.34870000017 1.6440076e-14
5181.49075000017 1.64371e-14
5183.63280000017 1.6434198e-14
5185.774850000171 1.6387275e-14
5187.916900000171 1.6339247e-14
5190.0589500001715 1.6395995e-14
5192.201000000172 1.645538e-14
5194.343050000172 1.6565891e-14
5196.485100000173 1.667769e-14
5198.627150000173 1.669689e-14
5200.769200000173 1.6713747e-14
5202.911250000174 1.674752e-14
5205.053300000174 1.678172e-14
5207.195350000175 1.6816855e-14
5209.337400000175 1.6852014e-14
5211.479450000175 1.6889219e-14
5213.621500000176 1.6926476e-14
5215.763550000176 1.69904e-14
5217.9056000001765 1.7055007e-14
5220.047650000177 1.7055816e-14
5222.189700000177 1.7054985e-14
5224.331750000178 1.7060145e-14
5226.473800000178 1.706546e-14
5228.615850000178 1.7053997e-14
5230.757900000179 1.70421e-14
5232.899950000179 1.6987944e-14
5235.0420000001795 1.6932699e-14
5237.18405000018 1.687174e-14
5239.32610000018 1.6810633e-14
5241.468150000181 1.666165e-14
5243.610200000181 1.651039e-14
5245.752250000181 1.6337641e-14
5247.894300000182 1.6164331e-14
5250.036350000182 1.5953393e-14
5252.178400000183 1.574147e-14
5254.320450000183 1.5422783e-14
5256.462500000183 1.5101291e-14
5258.604550000184 1.481252e-14
5260.746600000184 1.4524606e-14
5262.8886500001845 1.4259483e-14
5265.030700000185 1.3994962e-14
5267.172750000185 1.37101574e-14
5269.314800000186 1.34248175e-14
5271.456850000186 1.3198271e-14
5273.598900000186 1.2973277e-14
5275.740950000187 1.2772923e-14
5277.883000000187 1.2573221e-14
5280.025050000188 1.2349199e-14
5282.167100000188 1.2124533e-14
5284.309150000188 1.1945476e-14
5286.451200000189 1.17676305e-14
5288.593250000189 1.1643115e-14
5290.735300000189 1.1520029e-14
5292.87735000019 1.138034e-14
5295.01940000019 1.1240205e-14
5297.161450000191 1.1145062e-14
5299.303500000191 1.105113e-14
5301.445550000191 1.1069801e-14
5303.587600000192 1.1091505e-14
5305.729650000192 1.10333775e-14
5307.8717000001925 1.0973098e-14
5310.013750000193 1.0955365e-14
5312.155800000193 1.0938781e-14
5314.297850000194 1.094209e-14
5316.439900000194 1.0945938e-14
5318.581950000194 1.0974874e-14
5320.724000000195 1.10044886e-14
5322.866050000195 1.1057075e-14
5325.008100000196 1.1110285e-14
5327.150150000196 1.10971404e-14
5329.292200000196 1.1082195e-14
5331.434250000197 1.09504225e-14
5333.576300000197 1.0815444e-14
5335.7183500001975 1.0872929e-14
5337.860400000198 1.09357036e-14
5340.002450000198 1.1043865e-14
5342.144500000199 1.1153275e-14
5344.286550000199 1.1178265e-14
5346.428600000199 1.1200931e-14
5348.5706500002 1.1282376e-14
5350.7127000002 1.1365444e-14
5352.8547500002005 1.14197134e-14
5354.996800000201 1.1473187e-14
5357.138850000201 1.1557678e-14
5359.280900000202 1.1643029e-14
5361.422950000202 1.1758377e-14
5363.565000000202 1.1874556e-14
5365.707050000203 1.1964888e-14
5367.849100000203 1.20545045e-14
5369.991150000204 1.2169883e-14
5372.133200000204 1.22859774e-14
5374.275250000204 1.227247e-14
5376.417300000205 1.2255324e-14
5378.559350000205 1.2321652e-14
5380.7014000002055 1.2390327e-14
5382.843450000206 1.2464919e-14
5384.985500000206 1.2539678e-14
5387.127550000207 1.2554903e-14
5389.269600000207 1.2568449e-14
5391.411650000207 1.2523515e-14
5393.553700000208 1.2476931e-14
5395.695750000208 1.2454326e-14
5397.8378000002085 1.24324e-14
5399.979850000209 1.2472454e-14
5402.121900000209 1.2514265e-14
5404.26395000021 1.2507453e-14
5406.40600000021 1.2499262e-14
5408.54805000021 1.2499415e-14
5410.690100000211 1.2499806e-14
5412.832150000211 1.2519994e-14
5414.974200000212 1.2540745e-14
5417.116250000212 1.2489577e-14
5419.258300000212 1.2436362e-14
5421.400350000213 1.2359918e-14
5423.542400000213 1.2282806e-14
5425.6844500002135 1.2227442e-14
5427.826500000214 1.21727046e-14
5429.968550000214 1.2108306e-14
5432.110600000215 1.204363e-14
5434.252650000215 1.1967273e-14
5436.394700000215 1.1890577e-14
5438.536750000216 1.1815545e-14
5440.678800000216 1.174056e-14
5442.8208500002165 1.1678499e-14
5444.962900000217 1.1616811e-14
5447.104950000217 1.1529444e-14
5449.247000000218 1.1441333e-14
5451.389050000218 1.1319292e-14
5453.531100000218 1.1196266e-14
5455.673150000219 1.10570936e-14
5457.815200000219 1.0917452e-14
5459.95725000022 1.0794274e-14
5462.09930000022 1.0671576e-14
5464.24135000022 1.05688485e-14
5466.383400000221 1.0466708e-14
5468.525450000221 1.0327047e-14
5470.6675000002215 1.0186281e-14
5472.809550000222 1.0098786e-14
5474.951600000222 1.001286e-14
5477.093650000223 9.9667944e-15
5479.235700000223 9.921904e-15
5481.377750000223 9.908234e-15
5483.519800000224 9.895485e-15
5485.661850000224 9.891639e-15
5487.8039000002245 9.888055e-15
5489.945950000225 9.890886e-15
5492.088000000225 9.893906e-15
5494.230050000226 9.955936e-15
5496.372100000226 1.0019717e-14
5498.514150000226 1.0135397e-14
5500.656200000227 1.0252619e-14
5502.798250000227 1.0365256e-14
5504.940300000228 1.0477757e-14
5507.082350000228 1.0592658e-14
5509.224400000228 1.0707631e-14
5511.366450000229 1.0815494e-14
5513.508500000229 1.0923145e-14
5515.6505500002295 1.10274305e-14
5517.79260000023 1.11316155e-14
5519.93465000023 1.127706e-14
5522.076700000231 1.142375e-14
5524.218750000231 1.1559983e-14
5526.360800000231 1.16959e-14
5528.502850000232 1.1825519e-14
5530.644900000232 1.19549485e-14
5532.7869500002325 1.2079502e-14
5534.929000000233 1.2203909e-14
5537.071050000233 1.2356652e-14
5539.213100000234 1.2510253e-14
5541.355150000234 1.2646253e-14
5543.497200000234 1.2781718e-14
5545.639250000235 1.2878559e-14
5547.781300000235 1.2974218e-14
5549.923350000236 1.3096328e-14
5552.065400000236 1.3219248e-14
5554.207450000236 1.3266024e-14
5556.349500000237 1.3310462e-14
5558.491550000237 1.335136e-14
5560.6336000002375 1.3392149e-14
5562.775650000238 1.352032e-14
5564.917700000238 1.3651182e-14
5567.059750000239 1.3658495e-14
5569.201800000239 1.3662004e-14
5571.343850000239 1.3656647e-14
5573.48590000024 1.3651016e-14
5575.62795000024 1.3689149e-14
5577.7700000002405 1.3728635e-14
5579.912050000241 1.3635035e-14
5582.054100000241 1.3537316e-14
5584.196150000242 1.3478388e-14
5586.338200000242 1.34206695e-14
5588.480250000242 1.337377e-14
5590.622300000243 1.3327209e-14
5592.764350000243 1.3236281e-14
5594.906400000244 1.3143963e-14
5597.048450000244 1.3132337e-14
5599.190500000244 1.3123239e-14
5601.332550000245 1.3120677e-14
5603.474600000245 1.31183194e-14
5605.6166500002455 1.3137159e-14
5607.758700000246 1.3156665e-14
5609.900750000246 1.3194929e-14
5612.042800000247 1.3233784e-14
5614.184850000247 1.3279268e-14
5616.326900000247 1.3324961e-14
5618.468950000248 1.3335826e-14
5620.611000000248 1.3345592e-14
5622.753050000249 1.341094e-14
5624.895100000249 1.3478043e-14
5627.037150000249 1.3557816e-14
5629.17920000025 1.3637989e-14
5631.32125000025 1.3648037e-14
5633.4633000002505 1.3655848e-14
5635.605350000251 1.3680179e-14
5637.747400000251 1.3705039e-14
5639.889450000252 1.3680352e-14
5642.031500000252 1.36540805e-14
5644.173550000252 1.3645347e-14
5646.315600000253 1.36371745e-14
5648.457650000253 1.3687312e-14
5650.5997000002535 1.3739317e-14
5652.741750000254 1.3785963e-14
5654.883800000254 1.3832436e-14
5657.025850000255 1.3820289e-14
5659.167900000255 1.38062576e-14
5661.309950000255 1.3794841e-14
5663.452000000256 1.378351e-14
5665.594050000256 1.38127e-14
5667.736100000257 1.3843195e-14
5669.878150000257 1.3870494e-14
5672.020200000257 1.3897691e-14
5674.162250000258 1.3908756e-14
5676.304300000258 1.3919297e-14
5678.4463500002585 1.3914295e-14
5680.588400000259 1.39087875e-14
5682.730450000259 1.3916936e-14
5684.87250000026 1.3925528e-14
5687.01455000026 1.38996235e-14
5689.15660000026 1.3872593e-14
5691.298650000261 1.3868286e-14
5693.440700000261 1.3864721e-14
5695.5827500002615 1.3904737e-14
5697.724800000262 1.394618e-14
5699.866850000262 1.3978457e-14
5702.008900000263 1.4010434e-14
5704.150950000263 1.3996377e-14
5706.293000000263 1.3980811e-14
5708.435050000264 1.3998372e-14
5710.577100000264 1.4017022e-14
5712.719150000265 1.4039385e-14
5714.861200000265 1.4061869e-14
5717.003250000265 1.4025061e-14
5719.145300000266 1.3986285e-14
5721.287350000266 1.3942234e-14
5723.4294000002665 1.3898007e-14
5725.571450000267 1.386434e-14
5727.713500000267 1.3831023e-14
5729.855550000268 1.3833392e-14
5731.997600000268 1.3836949e-14
5734.139650000268 1.38226265e-14
5736.281700000269 1.3807708e-14
5738.423750000269 1.3744565e-14
5740.5658000002695 1.3679811e-14
5742.70785000027 1.3655307e-14
5744.84990000027 1.3632148e-14
5746.991950000271 1.35941165e-14
5749.134000000271 1.3555588e-14
5751.276050000271 1.3494117e-14
5753.418100000272 1.3431877e-14
5755.560150000272 1.3377201e-14
5757.702200000273 1.332278e-14
5759.844250000273 1.3295774e-14
5761.986300000273 1.32696885e-14
5764.128350000274 1.3197924e-14
5766.270400000274 1.3124614e-14
5768.4124500002745 1.3001712e-14
5770.554500000275 1.2877129e-14
5772.696550000275 1.2822891e-14
5774.838600000276 1.2771039e-14
5776.980650000276 1.27481305e-14
5779.122700000276 1.2726206e-14
5781.264750000277 1.2646309e-14
5783.406800000277 1.25644395e-14
5785.5488500002775 1.24999405e-14
5787.690900000278 1.2436033e-14
5789.832950000278 1.2412664e-14
5791.975000000279 1.23906775e-14
5794.117050000279 1.2366568e-14
5796.259100000279 1.2342387e-14
5798.40115000028 1.2367543e-14
5800.54320000028 1.2394386e-14
5802.685250000281 1.2391096e-14
5804.827300000281 1.2386775e-14
5806.969350000281 1.2351364e-14
5809.111400000282 1.2314882e-14
5811.253450000282 1.2326132e-14
5813.3955000002825 1.23390305e-14
5815.537550000283 1.2388607e-14
5817.679600000283 1.2439452e-14
5819.821650000284 1.2440417e-14
5821.963700000284 1.2439655e-14
5824.105750000284 1.24478895e-14
5826.247800000285 1.2456435e-14
5828.389850000285 1.2457884e-14
5830.5319000002855 1.24590855e-14
5832.673950000286 1.2482243e-14
5834.816000000286 1.2506162e-14
5836.958050000287 1.2516284e-14
5839.100100000287 1.2525927e-14
5841.242150000287 1.2558732e-14
5843.384200000288 1.2592345e-14
5845.526250000288 1.2615805e-14
5847.668300000289 1.2638909e-14
5849.810350000289 1.26240994e-14
5851.952400000289 1.26079575e-14
5854.09445000029 1.25999285e-14
5856.23650000029 1.2592186e-14
5858.3785500002905 1.2595975e-14
5860.520600000291 1.2600172e-14
5862.662650000291 1.2604265e-14
5864.804700000292 1.2608355e-14
5866.946750000292 1.2623064e-14
5869.088800000292 1.2638148e-14
5871.230850000293 1.2638626e-14
5873.372900000293 1.2638588e-14
5875.5149500002935 1.258704e-14
5877.657000000294 1.2533669e-14
5879.799050000294 1.2507392e-14
5881.941100000295 1.2482074e-14
5884.083150000295 1.25058104e-14
5886.225200000295 1.2531297e-14
5888.367250000296 1.2486602e-14
5890.509300000296 1.24394005e-14
5892.651350000297 1.2417107e-14
5894.793400000297 1.2395705e-14
5896.935450000297 1.2438057e-14
5899.077500000298 1.2482695e-14
5901.219550000298 1.2488735e-14
5903.3616000002985 1.24933895e-14
5905.503650000299 1.2515257e-14
5907.645700000299 1.2537743e-14
5909.7877500003 1.2583759e-14
5911.9298000003 1.2630621e-14
5914.0718500003 1.26766595e-14
5916.213900000301 1.2722669e-14
5918.355950000301 1.2704729e-14
5920.4980000003015 1.2684486e-14
5922.640050000302 1.2717652e-14
5924.782100000302 1.2752744e-14
5926.924150000303 1.27835305e-14
5929.066200000303 1.2814161e-14
5931.208250000303 1.2806797e-14
5933.350300000304 1.279805e-14
5935.492350000304 1.2773606e-14
5937.634400000305 1.27485896e-14
5939.776450000305 1.27364905e-14
5941.918500000305 1.2724863e-14
5944.060550000306 1.2745916e-14
5946.202600000306 1.2768161e-14
5948.3446500003065 1.27781205e-14
5950.486700000307 1.2787631e-14
5952.628750000307 1.2714145e-14
5954.770800000308 1.2637622e-14
5956.912850000308 1.2652367e-14
5959.054900000308 1.2670455e-14
5961.196950000309 1.272698e-14
5963.339000000309 1.2784916e-14
5965.48105000031 1.27612866e-14
5967.62310000031 1.2734665e-14
5969.76515000031 1.2750214e-14
5971.907200000311 1.27673115e-14
5974.049250000311 1.2780984e-14
5976.1913000003115 1.2794529e-14
5978.333350000312 1.278194e-14
5980.475400000312 1.27683805e-14
5982.617450000313 1.2773924e-14
5984.759500000313 1.2780176e-14
5986.901550000313 1.276633e-14
5989.043600000314 1.2751737e-14
5991.185650000314 1.27401e-14
5993.3277000003145 1.2728572e-14
5995.469750000315 1.2735659e-14
5997.611800000315 1.274344e-14
5999.753850000316 1.27093414e-14
6001.895900000316 1.2673683e-14
6004.037950000316 1.2693678e-14
6006.180000000317 1.2715748e-14
6008.322050000317 1.2649602e-14
6010.464100000318 1.2580161e-14
6012.606150000318 1.2543553e-14
6014.748200000318 1.2508172e-14
6016.890250000319 1.2525752e-14
6019.032300000319 1.2545329e-14
6021.1743500003195 1.2479948e-14
6023.31640000032 1.2411361e-14
6025.45845000032 1.236802e-14
6027.600500000321 1.2325632e-14
6029.742550000321 1.23036355e-14
6031.884600000321 1.2282409e-14
6034.026650000322 1.226412e-14
6036.168700000322 1.22459416e-14
6038.3107500003225 1.2192994e-14
6040.452800000323 1.2138729e-14
6042.594850000323 1.209076e-14
6044.736900000324 1.2043029e-14
6046.878950000324 1.19804425e-14
6049.021000000324 1.1917294e-14
6051.163050000325 1.1872078e-14
6053.305100000325 1.1827544e-14
6055.447150000326 1.17756706e-14
6057.589200000326 1.1723518e-14
6059.731250000326 1.16535335e-14
6061.873300000327 1.158287e-14
6064.015350000327 1.1544666e-14
6066.1574000003275 1.15077075e-14
6068.299450000328 1.1412762e-14
6070.441500000328 1.131559e-14
6072.583550000329 1.12658186e-14
6074.725600000329 1.121787e-14
6076.867650000329 1.1114623e-14
6079.00970000033 1.1009249e-14
6081.15175000033 1.0883297e-14
6083.2938000003305 1.0756552e-14
6085.435850000331 1.061781e-14
6087.577900000331 1.0478606e-14
6089.719950000332 1.0382251e-14
6091.862000000332 1.02875506e-14
6094.004050000332 1.01416695e-14
6096.146100000333 9.9938106e-15
6098.288150000333 9.799304e-15
6100.430200000334 9.602993e-15
6102.572250000334 9.363896e-15
6104.714300000334 9.123133e-15
6106.856350000335 8.924209e-15
6108.998400000335 8.726917e-15
6111.1404500003355 8.5401606e-15
6113.282500000336 8.353816e-15
6115.424550000336 8.162495e-15
6117.566600000337 7.970979e-15
6119.708650000337 7.803883e-15
6121.850700000337 7.6377435e-15
6123.992750000338 7.452701e-15
6126.134800000338 7.2669184e-15
6128.2768500003385 7.0903993e-15
6130.418900000339 6.914243e-15
6132.560950000339 6.7602165e-15
6134.70300000034 6.607059e-15
6136.84505000034 6.4539066e-15
6138.98710000034 6.3007545e-15
6141.129150000341 6.1637516e-15
6143.271200000341 6.0273844e-15
6145.413250000342 5.912919e-15
6147.555300000342 5.7993208e-15
6149.697350000342 5.699352e-15
6151.839400000343 5.5999237e-15
6153.981450000343 5.5115604e-15
6156.1235000003435 5.4236362e-15
6158.265550000344 5.3658538e-15
6160.407600000344 5.3092694e-15
6162.549650000345 5.260078e-15
6164.691700000345 5.21118e-15
6166.833750000345 5.1454926e-15
6168.975800000346 5.079137e-15
6171.117850000346 5.0571844e-15
6173.2599000003465 5.0370017e-15
6175.401950000347 5.030488e-15
6177.544000000347 5.0245194e-15
6179.686050000348 5.0610807e-15
6181.828100000348 5.099341e-15
6183.970150000348 5.1329523e-15
6186.112200000349 5.1663762e-15
6188.254250000349 5.1670623e-15
6190.39630000035 5.1664305e-15
6192.53835000035 5.2388924e-15
6194.68040000035 5.3143004e-15
6196.822450000351 5.4049837e-15
6198.964500000351 5.4962833e-15
6201.1065500003515 5.5767607e-15
6203.248600000352 5.6568007e-15
6205.390650000352 5.723809e-15
6207.532700000353 5.7902905e-15
6209.674750000353 5.921614e-15
6211.816800000353 6.0555614e-15
6213.958850000354 6.154554e-15
6216.100900000354 6.2521306e-15
6218.2429500003545 6.3456888e-15
6220.385000000355 6.4390843e-15
6222.527050000355 6.58432e-15
6224.669100000356 6.731661e-15
6226.811150000356 6.834791e-15
6228.953200000356 6.936115e-15
6231.095250000357 7.04078e-15
6233.237300000357 7.145583e-15
6235.379350000358 7.2832255e-15
6237.521400000358 7.422214e-15
6239.663450000358 7.541887e-15
6241.805500000359 7.660768e-15
6243.947550000359 7.74506e-15
6246.0896000003595 7.827934e-15
6248.23165000036 7.918372e-15
6250.37370000036 8.009121e-15
6252.515750000361 8.081585e-15
6254.657800000361 8.153298e-15
6256.799850000361 8.23352e-15
6258.941900000362 8.314093e-15
6261.083950000362 8.371328e-15
6263.226000000363 8.4276e-15
6265.368050000363 8.504802e-15
6267.510100000363 8.582866e-15
6269.652150000364 8.657745e-15
6271.794200000364 8.732491e-15
6273.936250000364 8.780362e-15
6276.078300000365 8.827115e-15
6278.220350000365 8.879393e-15
6280.362400000366 8.9319014e-15
6282.504450000366 8.97617e-15
6284.646500000366 9.020096e-15
6286.788550000367 9.107616e-15
6288.930600000367 9.196952e-15
6291.0726500003675 9.281069e-15
6293.214700000368 9.364968e-15
6295.356750000368 9.424701e-15
6297.498800000369 9.483424e-15
6299.640850000369 9.532063e-15
6301.782900000369 9.580281e-15
6303.92495000037 9.622617e-15
6306.06700000037 9.664708e-15
6308.209050000371 9.733318e-15
6310.351100000371 9.80304e-15
6312.493150000371 9.864221e-15
6314.635200000372 9.925045e-15
6316.777250000372 9.956818e-15
6318.9193000003725 9.987365e-15
6321.061350000373 1.001138e-14
6323.203400000373 1.0035118e-14
6325.345450000374 1.0052098e-14
6327.487500000374 1.0068793e-14
6329.629550000374 1.0154148e-14
6331.771600000375 1.02424105e-14
6333.913650000375 1.0290807e-14
6336.0557000003755 1.0337515e-14
6338.197750000376 1.0319783e-14
6340.339800000376 1.0299315e-14
6342.481850000377 1.0305608e-14
6344.623900000377 1.0313036e-14
6346.765950000377 1.03016105e-14
6348.908000000378 1.02893835e-14
6351.050050000378 1.0264058e-14
6353.192100000379 1.0238175e-14
6355.334150000379 1.0288814e-14
6357.476200000379 1.0342713e-14
6359.61825000038 1.0371562e-14
6361.76030000038 1.0399343e-14
6363.9023500003805 1.0373362e-14
6366.044400000381 1.0345075e-14
6368.186450000381 1.0325231e-14
6370.328500000382 1.0305749e-14
6372.470550000382 1.0319982e-14
6374.612600000382 1.0335665e-14
6376.754650000383 1.0308647e-14
6378.896700000383 1.027979e-14
6381.0387500003835 1.0256148e-14
6383.180800000384 1.023273e-14
6385.322850000384 1.0262164e-14
6387.464900000385 1.0293877e-14
6389.606950000385 1.0275288e-14
6391.749000000385 1.0254527e-14
6393.891050000386 1.023078e-14
6396.033100000386 1.0206904e-14
6398.175150000387 1.0219801e-14
6400.317200000387 1.0234288e-14
6402.459250000387 1.0199105e-14
6404.601300000388 1.016176e-14
6406.743350000388 1.01383745e-14
6408.8854000003885 1.0115597e-14
6411.027450000389 1.0062811e-14
6413.169500000389 1.0008716e-14
6415.31155000039 1.00175e-14
6417.45360000039 1.0029029e-14
6419.59565000039 1.0034422e-14
6421.737700000391 1.0039548e-14
6423.879750000391 1.0006492e-14
6426.0218000003915 9.971769e-15
6428.163850000392 9.946307e-15
6430.305900000392 9.92125e-15
6432.447950000393 9.883047e-15
6434.590000000393 9.844268e-15
6436.732050000393 9.813665e-15
6438.874100000394 9.783422e-15
6441.016150000394 9.774529e-15
6443.158200000395 9.766579e-15
6445.300250000395 9.71018e-15
6447.442300000395 9.651642e-15
6449.584350000396 9.620808e-15
6451.726400000396 9.591198e-15
6453.8684500003965 9.53699e-15
6456.010500000397 9.481691e-15
6458.152550000397 9.396814e-15
6460.294600000398 9.310626e-15
6462.436650000398 9.284518e-15
6464.578700000398 9.261071e-15
6466.720750000399 9.235308e-15
6468.862800000399 9.209442e-15
6471.0048500003995 9.153563e-15
6473.1469000004 9.096351e-15
6475.2889500004 9.032057e-15
6477.431000000401 8.967449e-15
6479.573050000401 8.916583e-15
6481.715100000401 8.866329e-15
6483.857150000402 8.833318e-15
6485.999200000402 8.801078e-15
6488.141250000403 8.778262e-15
6490.283300000403 8.75587e-15
6492.425350000403 8.770007e-15
6494.567400000404 8.785783e-15
6496.709450000404 8.75459e-15
6498.8515000004045 8.721287e-15
6500.993550000405 8.691964e-15
6503.135600000405 8.66282e-15
6505.277650000406 8.6360294e-15
6507.419700000406 8.6093445e-15
6509.561750000406 8.593482e-15
6511.703800000407 8.578106e-15
6513.845850000407 8.59437e-15
6515.9879000004075 8.61206e-15
6518.129950000408 8.525774e-15
6520.272000000408 8.434794e-15
6522.414050000409 8.4143245e-15
6524.556100000409 8.397038e-15
6526.698150000409 8.403213e-15
6528.84020000041 8.4104536e-15
6530.98225000041 8.376539e-15
6533.124300000411 8.340753e-15
6535.266350000411 8.33224e-15
6537.408400000411 8.3249685e-15
6539.550450000412 8.316827e-15
6541.692500000412 8.308646e-15
6543.8345500004125 8.2873864e-15
6545.976600000413 8.26553e-15
6548.118650000413 8.2440616e-15
6550.260700000414 8.2226105e-15
6552.402750000414 8.2144315e-15
6554.544800000414 8.206859e-15
6556.686850000415 8.177538e-15
6558.828900000415 8.147222e-15
6560.9709500004155 8.143401e-15
6563.113000000416 8.140793e-15
6565.255050000416 8.1440016e-15
6567.397100000417 8.147476e-15
6569.539150000417 8.079391e-15
6571.681200000417 8.008007e-15
6573.823250000418 8.001552e-15
6575.965300000418 7.998093e-15
6578.107350000419 7.993341e-15
6580.249400000419 7.988528e-15
6582.391450000419 7.97536e-15
6584.53350000042 7.961805e-15
6586.67555000042 7.930754e-15
6588.8176000004205 7.898894e-15
6590.959650000421 7.89183e-15
6593.101700000421 7.885913e-15
6595.243750000422 7.85484e-15
6597.385800000422 7.8226e-15
6599.527850000422 7.789892e-15
6601.669900000423 7.7571625e-15
6603.811950000423 7.740298e-15
6605.954000000424 7.72417e-15
6608.096050000424 7.7023205e-15
6610.238100000424 7.6802044e-15
6612.380150000425 7.643477e-15
6614.522200000425 7.606069e-15
6616.664250000425 7.599399e-15
6618.806300000426 7.594169e-15
6620.948350000426 7.599219e-15
6623.090400000427 7.604751e-15
6625.232450000427 7.564468e-15
6627.374500000427 7.522039e-15
6629.516550000428 7.521562e-15
6631.658600000428 7.523053e-15
6633.8006500004285 7.48399e-15
6635.942700000429 7.443022e-15
6638.084750000429 7.449184e-15
6640.22680000043 7.457561e-15
6642.36885000043 7.449443e-15
6644.51090000043 7.440548e-15
6646.652950000431 7.415108e-15
6648.795000000431 7.388889e-15
6650.937050000432 7.390547e-15
6653.079100000432 7.3935185e-15
6655.221150000432 7.351552e-15
6657.363200000433 7.307465e-15
6659.505250000433 7.306243e-15
6661.6473000004335 7.307054e-15
6663.789350000434 7.283899e-15
6665.931400000434 7.259606e-15
6668.073450000435 7.243793e-15
6670.215500000435 7.228383e-15
6672.357550000435 7.195186e-15
6674.499600000436 7.1611435e-15
6676.641650000436 7.166573e-15
6678.7837000004365 7.173884e-15
6680.925750000437 7.14766e-15
6683.067800000437 7.1198405e-15
6685.209850000438 7.0866647e-15
6687.351900000438 7.0532336e-15
6689.493950000438 7.0675938e-15
6691.636000000439 7.084235e-15
6693.778050000439 7.058033e-15
6695.92010000044 7.0297827e-15
6698.06215000044 7.0143967e-15
6700.20420000044 6.999626e-15
6702.346250000441 6.972619e-15
6704.488300000441 6.9450235e-15
6706.6303500004415 6.94637e-15
6708.772400000442 6.9491095e-15
6710.914450000442 6.9330934e-15
6713.056500000443 6.916173e-15
6715.198550000443 6.8950947e-15
6717.340600000443 6.8738155e-15
6719.482650000444 6.8344463e-15
6721.624700000444 6.794203e-15
6723.7667500004445 6.814407e-15
6725.908800000445 6.8375316e-15
6728.050850000445 6.8289495e-15
6730.192900000446 6.818834e-15
6732.334950000446 6.7437816e-15
6734.477000000446 6.665585e-15
6736.619050000447 6.6693494e-15
6738.761100000447 6.677085e-15
6740.903150000448 6.681291e-15
6743.045200000448 6.6853244e-15
6745.187250000448 6.6531943e-15
6747.329300000449 6.6193003e-15
6749.471350000449 6.5983977e-15
6751.6134000004495 6.578129e-15
6753.75545000045 6.5677025e-15
6755.89750000045 6.5577566e-15
6758.039550000451 6.5442502e-15
6760.181600000451 6.53057e-15
6762.323650000451 6.5152195e-15
6764.465700000452 6.4997874e-15
6766.607750000452 6.474491e-15
6768.7498000004525 6.4487113e-15
6770.891850000453 6.4053652e-15
6773.033900000453 6.361158e-15
6775.175950000454 6.3346316e-15
6777.318000000454 6.3089733e-15
6779.460050000454 6.312676e-15
6781.602100000455 6.317822e-15
6783.744150000455 6.295239e-15
6785.886200000456 6.271287e-15
6788.028250000456 6.2159737e-15
6790.170300000456 6.1591094e-15
6792.312350000457 6.156874e-15
6794.454400000457 6.1573417e-15
6796.5964500004575 6.1426143e-15
6798.738500000458 6.127134e-15
6800.880550000458 6.1218773e-15
6803.022600000459 6.1171267e-15
6805.164650000459 6.116986e-15
6807.306700000459 6.1170737e-15
6809.44875000046 6.0792736e-15
6811.59080000046 6.0395922e-15
6813.7328500004605 6.0303384e-15
6815.874900000461 6.022596e-15
6818.016950000461 6.0212684e-15
6820.159000000462 6.02026e-15
6822.301050000462 6.0148826e-15
6824.443100000462 6.009288e-15
6826.585150000463 5.977365e-15
6828.727200000463 5.944125e-15
6830.869250000464 5.9253546e-15
6833.011300000464 5.907309e-15
6835.153350000464 5.9239507e-15
6837.295400000465 5.9423317e-15
6839.437450000465 5.9257794e-15
6841.5795000004655 5.9074746e-15
6843.721550000466 5.890485e-15
6845.863600000466 5.8735615e-15
6848.005650000467 5.8435715e-15
6850.147700000467 5.812925e-15
6852.289750000467 5.770796e-15
6854.431800000468 5.7280895e-15
6856.573850000468 5.756001e-15
6858.7159000004685 5.7874687e-15
6860.857950000469 5.705508e-15
6863.000000000469 5.617836e-15
6865.14205000047 5.57728e-15
6867.28410000047 5.539099e-15
6869.42615000047 5.5130164e-15
6871.568200000471 5.4875474e-15
6873.710250000471 5.4883614e-15
6875.852300000472 5.49051e-15
6877.994350000472 5.4308513e-15
6880.136400000472 5.3680514e-15
6882.278450000473 5.321743e-15
6884.420500000473 5.276272e-15
6886.5625500004735 5.262611e-15
6888.704600000474 5.2505684e-15
6890.846650000474 5.2398826e-15
6892.988700000475 5.2292655e-15
6895.130750000475 5.2153136e-15
6897.272800000475 5.2011914e-15
6899.414850000476 5.1784215e-15
6901.556900000476 5.1552102e-15
6903.6989500004765 5.142714e-15
6905.841000000477 5.130765e-15
6907.983050000477 5.1158312e-15
6910.125100000478 5.1007447e-15
6912.267150000478 5.0914956e-15
6914.409200000478 5.082545e-15
6916.551250000479 5.0835775e-15
6918.693300000479 5.085123e-15
6920.83535000048 5.077741e-15
6922.97740000048 5.0699e-15
6925.11945000048 5.0535675e-15
6927.261500000481 5.036798e-15
6929.403550000481 5.0307006e-15
6931.5456000004815 5.025153e-15
6933.687650000482 5.017618e-15
6935.829700000482 5.0099805e-15
6937.971750000483 4.989514e-15
6940.113800000483 4.9683844e-15
6942.255850000483 4.928906e-15
6944.397900000484 4.88848e-15
6946.539950000484 4.8803993e-15
6948.682000000485 4.873991e-15
6950.824050000485 4.874397e-15
6952.966100000485 4.875156e-15
6955.108150000486 4.8515053e-15
6957.250200000486 4.82659e-15
6959.3922500004865 4.8186895e-15
6961.534300000487 4.8116753e-15
6963.676350000487 4.842516e-15
6965.818400000488 4.87533e-15
6967.960450000488 4.888804e-15
6970.102500000488 4.901269e-15
6972.244550000489 4.8964874e-15
6974.386600000489 4.8908055e-15
6976.5286500004895 4.89961e-15
6978.67070000049 4.9091717e-15
6980.81275000049 4.879799e-15
6982.954800000491 4.8483916e-15
6985.096850000491 4.815821e-15
6987.238900000491 4.78319e-15
6989.380950000492 4.7881095e-15
6991.523000000492 4.7949955e-15
6993.665050000493 4.7694172e-15
6995.807100000493 4.7421372e-15
6997.949150000493 4.757611e-15
7000.091200000494 4.7753287e-15
7002.233250000494 4.7466545e-15
7004.3753000004945 4.7155336e-15
7006.517350000495 4.6939796e-15
7008.659400000495 4.6729304e-15
7010.801450000496 4.6345048e-15
7012.943500000496 4.5951614e-15
7015.085550000496 4.599146e-15
7017.227600000497 4.6054223e-15
7019.369650000497 4.6307766e-15
7021.5117000004975 4.6571396e-15
7023.653750000498 4.6475944e-15
7025.795800000498 4.6361484e-15
7027.937850000499 4.6134962e-15
7030.079900000499 4.5902503e-15
7032.221950000499 4.5876143e-15
7034.3640000005 4.5860714e-15
7036.5060500005 4.6085487e-15
7038.648100000501 4.6323016e-15
7040.790150000501 4.6355216e-15
7042.932200000501 4.6376464e-15
7045.074250000502 4.624384e-15
7047.216300000502 4.6102995e-15
7049.3583500005025 4.587975e-15
7051.500400000503 4.5652103e-15
7053.642450000503 4.539171e-15
7055.784500000504 4.512956e-15
7057.926550000504 4.513635e-15
7060.068600000504 4.5157546e-15
7062.210650000505 4.5121297e-15
7064.352700000505 4.508197e-15
7066.4947500005055 4.5167126e-15
7068.636800000506 4.5258957e-15
7070.778850000506 4.515833e-15
7072.920900000507 4.504737e-15
7075.062950000507 4.509279e-15
7077.205000000507 4.514661e-15
7079.347050000508 4.478221e-15
7081.489100000508 4.4395233e-15
7083.631150000509 4.4437098e-15
7085.773200000509 4.450213e-15
7087.915250000509 4.4404487e-15
7090.05730000051 4.429805e-15
7092.19935000051 4.4306815e-15
7094.3414000005105 4.432182e-15
7096.483450000511 4.4624084e-15
7098.625500000511 4.494191e-15
7100.767550000512 4.476985e-15
7102.909600000512 4.4571246e-15
7105.051650000512 4.4547767e-15
7107.193700000513 4.4533786e-15
7109.335750000513 4.456099e-15
7111.4778000005135 4.4590427e-15
7113.619850000514 4.447004e-15
7115.761900000514 4.4341514e-15
7117.903950000515 4.4091055e-15
7120.046000000515 4.3833968e-15
7122.188050000515 4.369225e-15
7124.330100000516 4.3556806e-15
7126.472150000516 4.385823e-15
7128.614200000517 4.4183555e-15
7130.756250000517 4.4174344e-15
7132.898300000517 4.4146815e-15
7135.040350000518 4.435001e-15
7137.182400000518 4.456585e-15
7139.3244500005185 4.4960466e-15
7141.466500000519 4.5364882e-15
7143.608550000519 4.5038364e-15
7145.75060000052 4.4671747e-15
7147.89265000052 4.4617588e-15
7150.03470000052 4.4580585e-15
7152.176750000521 4.442363e-15
7154.318800000521 4.426008e-15
7156.4608500005215 4.403011e-15
7158.602900000522 4.3796487e-15
7160.744950000522 4.3778203e-15
7162.887000000523 4.3771766e-15
7165.029050000523 4.365469e-15
7167.171100000523 4.3531518e-15
7169.313150000524 4.3447916e-15
7171.455200000524 4.33665e-15
7173.597250000525 4.3758925e-15
7175.739300000525 4.4177617e-15
7177.881350000525 4.396886e-15
7180.023400000526 4.3725293e-15
7182.165450000526 4.3454196e-15
7184.3075000005265 4.3181566e-15
7186.449550000527 4.3301065e-15
7188.591600000527 4.344234e-15
7190.733650000528 4.3014324e-15
7192.875700000528 4.2554664e-15
7195.017750000528 4.221105e-15
7197.159800000529 4.1873883e-15
7199.301850000529 4.214486e-15
7201.4439000005295 4.244967e-15
7203.58595000053 4.223859e-15
7205.72800000053 4.1998778e-15
7207.870050000531 4.1961407e-15
7210.012100000531 4.193532e-15
7212.154150000531 4.196732e-15
7214.296200000532 4.2002564e-15
7216.438250000532 4.1955727e-15
7218.580300000533 4.1904287e-15
7220.722350000533 4.2419537e-15
7222.864400000533 4.296658e-15
7225.006450000534 4.2874017e-15
7227.148500000534 4.2745535e-15
7229.2905500005345 4.244787e-15
7231.432600000535 4.21407e-15
7233.574650000535 4.178417e-15
7235.716700000536 4.142486e-15
7237.858750000536 4.1247112e-15
7240.000800000536 4.1079586e-15
7242.142850000537 4.073161e-15
7244.284900000537 4.0373465e-15
7246.4269500005375 4.0598035e-15
7248.569000000538 4.085545e-15
7250.711050000538 4.0768704e-15
7252.853100000539 4.066254e-15
7254.995150000539 4.08896e-15
7257.137200000539 4.1135477e-15
7259.27925000054 4.1469297e-15
7261.42130000054 4.180811e-15
7263.563350000541 4.180176e-15
7265.705400000541 4.1775813e-15
7267.847450000541 4.1827224e-15
7269.989500000542 4.1883035e-15
7272.131550000542 4.134511e-15
7274.2736000005425 4.0773413e-15
7276.415650000543 4.0777166e-15
7278.557700000543 4.081369e-15
7280.699750000544 4.0804474e-15
7282.841800000544 4.0792658e-15
7284.983850000544 4.0529595e-15
7287.125900000545 4.025221e-15
7289.267950000545 3.995846e-15
7291.410000000546 3.9663783e-15
7293.552050000546 3.9851714e-15
7295.694100000546 4.00672e-15
7297.836150000547 4.0101322e-15
7299.978200000547 4.0125077e-15
7302.1202500005475 4.0231236e-15
7304.262300000548 4.0342125e-15
7306.404350000548 4.0466076e-15
7308.546400000549 4.059078e-15
7310.688450000549 4.028127e-15
7312.830500000549 3.9946785e-15
7314.97255000055 3.99525e-15
7317.11460000055 3.997779e-15
7319.2566500005505 4.0204842e-15
7321.398700000551 4.0443507e-15
7323.540750000551 4.057589e-15
7325.682800000552 4.070215e-15
7327.824850000552 4.0778953e-15
7329.966900000552 4.0852903e-15
7332.108950000553 4.0871313e-15
7334.251000000553 4.0886518e-15
7336.393050000554 4.0912716e-15
7338.535100000554 4.0939546e-15
7340.677150000554 4.0894827e-15
7342.819200000555 4.0845953e-15
7344.961250000555 4.100383e-15
7347.1033000005555 4.117372e-15
7349.245350000556 4.0928878e-15
7351.387400000556 4.065992e-15
7353.529450000557 4.0552715e-15
7355.671500000557 4.0454925e-15
7357.813550000557 4.045481e-15
7359.955600000558 4.0460384e-15
7362.097650000558 4.037702e-15
7364.2397000005585 4.028847e-15
7366.381750000559 4.022753e-15
7368.523800000559 4.01682e-15
7370.66585000056 4.0272567e-15
7372.80790000056 4.0386493e-15
7374.94995000056 4.067386e-15
7377.092000000561 4.097136e-15
7379.234050000561 4.09065e-15
7381.376100000562 4.082038e-15
7383.518150000562 4.058364e-15
7385.660200000562 4.033806e-15
7387.802250000563 4.03607e-15
7389.944300000563 4.0399105e-15
7392.0863500005635 4.0422204e-15
7394.228400000564 4.0444404e-15
7396.370450000564 4.032542e-15
7398.512500000565 4.019813e-15
7400.654550000565 4.0449177e-15
7402.796600000565 4.07225e-15
7404.938650000566 4.0996335e-15
7407.080700000566 4.1270202e-15
7409.2227500005665 4.100902e-15
7411.364800000567 4.071628e-15
7413.506850000567 4.0668428e-15
7415.648900000568 4.063503e-15
7417.790950000568 4.063778e-15
7419.933000000568 4.064267e-15
7422.075050000569 4.0657086e-15
7424.217100000569 4.067207e-15
7426.35915000057 4.0757226e-15
7428.50120000057 4.084655e-15
7430.64325000057 4.075656e-15
7432.785300000571 4.0655917e-15
7434.927350000571 4.056844e-15
7437.0694000005715 4.0481746e-15
7439.211450000572 4.0582242e-15
7441.353500000572 4.069388e-15
7443.495550000573 4.077111e-15
7445.637600000573 4.0846288e-15
7447.779650000573 4.096349e-15
7449.921700000574 4.10832e-15
7452.063750000574 4.1076393e-15
7454.2058000005745 4.1062035e-15
7456.347850000575 4.1174462e-15
7458.489900000575 4.129446e-15
7460.631950000576 4.1209783e-15
7462.774000000576 4.111288e-15
7464.916050000576 4.0976227e-15
7467.058100000577 4.0837195e-15
7469.200150000577 4.0816917e-15
7471.342200000578 4.080377e-15
7473.484250000578 4.063751e-15
7475.626300000578 4.046204e-15
7477.768350000579 4.0446403e-15
7479.910400000579 4.0440377e-15
7482.0524500005795 4.0418502e-15
7484.19450000058 4.039567e-15
7486.33655000058 4.0355157e-15
7488.478600000581 4.031358e-15
7490.620650000581 4.0143377e-15
7492.762700000581 3.996542e-15
7494.904750000582 3.969935e-15
7497.046800000582 3.942796e-15
7499.1888500005825 3.9307064e-15
7501.330900000583 3.9195247e-15
7503.472950000583 3.8968623e-15
7505.615000000584 3.8735062e-15
7507.757050000584 3.8823357e-15
7509.899100000584 3.893111e-15
7512.041150000585 3.8442103e-15
7514.183200000585 3.791684e-15
7516.325250000586 3.791874e-15
7518.467300000586 3.795269e-15
7520.609350000586 3.783099e-15
7522.751400000587 3.769982e-15
7524.893450000587 3.7683865e-15
7527.0355000005875 3.7674924e-15
7529.177550000588 3.7756815e-15
7531.319600000588 3.784424e-15
7533.461650000589 3.7857744e-15
7535.603700000589 3.786674e-15
7537.745750000589 3.7879487e-15
7539.88780000059 3.7892468e-15
7542.02985000059 3.8010434e-15
7544.1719000005905 3.8134812e-15
7546.313950000591 3.8456816e-15
7548.456000000591 3.8790894e-15
7550.598050000592 3.888835e-15
7552.740100000592 3.8971342e-15
7554.882150000592 3.9306784e-15
7557.024200000593 3.965767e-15
7559.166250000593 3.9636653e-15
7561.308300000594 3.959278e-15
7563.450350000594 3.95064e-15
7565.592400000594 3.9417407e-15
7567.734450000595 3.9220984e-15
7569.876500000595 3.9017946e-15
7572.0185500005955 3.906534e-15
7574.160600000596 3.912816e-15
7576.302650000596 3.9326325e-15
7578.444700000597 3.9532836e-15
7580.586750000597 3.9314005e-15
7582.728800000597 3.9068946e-15
7584.870850000598 3.8895965e-15
7587.012900000598 3.8727426e-15
7589.154950000599 3.8163938e-15
7591.297000000599 3.757606e-15
7593.439050000599 3.7398144e-15
7595.5811000006 3.724557e-15
7597.7231500006 3.777782e-15
7599.8652000006 3.835258e-15
7602.007250000601 3.9572333e-15
7604.149300000601 4.083216e-15
7606.291350000602 4.150103e-15
7608.433400000602 4.2133155e-15
7610.575450000602 4.1705632e-15
7612.717500000603 4.1212164e-15
7614.859550000603 4.0515437e-15
7617.0016000006035 3.9806047e-15
7619.143650000604 3.871789e-15
7621.285700000604 3.760614e-15
7623.427750000605 3.69834e-15
7625.569800000605 3.639114e-15
7627.711850000605 3.6331975e-15
7629.853900000606 3.6306064e-15
7631.995950000606 3.649184e-15
7634.138000000607 3.6690833e-15
7636.280050000607 3.6848805e-15
7638.422100000607 3.7004214e-15
7640.564150000608 3.6938895e-15
7642.706200000608 3.6859723e-15
7644.8482500006085 3.668697e-15
7646.990300000609 3.6508344e-15
7649.132350000609 3.6382835e-15
7651.27440000061 3.6260667e-15
7653.41645000061 3.6489133e-15
7655.55850000061 3.6739664e-15
7657.700550000611 3.6616442e-15
7659.842600000611 3.6469702e-15
7661.9846500006115 3.6309084e-15
7664.126700000612 3.6147593e-15
7666.268750000612 3.6155165e-15
7668.410800000613 3.6173398e-15
7670.552850000613 3.5854375e-15
7672.694900000613 3.5514084e-15
7674.836950000614 3.5420256e-15
7676.979000000614 3.5341986e-15
7679.121050000615 3.595e-15
7681.263100000615 3.6601526e-15
7683.405150000615 3.6844853e-15
7685.547200000616 3.706228e-15
7687.689250000616 3.6657278e-15
7689.8313000006165 3.621275e-15
7691.973350000617 3.606002e-15
7694.115400000617 3.5925827e-15
7696.257450000618 3.6073113e-15
7698.399500000618 3.6238306e-15
7700.541550000618 3.6215135e-15
7702.683600000619 3.6179987e-15
7704.825650000619 3.595267e-15
7706.9677000006195 3.5713116e-15
7709.10975000062 3.5872417e-15
7711.25180000062 3.605713e-15
7713.393850000621 3.5956125e-15
7715.535900000621 3.58369e-15
7717.677950000621 3.583539e-15
7719.820000000622 3.5841386e-15
7721.962050000622 3.5996533e-15
7724.104100000623 3.6161234e-15
7726.246150000623 3.625212e-15
7728.388200000623 3.633827e-15
7730.530250000624 3.6535737e-15
7732.672300000624 3.674035e-15
7734.8143500006245 3.6968e-15
7736.956400000625 3.7197134e-15
7739.098450000625 3.731208e-15
7741.240500000626 3.7419696e-15
7743.382550000626 3.765124e-15
7745.524600000626 3.789075e-15
7747.666650000627 3.8224496e-15
7749.808700000627 3.8564305e-15
7751.9507500006275 3.8663353e-15
7754.092800000628 3.874689e-15
7756.234850000628 3.8673403e-15
7758.376900000629 3.8589796e-15
7760.518950000629 3.8657093e-15
7762.661000000629 3.8734118e-15
7764.80305000063 3.891106e-15
7766.94510000063 3.9094446e-15
7769.087150000631 3.916247e-15
7771.229200000631 3.9223017e-15
7773.371250000631 3.930372e-15
7775.513300000632 3.9385728e-15
