4250.971 8.858015e-15
4252.5435 8.783613e-15
4254.116 8.709212e-15
4255.6885 8.680185e-15
4257.261 8.651172e-15
4258.833500000001 8.642153e-15
4260.406000000001 8.633139e-15
4261.978500000001 8.596581e-15
4263.551000000001 8.560005e-15
4265.1235000000015 8.538355e-15
4266.696000000002 8.516714e-15
4268.268500000002 8.529138e-15
4269.841000000002 8.541587e-15
4271.413500000002 8.4324646e-15
4272.986000000003 8.3232185e-15
4274.558500000003 8.269651e-15
4276.131000000003 8.216141e-15
4277.703500000003 8.196226e-15
4279.2760000000035 8.1763565e-15
4280.848500000004 8.0823045e-15
4282.421000000004 7.988153e-15
4283.993500000004 8.0242015e-15
4285.566000000004 8.0604655e-15
4287.138500000005 8.05332e-15
4288.711000000005 8.046102e-15
4290.283500000005 8.064628e-15
4291.856000000005 8.083206e-15
4293.428500000005 8.06034e-15
4295.001000000006 8.037391e-15
4296.573500000006 7.967055e-15
4298.146000000006 7.896621e-15
4299.718500000006 7.871541e-15
4301.2910000000065 7.846568e-15
4302.863500000007 7.853409e-15
4304.436000000007 7.860325e-15
4306.008500000007 7.934556e-15
4307.581000000007 8.008967e-15
4309.153500000008 7.918497e-15
4310.726000000008 7.827584e-15
4312.298500000008 7.823e-15
4313.871000000008 7.81868e-15
4315.4435000000085 7.751129e-15
4317.016000000009 7.683384e-15
4318.588500000009 7.6358716e-15
4320.161000000009 7.5884276e-15
4321.733500000009 7.556252e-15
4323.30600000001 7.5241284e-15
4324.87850000001 7.479024e-15
4326.45100000001 7.433875e-15
4328.02350000001 7.420745e-15
4329.5960000000105 7.407732e-15
4331.168500000011 7.396369e-15
4332.741000000011 7.385012e-15
4334.313500000011 7.369249e-15
4335.886000000011 7.35347e-15
4337.458500000012 7.474019e-15
4339.031000000012 7.595125e-15
4340.603500000012 7.5935225e-15
4342.176000000012 7.591379e-15
4343.748500000012 7.6054606e-15
4345.321000000013 7.619614e-15
4346.893500000013 7.697849e-15
4348.466000000013 7.7763876e-15
4350.038500000013 7.829429e-15
4351.6110000000135 7.882349e-15
4353.183500000014 7.868283e-15
4354.756000000014 7.853879e-15
4356.328500000014 7.89782e-15
4357.901000000014 7.942059e-15
4359.473500000015 7.9277574e-15
4361.046000000015 7.913158e-15
4362.618500000015 7.8968916e-15
4364.191000000015 7.880617e-15
4365.7635000000155 7.884581e-15
4367.336000000016 7.888655e-15
4368.908500000016 7.920673e-15
4370.481000000016 7.952851e-15
4372.053500000016 8.008541e-15
4373.626000000017 8.064365e-15
4375.198500000017 8.052161e-15
4376.771000000017 8.039544e-15
4378.343500000017 7.9837395e-15
4379.916000000017 7.92767e-15
4381.488500000018 7.974248e-15
4383.061000000018 8.021455e-15
4384.633500000018 7.989669e-15
4386.206000000018 7.957371e-15
4387.7785000000185 7.94061e-15
4389.351000000019 7.923949e-15
4390.923500000019 7.855704e-15
4392.496000000019 7.787108e-15
4394.068500000019 7.653675e-15
4395.64100000002 7.519803e-15
4397.21350000002 7.554592e-15
4398.78600000002 7.590581e-15
4400.35850000002 7.563043e-15
4401.9310000000205 7.535049e-15
4403.503500000021 7.50434e-15
4405.076000000021 7.473611e-15
4406.648500000021 7.4372195e-15
4408.221000000021 7.400786e-15
4409.793500000022 7.378483e-15
4411.366000000022 7.356286e-15
4412.938500000022 7.336591e-15
4414.511000000022 7.316916e-15
4416.0835000000225 7.2459425e-15
4417.656000000023 7.174567e-15
4419.228500000023 7.184386e-15
4420.801000000023 7.194866e-15
4422.373500000023 7.2346516e-15
4423.946000000024 7.274677e-15
4425.518500000024 7.276356e-15
4427.091000000024 7.277709e-15
4428.663500000024 7.269512e-15
4430.236000000024 7.261233e-15
4431.808500000025 7.334728e-15
4433.381000000025 7.408946e-15
4434.953500000025 7.459277e-15
4436.526000000025 7.509396e-15
4438.0985000000255 7.566155e-15
4439.671000000026 7.622973e-15
4441.243500000026 7.689921e-15
4442.816000000026 7.756962e-15
4444.388500000026 7.793021e-15
4445.961000000027 7.828793e-15
4447.533500000027 7.8688065e-15
4449.106000000027 7.908861e-15
4450.678500000027 7.943497e-15
4452.2510000000275 7.9780805e-15
4453.823500000028 8.022439e-15
4455.396000000028 8.0668945e-15
4456.968500000028 8.12154e-15
4458.541000000028 8.176287e-15
4460.113500000029 8.183041e-15
4461.686000000029 8.189306e-15
4463.258500000029 8.3270394e-15
4464.831000000029 8.4661155e-15
4466.403500000029 8.485459e-15
4467.97600000003 8.503573e-15
4469.54850000003 8.460514e-15
4471.12100000003 8.416807e-15
4472.69350000003 8.441761e-15
4474.2660000000305 8.467444e-15
4475.838500000031 8.4899815e-15
4477.411000000031 8.512485e-15
4478.983500000031 8.557216e-15
4480.556000000031 8.602192e-15
4482.128500000032 8.517382e-15
4483.701000000032 8.431112e-15
4485.273500000032 8.511472e-15
4486.846000000032 8.5937185e-15
4488.4185000000325 8.57121e-15
4489.991000000033 8.547516e-15
4491.563500000033 8.499499e-15
4493.136000000033 8.451198e-15
4494.708500000033 8.4695595e-15
4496.281000000034 8.4886965e-15
4497.853500000034 8.476441e-15
4499.426000000034 8.463808e-15
4500.998500000034 8.4789785e-15
4502.5710000000345 8.494481e-15
4504.143500000035 8.481127e-15
4505.716000000035 8.467417e-15
4507.288500000035 8.40467e-15
4508.861000000035 8.341316e-15
4510.433500000036 8.386291e-15
4512.006000000036 8.43264e-15
4513.578500000036 8.489434e-15
4515.151000000036 8.546361e-15
4516.723500000036 8.570075e-15
4518.296000000037 8.593368e-15
4519.868500000037 8.609246e-15
4521.441000000037 8.625028e-15
4523.013500000037 8.588999e-15
4524.5860000000375 8.552295e-15
4526.158500000038 8.593173e-15
4527.731000000038 8.635087e-15
4529.303500000038 8.645278e-15
4530.876000000038 8.6550445e-15
4532.448500000039 8.610335e-15
4534.021000000039 8.564878e-15
4535.593500000039 8.506153e-15
4537.166000000039 8.447246e-15
4538.7385000000395 8.459462e-15
4540.31100000004 8.4726774e-15
4541.88350000004 8.516847e-15
4543.45600000004 8.561451e-15
4545.02850000004 8.507137e-15
4546.601000000041 8.451401e-15
4548.173500000041 8.4223315e-15
4549.746000000041 8.393645e-15
4551.318500000041 8.327452e-15
4552.8910000000415 8.260718e-15
4554.463500000042 8.279185e-15
4556.036000000042 8.298911e-15
4557.608500000042 8.3056595e-15
4559.181000000042 8.3122155e-15
4560.753500000043 8.260073e-15
4562.326000000043 8.207044e-15
4563.898500000043 8.174764e-15
4565.471000000043 8.142797e-15
4567.043500000043 8.129416e-15
4568.616000000044 8.116321e-15
4570.188500000044 8.079807e-15
4571.761000000044 8.04293e-15
4573.333500000044 8.0172795e-15
4574.9060000000445 7.991802e-15
4576.478500000045 7.9888285e-15
4578.051000000045 7.98621e-15
4579.623500000045 8.016877e-15
4581.196000000045 8.04807e-15
4582.768500000046 8.005107e-15
4584.341000000046 7.960946e-15
4585.913500000046 7.971415e-15
4587.486000000046 7.982768e-15
4589.0585000000465 8.027091e-15
4590.631000000047 8.071956e-15
4592.203500000047 8.154252e-15
4593.776000000047 8.237164e-15
4595.348500000047 8.238458e-15
4596.921000000048 8.2384e-15
4598.493500000048 8.176358e-15
4600.066000000048 8.11327e-15
4601.638500000048 8.155977e-15
4603.211000000048 8.200468e-15
4604.783500000049 8.1401586e-15
4606.356000000049 8.078045e-15
4607.928500000049 8.135629e-15
4609.501000000049 8.1952725e-15
4611.0735000000495 8.182779e-15
4612.64600000005 8.16902e-15
4614.21850000005 8.1885775e-15
4615.79100000005 8.208719e-15
4617.36350000005 8.170946e-15
4618.936000000051 8.132138e-15
4620.508500000051 8.102782e-15
4622.081000000051 8.073596e-15
4623.653500000051 8.09551e-15
4625.2260000000515 8.118358e-15
4626.798500000052 8.104618e-15
4628.371000000052 8.09021e-15
4629.943500000052 7.970924e-15
4631.516000000052 7.849723e-15
4633.088500000053 7.852052e-15
4634.661000000053 7.856679e-15
4636.233500000053 7.7816e-15
4637.806000000053 7.705041e-15
4639.3785000000535 7.584012e-15
4640.951000000054 7.462142e-15
4642.523500000054 7.403069e-15
4644.096000000054 7.3451885e-15
4645.668500000054 7.279132e-15
4647.241000000055 7.212917e-15
4648.813500000055 7.1747155e-15
4650.386000000055 7.137056e-15
4651.958500000055 7.110097e-15
4653.531000000055 7.0833477e-15
4655.103500000056 7.0242236e-15
4656.676000000056 6.964463e-15
4658.248500000056 6.88911e-15
4659.821000000056 6.8134458e-15
4661.3935000000565 6.8243797e-15
4662.966000000057 6.83705e-15
4664.538500000057 6.830985e-15
4666.111000000057 6.8245445e-15
4667.683500000057 6.7753975e-15
4669.256000000058 6.72538e-15
4670.828500000058 6.7207617e-15
4672.401000000058 6.7170683e-15
4673.973500000058 6.684824e-15
4675.5460000000585 6.651988e-15
4677.118500000059 6.703993e-15
4678.691000000059 6.757755e-15
4680.263500000059 6.793189e-15
4681.836000000059 6.8282375e-15
4683.40850000006 6.7835883e-15
4684.98100000006 6.7372573e-15
4686.55350000006 6.7659675e-15
4688.12600000006 6.7962608e-15
4689.69850000006 6.8287576e-15
4691.271000000061 6.8613015e-15
4692.843500000061 6.8494934e-15
4694.416000000061 6.8367345e-15
4695.988500000061 6.8500037e-15
4697.5610000000615 6.8638396e-15
4699.133500000062 6.881597e-15
4700.706000000062 6.8994395e-15
4702.278500000062 6.883993e-15
4703.851000000062 6.867811e-15
4705.423500000063 6.8554387e-15
4706.996000000063 6.843151e-15
4708.568500000063 6.882732e-15
4710.141000000063 6.9234627e-15
4711.7135000000635 6.8671413e-15
4713.286000000064 6.8086368e-15
4714.858500000064 6.797868e-15
4716.431000000064 6.7881733e-15
4718.003500000064 6.7546253e-15
4719.576000000065 6.720533e-15
4721.148500000065 6.6817898e-15
4722.721000000065 6.6429406e-15
4724.293500000065 6.5948075e-15
4725.8660000000655 6.5464597e-15
4727.438500000066 6.5524783e-15
4729.011000000066 6.5597603e-15
4730.583500000066 6.5420975e-15
4732.156000000066 6.5238465e-15
4733.728500000067 6.4715536e-15
4735.301000000067 6.4184582e-15
4736.873500000067 6.413164e-15
4738.446000000067 6.409012e-15
4740.018500000067 6.3636497e-15
4741.591000000068 6.317302e-15
4743.163500000068 6.2587536e-15
4744.736000000068 6.1999136e-15
4746.308500000068 6.1557285e-15
4747.8810000000685 6.1118984e-15
4749.453500000069 6.0878867e-15
4751.026000000069 6.064356e-15
4752.598500000069 6.0638593e-15
4754.171000000069 6.0639296e-15
4755.74350000007 6.009415e-15
4757.31600000007 5.9535553e-15
4758.88850000007 5.9238943e-15
4760.46100000007 5.8948873e-15
4762.0335000000705 5.9078655e-15
4763.606000000071 5.9218915e-15
4765.178500000071 5.9265383e-15
4766.751000000071 5.930948e-15
4768.323500000071 5.955267e-15
4769.896000000072 5.98009e-15
4771.468500000072 5.986884e-15
4773.041000000072 5.9932206e-15
4774.613500000072 5.995782e-15
4776.186000000072 5.9982465e-15
4777.758500000073 6.05986e-15
4779.331000000073 6.1229937e-15
4780.903500000073 6.1493232e-15
4782.476000000073 6.174695e-15
4784.048500000074 6.229805e-15
4785.621000000074 6.2856896e-15
4787.193500000074 6.2603887e-15
4788.766000000074 6.232947e-15
4790.338500000074 6.290946e-15
4791.911000000075 6.351198e-15
4793.483500000075 6.403874e-15
4795.056000000075 6.45635e-15
4796.628500000075 6.4367736e-15
4798.2010000000755 6.4152683e-15
4799.773500000076 6.417781e-15
4801.346000000076 6.4209366e-15
4802.918500000076 6.448899e-15
4804.491000000076 6.4775337e-15
4806.063500000077 6.461471e-15
4807.636000000077 6.4441966e-15
4809.208500000077 6.425137e-15
4810.781000000077 6.4060284e-15
4812.3535000000775 6.4231635e-15
4813.926000000078 6.4412925e-15
4815.498500000078 6.4246666e-15
4817.071000000078 6.4070843e-15
4818.643500000078 6.361061e-15
4820.216000000079 6.314246e-15
4821.788500000079 6.303644e-15
4823.361000000079 6.2940503e-15
4824.933500000079 6.2309967e-15
4826.506000000079 6.1664363e-15
4828.07850000008 6.086805e-15
4829.65100000008 6.0067494e-15
4831.22350000008 5.9575965e-15
4832.79600000008 5.909325e-15
4834.3685000000805 5.863347e-15
4835.941000000081 5.8174346e-15
4837.513500000081 5.7348353e-15
4839.086000000081 5.651175e-15
4840.658500000081 5.5995692e-15
4842.231000000082 5.5488904e-15
4843.803500000082 5.488436e-15
4845.376000000082 5.4276956e-15
4846.948500000082 5.4169472e-15
4848.5210000000825 5.4076616e-15
4850.093500000083 5.322009e-15
4851.666000000083 5.2341215e-15
4853.238500000083 5.1876613e-15
4854.811000000083 5.142427e-15
4856.383500000084 5.1050413e-15
4857.956000000084 5.067888e-15
4859.528500000084 5.0409607e-15
4861.101000000084 5.0143406e-15
4862.6735000000845 5.0076728e-15
4864.246000000085 5.0016033e-15
4865.818500000085 4.9110526e-15
4867.391000000085 4.8179387e-15
4868.963500000085 4.783322e-15
4870.536000000086 4.75048e-15
4872.108500000086 4.7471957e-15
4873.681000000086 4.744818e-15
4875.253500000086 4.715298e-15
4876.826000000086 4.6849456e-15
4878.398500000087 4.6529663e-15
4879.971000000087 4.6209366e-15
4881.543500000087 4.6625856e-15
4883.116000000087 4.706524e-15
4884.6885000000875 4.7209606e-15
4886.261000000088 4.73448e-15
4887.833500000088 4.727256e-15
4889.406000000088 4.71938e-15
4890.978500000088 4.7119134e-15
4892.551000000089 4.7044595e-15
4894.123500000089 4.683383e-15
4895.696000000089 4.6618733e-15
4897.268500000089 4.6409304e-15
4898.8410000000895 4.6200053e-15
4900.41350000009 4.645417e-15
4901.98600000009 4.6723163e-15
4903.55850000009 4.7128515e-15
4905.13100000009 4.7538246e-15
4906.703500000091 4.7228893e-15
4908.276000000091 4.6896407e-15
4909.848500000091 4.7319123e-15
4911.421000000091 4.776638e-15
4912.993500000091 4.8054496e-15
4914.566000000092 4.833744e-15
4916.138500000092 4.8227367e-15
4917.711000000092 4.8104394e-15
4919.283500000092 4.8176756e-15
4920.8560000000925 4.825554e-15
4922.428500000093 4.859917e-15
4924.001000000093 4.8951593e-15
4925.573500000093 4.9130914e-15
4927.146000000093 4.930448e-15
4928.718500000094 4.937366e-15
4930.291000000094 4.9439373e-15
4931.863500000094 4.973463e-15
4933.436000000094 5.003759e-15
4935.0085000000945 4.9737737e-15
4936.581000000095 4.941764e-15
4938.153500000095 4.9630617e-15
4939.726000000095 4.9861683e-15
4941.298500000095 5.032509e-15
4942.871000000096 5.079638e-15
4944.443500000096 5.064521e-15
4946.016000000096 5.0472707e-15
4947.588500000096 5.0645603e-15
4949.1610000000965 5.083036e-15
4950.733500000097 5.107463e-15
4952.306000000097 5.1320964e-15
4953.878500000097 5.1048795e-15
4955.451000000097 5.0758653e-15
4957.023500000098 5.0391417e-15
4958.596000000098 5.0021484e-15
4960.168500000098 5.0161494e-15
4961.741000000098 5.0319364e-15
4963.313500000098 5.0536065e-15
4964.886000000099 5.0754824e-15
4966.458500000099 5.0649665e-15
4968.031000000099 5.0533054e-15
4969.603500000099 4.994304e-15
4971.1760000000995 4.9336256e-15
4972.7485000001 4.9631896e-15
4974.3210000001 4.9959807e-15
4975.8935000001 5.024051e-15
4977.4660000001 5.051952e-15
4979.038500000101 5.0395737e-15
4980.611000000101 5.025741e-15
4982.183500000101 5.0259814e-15
4983.756000000101 5.0267306e-15
4985.3285000001015 5.0482643e-15
4986.901000000102 5.0705556e-15
4988.473500000102 5.0855075e-15
4990.046000000102 5.1001916e-15
4991.618500000102 5.0740014e-15
4993.191000000103 5.0463186e-15
4994.763500000103 5.0678024e-15
4996.336000000103 5.091098e-15
4997.908500000103 5.1049587e-15
4999.481000000103 5.118472e-15
5001.053500000104 5.1465137e-15
5002.626000000104 5.1750964e-15
5004.198500000104 5.230492e-15
5005.771000000104 5.2868853e-15
5007.3435000001045 5.2958105e-15
5008.916000000105 5.3029535e-15
5010.488500000105 5.322323e-15
5012.061000000105 5.3421512e-15
5013.633500000105 5.2989e-15
5015.206000000106 5.253276e-15
5016.778500000106 5.29804e-15
5018.351000000106 5.346234e-15
5019.923500000106 5.2950257e-15
5021.4960000001065 5.2400444e-15
5023.068500000107 5.232137e-15
5024.641000000107 5.2260323e-15
5026.213500000107 5.234935e-15
5027.786000000107 5.244413e-15
5029.358500000108 5.255181e-15
5030.931000000108 5.2659988e-15
5032.503500000108 5.251724e-15
5034.076000000108 5.2364797e-15
5035.6485000001085 5.2936065e-15
5037.221000000109 5.353559e-15
5038.793500000109 5.3351844e-15
5040.366000000109 5.3137507e-15
5041.938500000109 5.317897e-15
5043.51100000011 5.323042e-15
5045.08350000011 5.3443163e-15
5046.65600000011 5.366226e-15
5048.22850000011 5.3380736e-15
5049.80100000011 5.3079493e-15
5051.373500000111 5.3656416e-15
5052.946000000111 5.4268236e-15
5054.518500000111 5.4244316e-15
5056.091000000111 5.4195133e-15
5057.6635000001115 5.4499794e-15
5059.236000000112 5.481866e-15
5060.808500000112 5.5392016e-15
5062.381000000112 5.5975588e-15
5063.953500000112 5.5933384e-15
5065.526000000113 5.5865838e-15
5067.098500000113 5.630592e-15
5068.671000000113 5.676655e-15
5070.243500000113 5.7160244e-15
5071.8160000001135 5.7551205e-15
5073.388500000114 5.7715025e-15
5074.961000000114 5.7869566e-15
5076.533500000114 5.8236094e-15
5078.106000000114 5.861128e-15
5079.678500000115 5.8730927e-15
5081.251000000115 5.8840033e-15
5082.823500000115 5.904442e-15
5084.396000000115 5.925274e-15
5085.9685000001155 5.932915e-15
5087.541000000116 5.9400066e-15
5089.113500000116 5.9851505e-15
5090.686000000116 6.0318766e-15
5092.258500000116 6.0287244e-15
5093.831000000117 6.0234804e-15
5095.403500000117 6.0365302e-15
5096.976000000117 6.0503474e-15
5098.548500000117 6.064203e-15
5100.121000000117 6.0780594e-15
5101.693500000118 6.091951e-15
5103.266000000118 6.105844e-15
5104.838500000118 6.1197715e-15
5106.411000000118 6.1337e-15
5107.9835000001185 6.156294e-15
5109.556000000119 6.1792582e-15
5111.128500000119 6.1950745e-15
5112.701000000119 6.2105858e-15
5114.273500000119 6.1834206e-15
5115.84600000012 6.154418e-15
5117.41850000012 6.1533733e-15
5118.99100000012 6.1535317e-15
5120.56350000012 6.1573065e-15
5122.1360000001205 6.1612385e-15
5123.708500000121 6.119549e-15
5125.281000000121 6.0758766e-15
5126.853500000121 6.06386e-15
5128.426000000121 6.0532197e-15
5129.998500000122 6.0340205e-15
5131.571000000122 6.014447e-15
5133.143500000122 5.9654735e-15
5134.716000000122 5.9152127e-15
5136.288500000122 5.949645e-15
5137.861000000123 5.987817e-15
5139.433500000123 5.9705015e-15
5141.006000000123 5.950736e-15
5142.578500000123 5.919662e-15
5144.1510000001235 5.8880847e-15
5145.723500000124 5.8657726e-15
5147.296000000124 5.843874e-15
5148.868500000124 5.785918e-15
5150.441000000124 5.7263425e-15
5152.013500000125 5.7196865e-15
5153.586000000125 5.7154078e-15
5155.158500000125 5.6797544e-15
5156.731000000125 5.6426917e-15
5158.3035000001255 5.6707153e-15
5159.876000000126 5.7016854e-15
5161.448500000126 5.752224e-15
5163.021000000126 5.8036483e-15
5164.593500000126 5.7728294e-15
5166.166000000127 5.7382594e-15
5167.738500000127 5.7214827e-15
5169.311000000127 5.7055186e-15
5170.883500000127 5.6916413e-15
5172.4560000001275 5.67786e-15
5174.028500000128 5.692565e-15
5175.601000000128 5.708581e-15
5177.173500000128 5.731619e-15
5178.746000000128 5.7549832e-15
5180.318500000129 5.7576463e-15
5181.891000000129 5.759349e-15
5183.463500000129 5.8113275e-15
5185.036000000129 5.865638e-15
5186.608500000129 5.862528e-15
5188.18100000013 5.856735e-15
5189.75350000013 5.8372467e-15
5191.32600000013 5.8171173e-15
5192.89850000013 5.83706e-15
5194.4710000001305 5.858892e-15
5196.043500000131 5.871802e-15
5197.616000000131 5.8842905e-15
5199.188500000131 5.9326997e-15
5200.761000000131 5.9828148e-15
5202.333500000132 5.9850022e-15
5203.906000000132 5.9849133e-15
5205.478500000132 6.0137374e-15
5207.051000000132 6.0439447e-15
5208.6235000001325 6.0415027e-15
5210.196000000133 6.037498e-15
5211.768500000133 5.9789138e-15
5213.341000000133 5.9177144e-15
5214.913500000133 5.9280956e-15
5216.486000000134 5.9419315e-15
5218.058500000134 5.9046497e-15
5219.631000000134 5.864901e-15
5221.203500000134 5.882355e-15
5222.776000000134 5.90259e-15
5224.348500000135 5.9323007e-15
5225.921000000135 5.962472e-15
5227.493500000135 5.9257375e-15
5229.066000000135 5.8857274e-15
5230.6385000001355 5.7723394e-15
5232.211000000136 5.655359e-15
5233.783500000136 5.562958e-15
5235.356000000136 5.471762e-15
5236.928500000136 5.4566523e-15
5238.501000000137 5.4452995e-15
5240.073500000137 5.383833e-15
5241.646000000137 5.3198912e-15
5243.218500000137 5.260154e-15
5244.7910000001375 5.200625e-15
5246.363500000138 5.1771975e-15
5247.936000000138 5.1555647e-15
5249.508500000138 5.113543e-15
5251.081000000138 5.0704997e-15
5252.653500000139 4.996158e-15
5254.226000000139 4.9202492e-15
5255.798500000139 4.849074e-15
5257.371000000139 4.7781374e-15
5258.9435000001395 4.7371605e-15
5260.51600000014 4.6976964e-15
5262.08850000014 4.7032614e-15
5263.66100000014 4.7111007e-15
5265.23350000014 4.6717166e-15
5266.806000000141 4.629931e-15
5268.378500000141 4.6152034e-15
5269.951000000141 4.601852e-15
5271.523500000141 4.581484e-15
5273.096000000141 4.5607566e-15
5274.668500000142 4.5362252e-15
5276.241000000142 4.5114986e-15
5277.813500000142 4.4947003e-15
5279.386000000142 4.4783115e-15
5280.9585000001425 4.473853e-15
5282.531000000143 4.470011e-15
5284.103500000143 4.417805e-15
5285.676000000143 4.363085e-15
5287.248500000143 4.3709738e-15
5288.821000000144 4.382117e-15
5290.393500000144 4.396803e-15
5291.966000000144 4.411675e-15
5293.538500000144 4.428055e-15
5295.1110000001445 4.4445136e-15
5296.683500000145 4.4631237e-15
5298.256000000145 4.481847e-15
5299.828500000145 4.4689056e-15
5301.401000000145 4.4542934e-15
5302.973500000146 4.4125995e-15
5304.546000000146 4.369476e-15
5306.118500000146 4.414025e-15
5307.691000000146 4.46323e-15
5309.263500000146 4.4592553e-15
5310.836000000147 4.4524562e-15
5312.408500000147 4.4171684e-15
5313.981000000147 4.3803576e-15
5315.553500000147 4.368809e-15
5317.1260000001475 4.3586117e-15
5318.698500000148 4.363671e-15
5320.271000000148 4.3695516e-15
5321.843500000148 4.3466703e-15
5323.416000000148 4.3222393e-15
5324.988500000149 4.366834e-15
5326.561000000149 4.4151474e-15
5328.133500000149 4.453328e-15
5329.706000000149 4.4909585e-15
5331.2785000001495 4.4356337e-15
5332.85100000015 4.375268e-15
5334.42350000015 4.4144185e-15
5335.99600000015 4.459002e-15
5337.56850000015 4.4840052e-15
5339.141000000151 4.5079394e-15
5340.713500000151 4.4937893e-15
5342.286000000151 4.4775568e-15
5343.858500000151 4.4741314e-15
5345.4310000001515 4.4714103e-15
5347.003500000152 4.5308364e-15
5348.576000000152 4.593682e-15
5350.148500000152 4.5946345e-15
5351.721000000152 4.59216e-15
5353.293500000153 4.5782753e-15
5354.866000000153 4.563759e-15
5356.438500000153 4.5279946e-15
5358.011000000153 4.491046e-15
5359.583500000153 4.4627693e-15
5361.156000000154 4.4349756e-15
5362.728500000154 4.4972105e-15
5364.301000000154 4.564494e-15
5365.873500000154 4.5471795e-15
5367.4460000001545 4.525115e-15
5369.018500000155 4.4717626e-15
5370.591000000155 4.416642e-15
5372.163500000155 4.4566596e-15
5373.736000000155 4.502053e-15
5375.308500000156 4.501674e-15
5376.881000000156 4.4987084e-15
5378.453500000156 4.4607224e-15
5380.026000000156 4.420745e-15
5381.5985000001565 4.4436195e-15
5383.171000000157 4.4700673e-15
5384.743500000157 4.4890485e-15
5386.316000000157 4.5076027e-15
5387.888500000157 4.484259e-15
5389.461000000158 4.4585155e-15
5391.033500000158 4.4257793e-15
5392.606000000158 4.3926404e-15
5394.178500000158 4.367702e-15
5395.7510000001585 4.3432364e-15
5397.323500000159 4.316209e-15
5398.896000000159 4.289033e-15
5400.468500000159 4.2606655e-15
5402.041000000159 4.232229e-15
5403.61350000016 4.213937e-15
5405.18600000016 4.1962364e-15
5406.75850000016 4.1869084e-15
5408.33100000016 4.178069e-15
5409.90350000016 4.1883636e-15
5411.476000000161 4.199776e-15
5413.048500000161 4.182364e-15
5414.621000000161 4.163258e-15
5416.193500000161 4.164396e-15
5417.7660000001615 4.1667245e-15
5419.338500000162 4.1454898e-15
5420.911000000162 4.1228617e-15
5422.483500000162 4.108921e-15
5424.056000000162 4.0954937e-15
5425.628500000163 4.066471e-15
5427.201000000163 4.0365203e-15
5428.773500000163 4.0256948e-15
5430.346000000163 4.016008e-15
5431.9185000001635 3.9439976e-15
5433.491000000164 3.868275e-15
5435.063500000164 3.8619696e-15
5436.636000000164 3.8598237e-15
5438.208500000164 3.8605564e-15
5439.781000000165 3.861462e-15
5441.353500000165 3.868868e-15
5442.926000000165 3.8766657e-15
5444.498500000165 3.8233445e-15
5446.071000000165 3.766339e-15
5447.643500000166 3.71994e-15
5449.216000000166 3.6741837e-15
5450.788500000166 3.6546062e-15
5452.361000000166 3.636618e-15
5453.9335000001665 3.626235e-15
5455.506000000167 3.6163136e-15
5457.078500000167 3.6315424e-15
5458.651000000167 3.6483064e-15
5460.223500000167 3.6477254e-15
5461.796000000168 3.6460847e-15
5463.368500000168 3.6078297e-15
5464.941000000168 3.5673254e-15
5466.513500000168 3.6028402e-15
5468.0860000001685 3.6430248e-15
5469.658500000169 3.6749575e-15
5471.231000000169 3.7063803e-15
5472.803500000169 3.6955997e-15
5474.376000000169 3.6822085e-15
5475.94850000017 3.6939175e-15
5477.52100000017 3.707188e-15
5479.09350000017 3.770691e-15
5480.66600000017 3.837319e-15
5482.2385000001705 3.849442e-15
5483.811000000171 3.8581546e-15
5485.383500000171 3.8666482e-15
5486.956000000171 3.8751287e-15
5488.528500000171 3.871558e-15
5490.101000000172 3.867233e-15
5491.673500000172 3.906491e-15
5493.246000000172 3.948491e-15
5494.818500000172 3.9848775e-15
5496.391000000172 4.0209103e-15
5497.963500000173 4.0018665e-15
5499.536000000173 3.979333e-15
5501.108500000173 4.0160936e-15
5502.681000000173 4.0566115e-15
5504.2535000001735 4.0693724e-15
5505.826000000174 4.0803644e-15
5507.398500000174 4.1057644e-15
5508.971000000174 4.1320825e-15
5510.543500000174 4.138974e-15
5512.116000000175 4.1446207e-15
5513.688500000175 4.157496e-15
5515.261000000175 4.1708343e-15
5516.833500000175 4.1849895e-15
5518.4060000001755 4.199197e-15
5519.978500000176 4.1925907e-15
5521.551000000176 4.1846418e-15
5523.123500000176 4.2177802e-15
5524.696000000176 4.253569e-15
5526.268500000177 4.2672868e-15
5527.841000000177 4.279572e-15
5529.413500000177 4.2949674e-15
5530.986000000177 4.310564e-15
5532.558500000177 4.281513e-15
5534.131000000178 4.2495503e-15
5535.703500000178 4.212246e-15
5537.276000000178 4.174594e-15
5538.848500000178 4.192659e-15
5540.4210000001785 4.2143625e-15
5541.993500000179 4.228419e-15
5543.566000000179 4.241973e-15
5545.138500000179 4.195361e-15
5546.711000000179 4.1447973e-15
5548.28350000018 4.1466362e-15
5549.85600000018 4.151935e-15
5551.42850000018 4.165132e-15
5553.00100000018 4.1788506e-15
5554.5735000001805 4.197844e-15
5556.146000000181 4.2171873e-15
5557.718500000181 4.200459e-15
5559.291000000181 4.1813354e-15
5560.863500000181 4.201904e-15
5562.436000000182 4.225122e-15
5564.008500000182 4.2229247e-15
5565.581000000182 4.219029e-15
5567.153500000182 4.2243054e-15
5568.7260000001825 4.2301948e-15
5570.298500000183 4.240531e-15
5571.871000000183 4.2511665e-15
5573.443500000183 4.2563245e-15
5575.016000000183 4.261115e-15
5576.588500000184 4.2569373e-15
5578.161000000184 4.2521537e-15
5579.733500000184 4.2462312e-15
5581.306000000184 4.240232e-15
5582.878500000184 4.295545e-15
5584.451000000185 4.355022e-15
5586.023500000185 4.3772503e-15
5587.596000000185 4.3969463e-15
5589.168500000185 4.426879e-15
5590.7410000001855 4.4575117e-15
5592.313500000186 4.3995264e-15
5593.886000000186 4.3354844e-15
5595.458500000186 4.3341443e-15
5597.031000000186 4.33709e-15
5598.603500000187 4.309407e-15
5600.176000000187 4.279619e-15
5601.748500000187 4.2890627e-15
5603.321000000187 4.301202e-15
5604.8935000001875 4.3542533e-15
5606.466000000188 4.410134e-15
5608.038500000188 4.444824e-15
5609.611000000188 4.4780493e-15
5611.183500000188 4.504694e-15
5612.756000000189 4.5308817e-15
5614.328500000189 4.4917793e-15
5615.901000000189 4.448139e-15
5617.473500000189 4.418506e-15
5619.046000000189 4.389852e-15
5620.61850000019 4.412405e-15
5622.19100000019 4.438536e-15
5623.76350000019 4.4521958e-15
5625.33600000019 4.464979e-15
5626.9085000001905 4.4873176e-15
5628.481000000191 4.510327e-15
5630.053500000191 4.4958455e-15
5631.626000000191 4.4787274e-15
5633.198500000191 4.4438745e-15
5634.771000000192 4.407768e-15
5636.343500000192 4.380611e-15
5637.916000000192 4.3540856e-15
5639.488500000192 4.362231e-15
5641.0610000001925 4.3728394e-15
5642.633500000193 4.394643e-15
5644.206000000193 4.4172412e-15
5645.778500000193 4.432515e-15
5647.351000000193 4.447265e-15
5648.923500000194 4.443466e-15
5650.496000000194 4.438341e-15
5652.068500000194 4.4262605e-15
5653.641000000194 4.4136824e-15
5655.2135000001945 4.405893e-15
5656.786000000195 4.398448e-15
5658.358500000195 4.408305e-15
5659.931000000195 4.419405e-15
5661.503500000195 4.4364147e-15
5663.076000000196 4.4538513e-15
5664.648500000196 4.428609e-15
5666.221000000196 4.400285e-15
5667.793500000196 4.4468637e-15
5669.366000000196 4.4988787e-15
5670.938500000197 4.49955e-15
5672.511000000197 4.4964913e-15
5674.083500000197 4.487855e-15
5675.656000000197 4.4788133e-15
5677.2285000001975 4.496555e-15
5678.801000000198 4.5162518e-15
5680.373500000198 4.4938143e-15
5681.946000000198 4.4683004e-15
5683.518500000198 4.4477086e-15
5685.091000000199 4.427478e-15
5686.663500000199 4.388765e-15
5688.236000000199 4.3486947e-15
5689.808500000199 4.363485e-15
5691.3810000001995 4.382321e-15
5692.9535000002 4.3157083e-15
5694.5260000002 4.242788e-15
5696.0985000002 4.254029e-15
5697.6710000002 4.271514e-15
5699.243500000201 4.292686e-15
5700.816000000201 4.3141315e-15
5702.388500000201 4.3148523e-15
5703.961000000201 4.3140277e-15
5705.5335000002015 4.3519596e-15
5707.106000000202 4.392781e-15
5708.678500000202 4.3380284e-15
5710.251000000202 4.27615e-15
5711.823500000202 4.261734e-15
5713.396000000203 4.2508734e-15
5714.968500000203 4.2660103e-15
5716.541000000203 4.283097e-15
5718.113500000203 4.276177e-15
5719.686000000203 4.2674473e-15
5721.258500000204 4.223513e-15
5722.831000000204 4.176926e-15
5724.403500000204 4.1722323e-15
5725.976000000204 4.170711e-15
5727.5485000002045 4.185468e-15
5729.121000000205 4.2014583e-15
5730.693500000205 4.1938367e-15
5732.266000000205 4.1844186e-15
5733.838500000205 4.170811e-15
5735.411000000206 4.1568845e-15
5736.983500000206 4.170032e-15
5738.556000000206 4.1852423e-15
5740.128500000206 4.176993e-15
5741.7010000002065 4.166948e-15
5743.273500000207 4.1282467e-15
5744.846000000207 4.087352e-15
5746.418500000207 4.0845487e-15
5747.991000000207 4.084675e-15
5749.563500000208 4.069396e-15
5751.136000000208 4.052933e-15
5752.708500000208 3.9895417e-15
5754.281000000208 3.922524e-15
5755.853500000208 3.9311625e-15
5757.426000000209 3.945648e-15
5758.998500000209 3.921429e-15
5760.571000000209 3.894216e-15
5762.143500000209 3.88852e-15
5763.7160000002095 3.884496e-15
5765.28850000021 3.85799e-15
5766.86100000021 3.8297362e-15
5768.43350000021 3.7883735e-15
5770.00600000021 3.7459867e-15
5771.578500000211 3.76964e-15
5773.151000000211 3.7984506e-15
5774.723500000211 3.8110875e-15
5776.296000000211 3.822455e-15
5777.8685000002115 3.82206e-15
5779.441000000212 3.820742e-15
5781.013500000212 3.75712e-15
5782.586000000212 3.688582e-15
5784.158500000212 3.696445e-15
5785.731000000213 3.7103363e-15
5787.303500000213 3.7330762e-15
5788.876000000213 3.756514e-15
5790.448500000213 3.746848e-15
5792.0210000002135 3.7345585e-15
5793.593500000214 3.7140633e-15
5795.166000000214 3.692918e-15
5796.738500000214 3.7213986e-15
5798.311000000214 3.7538315e-15
5799.883500000215 3.767599e-15
5801.456000000215 3.7798807e-15
5803.028500000215 3.7748896e-15
5804.601000000215 3.7685152e-15
5806.173500000215 3.7817256e-15
5807.746000000216 3.796504e-15
5809.318500000216 3.819092e-15
5810.891000000216 3.842308e-15
5812.463500000216 3.8576472e-15
5814.0360000002165 3.872353e-15
5815.608500000217 3.8410314e-15
5817.181000000217 3.8059892e-15
5818.753500000217 3.837635e-15
5820.326000000217 3.8746705e-15
5821.898500000218 3.931845e-15
5823.471000000218 3.9906475e-15
5825.043500000218 3.9566938e-15
5826.616000000218 3.915201e-15
5828.1885000002185 3.883464e-15
5829.761000000219 3.8525197e-15
5831.333500000219 3.8200453e-15
5832.906000000219 3.7874456e-15
5834.478500000219 3.840796e-15
5836.05100000022 3.9011636e-15
5837.62350000022 3.9407628e-15
5839.19600000022 3.9786586e-15
5840.76850000022 3.9389535e-15
5842.34100000022 3.892884e-15
5843.913500000221 3.906344e-15
5845.486000000221 3.924709e-15
5847.058500000221 3.91306e-15
5848.631000000221 3.898936e-15
5850.2035000002215 3.9001933e-15
5851.776000000222 3.902719e-15
5853.348500000222 3.9426317e-15
5854.921000000222 3.9856415e-15
5856.493500000222 3.941682e-15
5858.066000000223 3.890517e-15
5859.638500000223 3.9339573e-15
5861.211000000223 3.9852697e-15
5862.783500000223 4.02174e-15
5864.3560000002235 4.0569753e-15
5865.928500000224 4.0313263e-15
5867.501000000224 4.0005883e-15
5869.073500000224 3.9740283e-15
5870.646000000224 3.9478177e-15
5872.218500000225 3.9721453e-15
5873.791000000225 4.000701e-15
5875.363500000225 4.004001e-15
5876.936000000225 4.0051788e-15
5878.5085000002255 4.0822812e-15
5880.081000000226 4.1657644e-15
5881.653500000226 4.0703973e-15
5883.226000000226 3.9599337e-15
5884.798500000226 3.919102e-15
5886.371000000227 3.8841484e-15
5887.943500000227 3.939947e-15
5889.516000000227 4.00344e-15
5891.088500000227 3.9938455e-15
5892.661000000227 3.978049e-15
5894.233500000228 3.9559424e-15
5895.806000000228 3.933298e-15
5897.378500000228 3.9141625e-15
5898.951000000228 3.8953266e-15
5900.5235000002285 3.9022156e-15
5902.096000000229 3.911297e-15
5903.668500000229 3.9311104e-15
5905.241000000229 3.951843e-15
5906.813500000229 3.9304984e-15
5908.38600000023 3.9055525e-15
5909.95850000023 3.9222386e-15
5911.53100000023 3.9425047e-15
5913.10350000023 3.906634e-15
5914.6760000002305 3.865932e-15
5916.248500000231 3.868304e-15
5917.821000000231 3.874399e-15
5919.393500000231 3.9088656e-15
5920.966000000231 3.945785e-15
5922.538500000232 3.9387193e-15
5924.111000000232 3.927836e-15
5925.683500000232 3.911337e-15
5927.256000000232 3.89435e-15
5928.828500000232 3.9160332e-15
5930.401000000233 3.941087e-15
5931.973500000233 3.9659108e-15
5933.546000000233 3.990714e-15
5935.118500000233 3.9555668e-15
5936.6910000002335 3.9151887e-15
5938.263500000234 3.9036043e-15
5939.836000000234 3.8945427e-15
5941.408500000234 3.8845837e-15
5942.981000000234 3.874546e-15
5944.553500000235 3.8714784e-15
5946.126000000235 3.869024e-15
5947.698500000235 3.8797213e-15
5949.271000000235 3.8915764e-15
5950.8435000002355 3.862037e-15
5952.416000000236 3.8288392e-15
5953.988500000236 3.7974228e-15
5955.561000000236 3.766164e-15
5957.133500000236 3.783356e-15
5958.706000000237 3.8048347e-15
5960.278500000237 3.7981326e-15
5961.851000000237 3.788927e-15
5963.423500000237 3.752215e-15
5964.9960000002375 3.7130596e-15
5966.568500000238 3.710827e-15
5968.141000000238 3.71189e-15
5969.713500000238 3.703511e-15
5971.286000000238 3.6942897e-15
5972.858500000239 3.6469258e-15
5974.431000000239 3.596145e-15
5976.003500000239 3.604314e-15
5977.576000000239 3.617765e-15
5979.148500000239 3.621282e-15
5980.72100000024 3.623908e-15
5982.29350000024 3.59931e-15
5983.86600000024 3.57226e-15
5985.43850000024 3.565008e-15
5987.0110000002405 3.5595382e-15
5988.583500000241 3.5830464e-15
5990.156000000241 3.6091748e-15
5991.728500000241 3.5426505e-15
5993.301000000241 3.4677478e-15
5994.873500000242 3.4065416e-15
5996.446000000242 3.3465789e-15
5998.018500000242 3.3631608e-15
5999.591000000242 3.3866933e-15
6001.1635000002425 3.4046341e-15
6002.736000000243 3.4220646e-15
6004.308500000243 3.3928356e-15
6005.881000000243 3.3593483e-15
6007.453500000243 3.336422e-15
6009.026000000244 3.3144634e-15
6010.598500000244 3.3118154e-15
6012.171000000244 3.3109368e-15
6013.743500000244 3.296133e-15
6015.3160000002445 3.280053e-15
6016.888500000245 3.2739918e-15
6018.461000000245 3.2688524e-15
6020.033500000245 3.2321712e-15
6021.606000000245 3.1925853e-15
6023.178500000246 3.1730824e-15
6024.751000000246 3.1554364e-15
6026.323500000246 3.1475278e-15
6027.896000000246 3.1405197e-15
6029.468500000246 3.0995724e-15
6031.041000000247 3.0554738e-15
6032.613500000247 3.0329677e-15
6034.186000000247 3.0124663e-15
6035.758500000247 3.0364486e-15
6037.3310000002475 3.0645783e-15
6038.903500000248 3.0687913e-15
6040.476000000248 3.0707744e-15
6042.048500000248 3.0645574e-15
6043.621000000248 3.0575753e-15
6045.193500000249 3.0536658e-15
6046.766000000249 3.050044e-15
6048.338500000249 3.0322528e-15
6049.911000000249 3.013134e-15
6051.4835000002495 3.0067804e-15
6053.05600000025 3.0016277e-15
6054.62850000025 2.9557776e-15
6056.20100000025 2.906099e-15
6057.77350000025 2.915032e-15
6059.346000000251 2.9295003e-15
6060.918500000251 2.911203e-15
6062.491000000251 2.8898109e-15
6064.063500000251 2.9039862e-15
6065.636000000251 2.9215342e-15
6067.208500000252 2.8917165e-15
6068.781000000252 2.8574036e-15
6070.353500000252 2.7898995e-15
6071.926000000252 2.7192455e-15
6073.4985000002525 2.7073955e-15
6075.071000000253 2.7011485e-15
6076.643500000253 2.7250096e-15
6078.216000000253 2.7517394e-15
6079.788500000253 2.7733644e-15
6081.361000000254 2.794501e-15
6082.933500000254 2.7306178e-15
6084.506000000254 2.658601e-15
6086.078500000254 2.6280502e-15
6087.6510000002545 2.6014821e-15
6089.223500000255 2.5799914e-15
6090.796000000255 2.5589886e-15
6092.368500000255 2.5547179e-15
6093.941000000255 2.5520554e-15
6095.513500000256 2.5506153e-15
6097.086000000256 2.549293e-15
6098.658500000256 2.5121932e-15
6100.231000000256 2.4716404e-15
6101.8035000002565 2.5036958e-15
6103.376000000257 2.5427861e-15
6104.948500000257 2.5141554e-15
6106.521000000257 2.478963e-15
6108.093500000257 2.4221587e-15
6109.666000000258 2.363252e-15
6111.238500000258 2.3743053e-15
6112.811000000258 2.3921695e-15
6114.383500000258 2.413222e-15
6115.956000000258 2.4345861e-15
6117.528500000259 2.4177846e-15
6119.101000000259 2.397253e-15
6120.673500000259 2.3288508e-15
6122.246000000259 2.2557703e-15
6123.8185000002595 2.211752e-15
6125.39100000026 2.1705857e-15
6126.96350000026 2.2298263e-15
6128.53600000026 2.2989184e-15
6130.10850000026 2.3177274e-15
6131.681000000261 2.3315835e-15
6133.253500000261 2.265688e-15
6134.826000000261 2.1919307e-15
6136.398500000261 2.1530345e-15
6137.9710000002615 2.1175879e-15
6139.543500000262 2.1235772e-15
6141.116000000262 2.133667e-15
6142.688500000262 2.127175e-15
6144.261000000262 2.1190357e-15
6145.833500000263 2.0832233e-15
6147.406000000263 2.0446617e-15
6148.978500000263 2.060869e-15
6150.551000000263 2.0825383e-15
6152.123500000263 2.1061171e-15
6153.696000000264 2.1298862e-15
6155.268500000264 2.1558848e-15
6156.841000000264 2.1821057e-15
6158.413500000264 2.1747984e-15
6159.9860000002645 2.164132e-15
6161.558500000265 2.141401e-15
6163.131000000265 2.1174615e-15
6164.703500000265 2.13935e-15
6166.276000000265 2.1658476e-15
6167.848500000266 2.180137e-15
6169.421000000266 2.1931987e-15
6170.993500000266 2.1820475e-15
6172.566000000266 2.1684516e-15
6174.1385000002665 2.2362161e-15
6175.711000000267 2.312195e-15
6177.283500000267 2.3640817e-15
6178.856000000267 2.4135342e-15
6180.428500000267 2.372935e-15
6182.001000000268 2.3232028e-15
6183.573500000268 2.3527784e-15
6185.146000000268 2.3903975e-15
6186.718500000268 2.398617e-15
6188.2910000002685 2.4038433e-15
6189.863500000269 2.403489e-15
6191.436000000269 2.4025666e-15
6193.008500000269 2.4641194e-15
6194.581000000269 2.532057e-15
6196.15350000027 2.5382725e-15
6197.72600000027 2.5381757e-15
6199.29850000027 2.5330863e-15
6200.87100000027 2.5274862e-15
6202.44350000027 2.5742754e-15
6204.016000000271 2.626443e-15
6205.588500000271 2.659868e-15
6207.161000000271 2.6913688e-15
6208.733500000271 2.743244e-15
6210.3060000002715 2.797219e-15
6211.878500000272 2.7969811e-15
6213.451000000272 2.7911574e-15
6215.023500000272 2.7459415e-15
6216.596000000272 2.6966514e-15
6218.168500000273 2.7451902e-15
6219.741000000273 2.8038552e-15
6221.313500000273 2.8692062e-15
6222.886000000273 2.9352516e-15
6224.4585000002735 2.9497035e-15
6226.031000000274 2.958795e-15
6227.603500000274 3.0051463e-15
6229.176000000274 3.0553832e-15
6230.748500000274 3.0162915e-15
6232.321000000275 2.9678847e-15
6233.893500000275 3.024633e-15
6235.466000000275 3.0923477e-15
6237.038500000275 3.070355e-15
6238.611000000275 3.0389725e-15
6240.183500000276 3.038514e-15
6241.756000000276 3.0412949e-15
6243.328500000276 3.1316953e-15
6244.901000000276 3.2313079e-15
6246.4735000002765 3.2131325e-15
6248.046000000277 3.1825732e-15
6249.618500000277 3.2159194e-15
6251.191000000277 3.2560093e-15
6252.763500000277 3.3226873e-15
6254.336000000278 3.3921713e-15
6255.908500000278 3.4044283e-15
6257.481000000278 3.4106241e-15
6259.053500000278 3.4155486e-15
6260.6260000002785 3.4203387e-15
6262.198500000279 3.4239888e-15
6263.771000000279 3.4275178e-15
6265.343500000279 3.3649277e-15
6266.916000000279 3.295304e-15
6268.48850000028 3.3492818e-15
6270.06100000028 3.4164087e-15
6271.63350000028 3.394163e-15
6273.20600000028 3.3623752e-15
6274.7785000002805 3.3436899e-15
6276.351000000281 3.3264034e-15
6277.923500000281 3.3048115e-15
6279.496000000281 3.2827583e-15
6281.068500000281 3.3327617e-15
6282.641000000282 3.3904865e-15
6284.213500000282 3.4312367e-15
6285.786000000282 3.4701663e-15
6287.358500000282 3.4285317e-15
6288.931000000282 3.3782257e-15
6290.503500000283 3.3914392e-15
6292.076000000283 3.4114891e-15
6293.648500000283 3.4510212e-15
6295.221000000283 3.4926578e-15
6296.7935000002835 3.4567861e-15
6298.366000000284 3.4125422e-15
6299.938500000284 3.4523593e-15
6301.511000000284 3.5012892e-15
6303.083500000284 3.5210186e-15
6304.656000000285 3.537582e-15
6306.228500000285 3.6674346e-15
6307.801000000285 3.8096133e-15
6309.373500000285 3.6578555e-15
6310.9460000002855 3.4740946e-15
6312.518500000286 3.5274393e-15
6314.091000000286 3.6066e-15
6315.663500000286 3.615257e-15
6317.236000000286 3.6162107e-15
6318.808500000287 3.600696e-15
6320.381000000287 3.583382e-15
6321.953500000287 3.576745e-15
6323.526000000287 3.5712785e-15
6325.0985000002875 3.5898315e-15
6326.671000000288 3.6110188e-15
6328.243500000288 3.5895367e-15
6329.816000000288 3.5633588e-15
6331.388500000288 3.5813226e-15
6332.961000000289 3.604148e-15
6334.533500000289 3.6273474e-15
6336.106000000289 3.6505888e-15
6337.678500000289 3.5619777e-15
6339.251000000289 3.4610046e-15
6340.82350000029 3.4957742e-15
6342.39600000029 3.5455997e-15
6343.96850000029 3.5211966e-15
6345.54100000029 3.4885609e-15
6347.1135000002905 3.4948158e-15
6348.686000000291 3.5053847e-15
6350.258500000291 3.4836386e-15
6351.831000000291 3.458293e-15
6353.403500000291 3.4745637e-15
6354.976000000292 3.4954697e-15
6356.548500000292 3.4596453e-15
6358.121000000292 3.4174796e-15
6359.693500000292 3.4171456e-15
6361.2660000002925 3.4214875e-15
6362.838500000293 3.4997875e-15
6364.411000000293 3.5863837e-15
6365.983500000293 3.5498535e-15
6367.556000000293 3.4995122e-15
6369.128500000294 3.5254168e-15
6370.701000000294 3.559904e-15
6372.273500000294 3.559977e-15
6373.846000000294 3.556174e-15
6375.418500000294 3.5895105e-15
6376.991000000295 3.627031e-15
6378.563500000295 3.636253e-15
6380.136000000295 3.6422772e-15
6381.708500000295 3.636414e-15
6383.2810000002955 3.6292075e-15
6384.853500000296 3.6454176e-15
6386.426000000296 3.6642844e-15
6387.998500000296 3.6848068e-15
6389.571000000296 3.705517e-15
6391.143500000297 3.646554e-15
6392.716000000297 3.5785215e-15
6394.288500000297 3.575874e-15
6395.861000000297 3.5806742e-15
6397.4335000002975 3.599457e-15
6399.006000000298 3.6198326e-15
6400.578500000298 3.608416e-15
6402.151000000298 3.5933658e-15
6403.723500000298 3.627455e-15
6405.296000000299 3.667161e-15
6406.868500000299 3.6866385e-15
6408.441000000299 3.7037956e-15
6410.013500000299 3.6699447e-15
6411.5860000002995 3.630243e-15
6413.1585000003 3.6383775e-15
6414.7310000003 3.6520177e-15
6416.3035000003 3.6004715e-15
6417.8760000003 3.5414185e-15
6419.448500000301 3.556718e-15
6421.021000000301 3.5806107e-15
6422.593500000301 3.5821256e-15
6424.166000000301 3.5810546e-15
6425.738500000301 3.588329e-15
6427.311000000302 3.596568e-15
6428.883500000302 3.567194e-15
6430.456000000302 3.5334593e-15
6432.028500000302 3.55932e-15
6433.6010000003025 3.5920914e-15
6435.173500000303 3.5955926e-15
6436.746000000303 3.5956883e-15
6438.318500000303 3.57731e-15
6439.891000000303 3.5567807e-15
6441.463500000304 3.5281607e-15
6443.036000000304 3.498596e-15
6444.608500000304 3.493849e-15
6446.181000000304 3.4920015e-15
6447.7535000003045 3.528743e-15
6449.326000000305 3.5700084e-15
6450.898500000305 3.5966654e-15
6452.471000000305 3.6216105e-15
6454.043500000305 3.6081986e-15
6455.616000000306 3.59029e-15
6457.188500000306 3.5967785e-15
6458.761000000306 3.606137e-15
6460.333500000306 3.5641325e-15
6461.906000000306 3.5160829e-15
6463.478500000307 3.4883034e-15
6465.051000000307 3.462918e-15
6466.623500000307 3.4742164e-15
6468.196000000307 3.489847e-15
6469.7685000003075 3.4961274e-15
6471.341000000308 3.5012996e-15
6472.913500000308 3.5191328e-15
6474.486000000308 3.5384666e-15
6476.058500000308 3.4708894e-15
6477.631000000309 3.3929785e-15
6479.203500000309 3.459818e-15
6480.776000000309 3.5438683e-15
6482.348500000309 3.5258924e-15
6483.9210000003095 3.4957774e-15
6485.49350000031 3.4556697e-15
6487.06600000031 3.414369e-15
6488.63850000031 3.4216686e-15
6490.21100000031 3.4347698e-15
6491.783500000311 3.4486061e-15
6493.356000000311 3.4625305e-15
6494.928500000311 3.428001e-15
6496.501000000311 3.387668e-15
6498.0735000003115 3.4085434e-15
6499.646000000312 3.4367741e-15
6501.218500000312 3.4366661e-15
6502.791000000312 3.4331526e-15
6504.363500000312 3.403744e-15
6505.936000000313 3.3712218e-15
6507.508500000313 3.3822453e-15
6509.081000000313 3.3985226e-15
6510.653500000313 3.4154683e-15
6512.226000000313 3.4324945e-15
6513.798500000314 3.4532856e-15
6515.371000000314 3.4745323e-15
6516.943500000314 3.4492567e-15
6518.516000000314 3.418349e-15
6520.0885000003145 3.3945978e-15
6521.661000000315 3.3717154e-15
6523.233500000315 3.334907e-15
6524.806000000315 3.2964074e-15
6526.378500000315 3.3187378e-15
6527.951000000316 3.3484854e-15
6529.523500000316 3.376452e-15
6531.096000000316 3.4042015e-15
6532.668500000316 3.3623799e-15
6534.2410000003165 3.3120754e-15
6535.813500000317 3.3340324e-15
6537.386000000317 3.3648295e-15
6538.958500000317 3.3461645e-15
6540.531000000317 3.3214485e-15
6542.103500000318 3.3769785e-15
6543.676000000318 3.4423571e-15
6545.248500000318 3.4190565e-15
6546.821000000318 3.384872e-15
6548.393500000318 3.3564794e-15
6549.966000000319 3.3288005e-15
6551.538500000319 3.3879552e-15
6553.111000000319 3.457809e-15
6554.683500000319 3.432219e-15
6556.25600000032 3.3948305e-15
6557.82850000032 3.3634118e-15
6559.40100000032 3.3327308e-15
6560.97350000032 3.3342361e-15
6562.54600000032 3.3397332e-15
6564.118500000321 3.3404432e-15
6565.691000000321 3.3405597e-15
6567.263500000321 3.3288998e-15
6568.836000000321 3.31578e-15
6570.4085000003215 3.2625335e-15
6571.981000000322 3.2042918e-15
6573.553500000322 3.2463097e-15
6575.126000000322 3.30081e-15
6576.698500000322 3.2869963e-15
6578.271000000323 3.2646498e-15
6579.843500000323 3.1952831e-15
6581.416000000323 3.1200433e-15
6582.988500000323 3.1092034e-15
6584.5610000003235 3.106433e-15
6586.133500000324 3.157614e-15
6587.706000000324 3.2155556e-15
6589.278500000324 3.2266215e-15
6590.851000000324 3.231795e-15
6592.423500000325 3.2752803e-15
6593.996000000325 3.3235847e-15
6595.568500000325 3.3444732e-15
6597.141000000325 3.361913e-15
6598.713500000325 3.352073e-15
6600.286000000326 3.3387904e-15
6601.858500000326 3.293957e-15
6603.431000000326 3.2451423e-15
6605.003500000326 3.2253625e-15
6606.5760000003265 3.2092585e-15
6608.148500000327 3.2429457e-15
6609.721000000327 3.2829362e-15
6611.293500000327 3.2716417e-15
6612.866000000327 3.2538339e-15
6614.438500000328 3.2531728e-15
6616.011000000328 3.2546906e-15
6617.583500000328 3.2031425e-15
6619.156000000328 3.1448512e-15
6620.7285000003285 3.138773e-15
6622.301000000329 3.139351e-15
6623.873500000329 3.155249e-15
6625.446000000329 3.1731e-15
6627.018500000329 3.1503934e-15
6628.59100000033 3.1224997e-15
6630.16350000033 3.1467655e-15
6631.73600000033 3.177702e-15
6633.30850000033 3.146193e-15
6634.8810000003305 3.1066727e-15
6636.453500000331 3.1475406e-15
6638.026000000331 3.198728e-15
6639.598500000331 3.1790512e-15
6641.171000000331 3.1502485e-15
6642.743500000332 3.184516e-15
6644.316000000332 3.2269056e-15
6645.888500000332 3.235079e-15
6647.461000000332 3.2388465e-15
6649.033500000332 3.1815663e-15
6650.606000000333 3.1163998e-15
6652.178500000333 3.0742637e-15
6653.751000000333 3.0351026e-15
6655.323500000333 3.0895637e-15
6656.8960000003335 3.1561572e-15
6658.468500000334 3.1577708e-15
6660.041000000334 3.1509588e-15
6661.613500000334 3.1192886e-15
6663.186000000334 3.0843851e-15
6664.758500000335 3.0320347e-15
6666.331000000335 2.9774146e-15
6667.903500000335 2.9831907e-15
6669.476000000335 2.9968475e-15
6671.0485000003355 3.033228e-15
6672.621000000336 3.0725735e-15
6674.193500000336 3.0415e-15
6675.766000000336 3.0012095e-15
6677.338500000336 3.034879e-15
6678.911000000337 3.0782291e-15
6680.483500000337 3.0631267e-15
6682.056000000337 3.0403689e-15
6683.628500000337 3.0387927e-15
6685.201000000337 3.0399991e-15
6686.773500000338 3.0338963e-15
6688.346000000338 3.0268328e-15
6689.918500000338 3.0591705e-15
6691.491000000338 3.0967004e-15
6693.0635000003385 3.1141569e-15
6694.636000000339 3.1289683e-15
6696.208500000339 3.0742885e-15
6697.781000000339 3.0104226e-15
6699.353500000339 2.9873747e-15
6700.92600000034 2.9697227e-15
6702.49850000034 2.9978876e-15
6704.07100000034 3.0321128e-15
6705.64350000034 3.040152e-15
6707.2160000003405 3.0447167e-15
6708.788500000341 3.0542174e-15
6710.361000000341 3.0643731e-15
6711.933500000341 3.0497883e-15
6713.506000000341 3.0319108e-15
6715.078500000342 2.9998248e-15
6716.651000000342 2.9658477e-15
6718.223500000342 2.976657e-15
6719.796000000342 2.9934447e-15
6721.3685000003425 3.0029419e-15
6722.941000000343 3.0114658e-15
6724.513500000343 2.9970806e-15
6726.086000000343 2.9796353e-15
6727.658500000343 2.9743975e-15
6729.231000000344 2.9707953e-15
6730.803500000344 2.9512915e-15
6732.376000000344 2.929657e-15
6733.948500000344 2.8933002e-15
6735.521000000344 2.854965e-15
6737.093500000345 2.8768318e-15
6738.666000000345 2.9067892e-15
6740.238500000345 2.9207655e-15
6741.811000000345 2.9325875e-15
6743.3835000003455 2.9428762e-15
6744.956000000346 2.952958e-15
6746.528500000346 2.92428e-15
6748.101000000346 2.8903578e-15
6749.673500000346 2.8567622e-15
6751.246000000347 2.8232108e-15
6752.818500000347 2.851125e-15
6754.391000000347 2.8873807e-15
6755.963500000347 2.913014e-15
6757.5360000003475 2.9372058e-15
6759.108500000348 2.903328e-15
6760.681000000348 2.8615697e-15
6762.253500000348 2.8664533e-15
6763.826000000348 2.8776858e-15
6765.398500000349 2.9186362e-15
6766.971000000349 2.963632e-15
6768.543500000349 2.9288542e-15
6770.116000000349 2.883179e-15
6771.688500000349 2.8304294e-15
6773.26100000035 2.7767133e-15
6774.83350000035 2.7522802e-15
6776.40600000035 2.7318596e-15
6777.97850000035 2.7759294e-15
6779.5510000003505 2.8288357e-15
6781.123500000351 2.8303365e-15
6782.696000000351 2.8247723e-15
6784.268500000351 2.8153626e-15
6785.841000000351 2.8054246e-15
6787.413500000352 2.8536601e-15
6788.986000000352 2.9099146e-15
6790.558500000352 2.872685e-15
6792.131000000352 2.8225617e-15
6793.7035000003525 2.7787557e-15
6795.276000000353 2.7358213e-15
6796.848500000353 2.7651647e-15
6798.421000000353 2.8045066e-15
6799.993500000353 2.8051321e-15
6801.566000000354 2.8004015e-15
6803.138500000354 2.8004269e-15
6804.711000000354 2.801112e-15
6806.283500000354 2.7989372e-15
6807.8560000003545 2.7963656e-15
6809.428500000355 2.7650815e-15
6811.001000000355 2.7298017e-15
6812.573500000355 2.7375637e-15
6814.146000000355 2.751319e-15
6815.718500000356 2.7331985e-15
6817.291000000356 2.7106395e-15
6818.863500000356 2.7033605e-15
6820.436000000356 2.6982154e-15
6822.008500000356 2.7062036e-15
6823.581000000357 2.7160258e-15
6825.153500000357 2.72803e-15
6826.726000000357 2.7403398e-15
6828.298500000357 2.7507236e-15
6829.8710000003575 2.7608376e-15
6831.443500000358 2.796177e-15
6833.016000000358 2.8350604e-15
6834.588500000358 2.821765e-15
6836.161000000358 2.8011348e-15
6837.733500000359 2.772785e-15
6839.306000000359 2.7433502e-15
6840.878500000359 2.7218004e-15
6842.451000000359 2.7013623e-15
6844.0235000003595 2.7265857e-15
6845.59600000036 2.7582465e-15
6847.16850000036 2.777995e-15
6848.74100000036 2.7960587e-15
6850.31350000036 2.7968895e-15
6851.886000000361 2.7952833e-15
6853.458500000361 2.7760075e-15
6855.031000000361 2.754226e-15
6856.603500000361 2.715311e-15
6858.1760000003615 2.6739649e-15
6859.748500000362 2.6765652e-15
6861.321000000362 2.6854195e-15
6862.893500000362 2.6569156e-15
6864.466000000362 2.6230952e-15
6866.038500000363 2.591725e-15
6867.611000000363 2.560703e-15
6869.183500000363 2.5764955e-15
6870.756000000363 2.5989694e-15
6872.328500000363 2.5913622e-15
6873.901000000364 2.5794618e-15
6875.473500000364 2.5709409e-15
6877.046000000364 2.5629038e-15
6878.618500000364 2.6368974e-15
6880.1910000003645 2.7226392e-15
6881.763500000365 2.6617926e-15
6883.336000000365 2.5798904e-15
6884.908500000365 2.579318e-15
6886.481000000365 2.5904273e-15
6888.053500000366 2.5947493e-15
6889.626000000366 2.5980934e-15
6891.198500000366 2.4989278e-15
6892.771000000366 2.3849953e-15
6894.3435000003665 2.4814779e-15
6895.916000000367 2.6083586e-15
6897.488500000367 2.610169e-15
6899.061000000367 2.5939111e-15
6900.633500000367 2.5550368e-15
6902.206000000368 2.512893e-15
6903.778500000368 2.5502286e-15
6905.351000000368 2.5990863e-15
6906.923500000368 2.6387495e-15
6908.496000000368 2.6770798e-15
6910.068500000369 2.6077334e-15
6911.641000000369 2.5227324e-15
6913.213500000369 2.5007722e-15
6914.786000000369 2.4879772e-15
6916.3585000003695 2.4975918e-15
6917.93100000037 2.510474e-15
6919.50350000037 2.5559253e-15
6921.07600000037 2.6061253e-15
6922.64850000037 2.5446979e-15
6924.221000000371 2.4669852e-15
6925.793500000371 2.4814146e-15
6927.366000000371 2.5093245e-15
6928.938500000371 2.4932273e-15
6930.5110000003715 2.4706913e-15
6932.083500000372 2.50845e-15
6933.656000000372 2.5550552e-15
6935.228500000372 2.5552566e-15
6936.801000000372 2.5486495e-15
6938.373500000373 2.5484257e-15
6939.946000000373 2.5491412e-15
6941.518500000373 2.594441e-15
6943.091000000373 2.646301e-15
6944.6635000003735 2.5861366e-15
6946.236000000374 2.5094795e-15
6947.808500000374 2.492407e-15
6949.381000000374 2.4841316e-15
6950.953500000374 2.4915404e-15
6952.526000000375 2.5012648e-15
6954.098500000375 2.5052238e-15
6955.671000000375 2.508329e-15
6957.243500000375 2.5104758e-15
6958.816000000375 2.5124808e-15
6960.388500000376 2.547996e-15
6961.961000000376 2.5884867e-15
6963.533500000376 2.5739711e-15
6965.106000000376 2.5512836e-15
6966.6785000003765 2.533362e-15
6968.251000000377 2.5161505e-15
6969.823500000377 2.5296965e-15
6971.396000000377 2.547825e-15
6972.968500000377 2.5522206e-15
6974.541000000378 2.5545645e-15
6976.113500000378 2.5372042e-15
6977.686000000378 2.5168997e-15
6979.258500000378 2.5284575e-15
6980.8310000003785 2.5447756e-15
6982.403500000379 2.5179058e-15
6983.976000000379 2.4845655e-15
6985.548500000379 2.492024e-15
6987.121000000379 2.5055988e-15
6988.69350000038 2.5210659e-15
6990.26600000038 2.536817e-15
6991.83850000038 2.539246e-15
6993.41100000038 2.5396722e-15
6994.98350000038 2.4857643e-15
6996.556000000381 2.4236653e-15
6998.128500000381 2.4373902e-15
6999.701000000381 2.4625454e-15
7001.273500000381 2.4761805e-15
7002.8460000003815 2.4880742e-15
7004.418500000382 2.4554018e-15
7005.991000000382 2.4159925e-15
7007.563500000382 2.4291924e-15
7009.136000000382 2.4503676e-15
7010.708500000383 2.4503363e-15
7012.281000000383 2.4470886e-15
7013.853500000383 2.4452363e-15
7015.426000000383 2.4435956e-15
7016.9985000003835 2.4360913e-15
7018.571000000384 2.4276953e-15
7020.143500000384 2.5073766e-15
7021.716000000384 2.6004543e-15
7023.288500000384 2.612449e-15
7024.861000000385 2.612077e-15
7026.433500000385 2.5823684e-15
7028.006000000385 2.5481855e-15
7029.578500000385 2.5372268e-15
7031.1510000003855 2.5298202e-15
7032.723500000386 2.4988764e-15
7034.296000000386 2.4643306e-15
7035.868500000386 2.5044564e-15
7037.441000000386 2.5560092e-15
7039.013500000387 2.563752e-15
7040.586000000387 2.5647724e-15
7042.158500000387 2.5658364e-15
7043.731000000387 2.5669073e-15
7045.303500000387 2.6170896e-15
7046.876000000388 2.6748288e-15
7048.448500000388 2.6613748e-15
7050.021000000388 2.6369658e-15
7051.593500000388 2.5589583e-15
7053.1660000003885 2.4726808e-15
7054.738500000389 2.4506345e-15
7056.311000000389 2.4385043e-15
7057.883500000389 2.4866691e-15
7059.456000000389 2.5441427e-15
7061.02850000039 2.4984437e-15
7062.60100000039 2.436773e-15
7064.17350000039 2.4475705e-15
7065.74600000039 2.4695868e-15
7067.3185000003905 2.5747769e-15
7068.891000000391 2.6928783e-15
7070.463500000391 2.6370111e-15
7072.036000000391 2.5541385e-15
7073.608500000391 2.5114182e-15
7075.181000000392 2.4749477e-15
7076.753500000392 2.4932974e-15
7078.326000000392 2.5201848e-15
7079.898500000392 2.505263e-15
7081.471000000392 2.483812e-15
7083.043500000393 2.5081514e-15
7084.616000000393 2.539641e-15
7086.188500000393 2.5580448e-15
7087.761000000393 2.5743993e-15
7089.3335000003935 2.5864714e-15
7090.906000000394 2.5978727e-15
7092.478500000394 2.5745223e-15
7094.051000000394 2.5457302e-15
7095.623500000394 2.5822642e-15
7097.196000000395 2.6290556e-15
7098.768500000395 2.6960894e-15
7100.341000000395 2.7663033e-15
7101.913500000395 2.7017679e-15
7103.4860000003955 2.616006e-15
7105.058500000396 2.5164394e-15
7106.631000000396 2.414698e-15
7108.203500000396 2.4113613e-15
7109.776000000396 2.4235677e-15
7111.348500000397 2.4739255e-15
7112.921000000397 2.5303093e-15
7114.493500000397 2.5887065e-15
7116.066000000397 2.6474227e-15
7117.6385000003975 2.6590467e-15
7119.211000000398 2.6632122e-15
7120.783500000398 2.6803856e-15
7122.356000000398 2.69962e-15
7123.928500000398 2.7070353e-15
7125.501000000399 2.7125728e-15
7127.073500000399 2.633474e-15
7128.646000000399 2.540927e-15
7130.218500000399 2.5463907e-15
7131.791000000399 2.5674695e-15
7133.3635000004 2.6248247e-15
7134.9360000004 2.6879591e-15
7136.5085000004 2.6578789e-15
7138.0810000004 2.6129078e-15
7139.6535000004005 2.5862959e-15
7141.226000000401 2.5626183e-15
7142.798500000401 2.530131e-15
7144.371000000401 2.4962355e-15
7145.943500000401 2.5668743e-15
7147.516000000402 2.6542656e-15
7149.088500000402 2.5801102e-15
7150.661000000402 2.4800655e-15
7152.233500000402 2.446986e-15
7153.8060000004025 2.4246672e-15
7155.378500000403 2.473196e-15
7156.951000000403 2.533109e-15
7158.523500000403 2.5060315e-15
7160.096000000403 2.4649385e-15
7161.668500000404 2.5268052e-15
7163.241000000404 2.605269e-15
7164.813500000404 2.6333155e-15
7166.386000000404 2.6532132e-15
7167.9585000004045 2.6721628e-15
7169.531000000405 2.690959e-15
7171.103500000405 2.6520614e-15
7172.676000000405 2.6038384e-15
7174.248500000405 2.5549313e-15
7175.821000000406 2.5059133e-15
7177.393500000406 2.5454445e-15
7178.966000000406 2.599326e-15
7180.538500000406 2.596422e-15
7182.111000000406 2.584291e-15
7183.683500000407 2.5176405e-15
7185.256000000407 2.4421264e-15
7186.828500000407 2.4445377e-15
7188.401000000407 2.4596511e-15
7189.9735000004075 2.4686794e-15
7191.546000000408 2.4767159e-15
7193.118500000408 2.4879242e-15
7194.691000000408 2.4996508e-15
7196.263500000408 2.482605e-15
7197.836000000409 2.4608567e-15
7199.408500000409 2.4325168e-15
7200.981000000409 2.403097e-15
7202.553500000409 2.4101473e-15
7204.1260000004095 2.4231736e-15
7205.69850000041 2.4477018e-15
7207.27100000041 2.4741157e-15
7208.84350000041 2.487916e-15
7210.41600000041 2.4996427e-15
7211.988500000411 2.4826201e-15
7213.561000000411 2.460872e-15
7215.133500000411 2.4325376e-15
7216.706000000411 2.4031176e-15
7218.278500000411 2.4505305e-15
7219.851000000412 2.5106065e-15
7221.423500000412 2.4707816e-15
7222.996000000412 2.4144481e-15
7224.568500000412 2.376398e-15
7226.1410000004125 2.3413693e-15
7227.713500000413 2.3760956e-15
7229.286000000413 2.4223546e-15
7230.858500000413 2.4268614e-15
7232.431000000413 2.4244474e-15
7234.003500000414 2.4091887e-15
7235.576000000414 2.3918008e-15
7237.148500000414 2.4054872e-15
7238.721000000414 2.424338e-15
7240.2935000004145 2.4394873e-15
7241.866000000415 2.4540213e-15
7243.438500000415 2.400019e-15
7245.011000000415 2.3345962e-15
7246.583500000415 2.4077697e-15
7248.156000000416 2.5040376e-15
7249.728500000416 2.434656e-15
7251.301000000416 2.3376585e-15
7252.873500000416 2.2850346e-15
7254.4460000004165 2.2398279e-15
7256.018500000417 2.3092863e-15
7257.591000000417 2.3979107e-15
7259.163500000417 2.4066014e-15
7260.736000000417 2.4018968e-15
7262.308500000418 2.4201423e-15
7263.881000000418 2.4422338e-15
7265.453500000418 2.4795435e-15
7267.026000000418 2.5194104e-15
7268.598500000418 2.5509458e-15
7270.171000000419 2.5810813e-15
7271.743500000419 2.6028075e-15
7273.316000000419 2.6231168e-15
7274.888500000419 2.5935865e-15
7276.4610000004195 2.5556562e-15
7278.03350000042 2.4501097e-15
7279.60600000042 2.3331383e-15
7281.17850000042 2.3601559e-15
7282.75100000042 2.4115036e-15
7284.323500000421 2.399552e-15
7285.896000000421 2.3769049e-15
7287.468500000421 2.360245e-15
7289.041000000421 2.3445995e-15
7290.6135000004215 2.3211972e-15
7292.186000000422 2.2964806e-15
7293.758500000422 2.3279633e-15
7295.331000000422 2.368996e-15
7296.903500000422 2.4246106e-15
7298.476000000423 2.4827035e-15
7300.048500000423 2.4320541e-15
7301.621000000423 2.3628793e-15
7303.193500000423 2.3653677e-15
7304.766000000423 2.3800645e-15
7306.338500000424 2.3646314e-15
7307.911000000424 2.3440519e-15
7309.483500000424 2.3310675e-15
7311.056000000424 2.3193806e-15
7312.6285000004245 2.3264647e-15
7314.201000000425 2.3367547e-15
7315.773500000425 2.2602543e-15
7317.346000000425 2.1688846e-15
7318.918500000425 2.213165e-15
7320.491000000426 2.2806851e-15
7322.063500000426 2.2929082e-15
7323.636000000426 2.2956334e-15
7325.208500000426 2.3360156e-15
7326.7810000004265 2.3828659e-15
7328.353500000427 2.4058434e-15
7329.926000000427 2.4247102e-15
7331.498500000427 2.3437086e-15
7333.071000000427 2.2455102e-15
7334.643500000428 2.2429672e-15
7336.216000000428 2.2569373e-15
7337.788500000428 2.2902886e-15
7339.361000000428 2.3269875e-15
7340.9335000004285 2.336288e-15
7342.506000000429 2.3408562e-15
7344.078500000429 2.3281052e-15
7345.651000000429 2.3123553e-15
7347.223500000429 2.2139972e-15
7348.79600000043 2.1013348e-15
7350.36850000043 2.1239887e-15
7351.94100000043 2.170133e-15
7353.51350000043 2.2090691e-15
7355.08600000043 2.246754e-15
7356.658500000431 2.2836798e-15
7358.231000000431 2.3204734e-15
7359.803500000431 2.413176e-15
7361.376000000431 2.5156135e-15
7362.9485000004315 2.4471057e-15
7364.521000000432 2.348833e-15
7366.093500000432 2.2951857e-15
7367.666000000432 2.2493282e-15
7369.238500000432 2.2810957e-15
7370.811000000433 2.3264135e-15
7372.383500000433 2.2735861e-15
7373.956000000433 2.2035837e-15
7375.528500000433 2.12243e-15
7377.1010000004335 2.0393246e-15
7378.673500000434 2.0419358e-15
7380.246000000434 2.059585e-15
7381.818500000434 2.108301e-15
7383.391000000434 2.16247e-15
7384.963500000435 2.197512e-15
7386.536000000435 2.2291885e-15
7388.108500000435 2.1658052e-15
7389.681000000435 2.085695e-15
7391.253500000435 2.121062e-15
7392.826000000436 2.176749e-15
7394.398500000436 2.2325247e-15
7395.971000000436 2.2883163e-15
7397.543500000436 2.3064817e-15
7399.1160000004365 2.3180096e-15
7400.688500000437 2.257369e-15
7402.261000000437 2.1839658e-15
7403.833500000437 2.1840416e-15
7405.406000000437 2.1971181e-15
7406.978500000438 2.2241296e-15
7408.551000000438 2.253613e-15
7410.123500000438 2.185671e-15
7411.696000000438 2.1004482e-15
7413.2685000004385 2.0768632e-15
7414.841000000439 2.0642384e-15
7416.413500000439 2.0561428e-15
7417.986000000439 2.048853e-15
7419.558500000439 2.095042e-15
7421.13100000044 2.1507636e-15
7422.70350000044 2.1895253e-15
7424.27600000044 2.2252638e-15
7425.84850000044 2.2343404e-15
7427.4210000004405 2.2386621e-15
7428.993500000441 2.2492248e-15
7430.566000000441 2.2609035e-15
7432.138500000441 2.2750128e-15
7433.711000000441 2.2895563e-15
7435.283500000442 2.248083e-15
7436.856000000442 2.19657e-15
7438.428500000442 2.2270677e-15
7440.001000000442 2.2722637e-15
7441.573500000442 2.21589e-15
7443.146000000443 2.1412675e-15
7444.718500000443 2.1207952e-15
7446.291000000443 2.1100522e-15
7447.863500000443 2.1320696e-15
7449.4360000004435 2.159976e-15
7451.008500000444 2.1953408e-15
7452.581000000444 2.2320496e-15
7454.153500000444 2.2054241e-15
7455.726000000444 2.167386e-15
7457.298500000445 2.1854666e-15
7458.871000000445 2.2136848e-15
7460.443500000445 2.2526217e-15
7462.016000000445 2.2934944e-15
7463.5885000004455 2.233279e-15
7465.161000000446 2.1547578e-15
7466.733500000446 2.1101187e-15
7468.306000000446 2.0716156e-15
7469.878500000446 2.1001993e-15
7471.451000000447 2.1409376e-15
7473.023500000447 2.1580002e-15
7474.596000000447 2.1707631e-15
7476.168500000447 2.1863828e-15
7477.7410000004475 2.2025218e-15
7479.313500000448 2.2049714e-15
7480.886000000448 2.2049284e-15
7482.458500000448 2.1821127e-15
7484.031000000448 2.1551506e-15
7485.603500000449 2.1982036e-15
7487.176000000449 2.254035e-15
7488.748500000449 2.2519483e-15
7490.321000000449 2.239291e-15
7491.893500000449 2.1451897e-15
7493.46600000045 2.0361808e-15
7495.03850000045 2.0065645e-15
7496.61100000045 1.9914803e-15
7498.18350000045 1.968484e-15
7499.7560000004505 1.9440357e-15
