3499.984 2.197881e-14
3502.12605 2.5738458e-14
3504.2681 2.9498105e-14
3506.4101499999997 2.813638e-14
3508.5521999999996 2.6773695e-14
3510.6942499999996 2.8539332e-14
3512.8362999999995 3.0305555e-14
3514.9783499999994 2.7241225e-14
3517.1203999999993 2.4175767e-14
3519.2624499999993 2.8498488e-14
3521.404499999999 3.282328e-14
3523.546549999999 3.1307608e-14
3525.688599999999 2.979003e-14
3527.830649999999 2.8007043e-14
3529.972699999999 2.6223933e-14
3532.114749999999 3.1400948e-14
3534.2567999999987 3.6581537e-14
3536.3988499999987 3.3397093e-14
3538.5408999999986 3.020796e-14
3540.6829499999985 3.1099235e-14
3542.8249999999985 3.1992797e-14
3544.9670499999984 3.0711636e-14
3547.1090999999983 2.942916e-14
3549.2511499999982 2.9914907e-14
3551.393199999998 3.040206e-14
3553.535249999998 3.1562125e-14
3555.677299999998 3.2722726e-14
3557.819349999998 3.2958052e-14
3559.961399999998 3.31926e-14
3562.103449999998 3.205702e-14
3564.2454999999977 3.0920223e-14
3566.3875499999976 3.3351658e-14
3568.5295999999976 3.578676e-14
3570.6716499999975 3.6525436e-14
3572.8136999999974 3.726229e-14
3574.9557499999974 3.608456e-14
3577.0977999999973 3.4904676e-14
3579.239849999997 3.5267376e-14
3581.381899999997 3.563188e-14
3583.523949999997 3.586844e-14
3585.665999999997 3.6104847e-14
3587.808049999997 3.4319695e-14
3589.950099999997 3.2532086e-14
3592.0921499999968 3.410807e-14
3594.2341999999967 3.5688297e-14
3596.3762499999966 3.583747e-14
3598.5182999999965 3.5984633e-14
3600.6603499999965 3.7481144e-14
3602.8023999999964 3.897961e-14
3604.9444499999963 3.7798483e-14
3607.0864999999962 3.6613345e-14
3609.228549999996 3.7145085e-14
3611.370599999996 3.7679634e-14
3613.512649999996 3.5692823e-14
3615.654699999996 3.370177e-14
3617.796749999996 3.234524e-14
3619.938799999996 3.098981e-14
3622.0808499999957 3.2633293e-14
3624.2228999999957 3.4281958e-14
3626.3649499999956 3.4549644e-14
3628.5069999999955 3.4814877e-14
3630.6490499999954 3.3604047e-14
3632.7910999999954 3.2390526e-14
3634.9331499999953 3.2961654e-14
3637.075199999995 3.3536287e-14
3639.217249999995 3.3209556e-14
3641.359299999995 3.2881013e-14
3643.501349999995 3.2349913e-14
3645.643399999995 3.18184e-14
3647.785449999995 3.1249153e-14
3649.927499999995 3.067983e-14
3652.0695499999947 2.9601376e-14
3654.2115999999946 2.8521852e-14
3656.3536499999946 2.8715135e-14
3658.4956999999945 2.891134e-14
3660.6377499999944 3.0050025e-14
3662.7797999999943 3.1190874e-14
3664.9218499999943 2.9225422e-14
3667.063899999994 2.72527e-14
3669.205949999994 2.5277837e-14
3671.347999999994 2.3302969e-14
3673.490049999994 2.4356561e-14
3675.632099999994 2.5417524e-14
3677.774149999994 2.4510852e-14
3679.9161999999938 2.3599114e-14
3682.0582499999937 2.2195189e-14
3684.2002999999936 2.0789975e-14
3686.3423499999935 2.029799e-14
3688.4843999999935 1.9808438e-14
3690.6264499999934 1.883373e-14
3692.7684999999933 1.7857728e-14
3694.9105499999932 1.8073105e-14
3697.052599999993 1.8291717e-14
3699.194649999993 1.8044866e-14
3701.336699999993 1.7796686e-14
3703.478749999993 1.6511652e-14
3705.620799999993 1.5223608e-14
3707.762849999993 1.5121505e-14
3709.9048999999927 1.5022898e-14
3712.0469499999926 1.5040964e-14
3714.1889999999926 1.505938e-14
3716.3310499999925 1.5134102e-14
3718.4730999999924 1.5209002e-14
3720.6151499999924 1.5216966e-14
3722.7571999999923 1.5224714e-14
3724.899249999992 1.39602795e-14
3727.041299999992 1.2691733e-14
3729.183349999992 1.3231511e-14
3731.325399999992 1.3777218e-14
3733.467449999992 1.3108415e-14
3735.609499999992 1.243563e-14
3737.7515499999918 1.2109121e-14
3739.8935999999917 1.1783764e-14
3742.0356499999916 1.2354138e-14
3744.1776999999915 1.2927535e-14
3746.3197499999915 1.3497169e-14
3748.4617999999914 1.4066791e-14
3750.6038499999913 1.37738e-14
3752.7458999999913 1.3477738e-14
3754.887949999991 1.4477089e-14
3757.029999999991 1.5481113e-14
3759.172049999991 1.5660999e-14
3761.314099999991 1.5837797e-14
3763.456149999991 1.6250115e-14
3765.598199999991 1.6663327e-14
3767.7402499999907 1.6578324e-14
3769.8822999999907 1.6491405e-14
3772.0243499999906 1.6405881e-14
3774.1663999999905 1.6320363e-14
3776.3084499999904 1.7306022e-14
3778.4504999999904 1.8295847e-14
3780.5925499999903 1.8673748e-14
3782.73459999999 1.904924e-14
3784.87664999999 1.8578006e-14
3787.01869999999 1.8103317e-14
3789.16074999999 1.8288155e-14
3791.30279999999 1.8475713e-14
3793.44484999999 1.8331418e-14
3795.58689999999 1.8185736e-14
3797.7289499999897 1.7792593e-14
3799.8709999999896 1.7398404e-14
3802.0130499999896 1.7371507e-14
3804.1550999999895 1.734616e-14
3806.2971499999894 1.7453634e-14
3808.4391999999893 1.7561695e-14
3810.5812499999893 1.7299784e-14
3812.723299999989 1.7036242e-14
3814.865349999989 1.7493068e-14
3817.007399999989 1.7953104e-14
3819.149449999989 1.7617892e-14
3821.291499999989 1.72791e-14
3823.433549999989 1.7223051e-14
3825.5755999999888 1.7168289e-14
3827.7176499999887 1.7446597e-14
3829.8596999999886 1.7726467e-14
3832.0017499999885 1.8544795e-14
3834.1437999999885 1.9365674e-14
3836.2858499999884 1.9404015e-14
3838.4278999999883 1.9438615e-14
3840.5699499999882 1.9272115e-14
3842.711999999988 1.9104655e-14
3844.854049999988 1.9273742e-14
3846.996099999988 1.9444454e-14
3849.138149999988 1.949015e-14
3851.280199999988 1.9535224e-14
3853.422249999988 1.969841e-14
3855.5642999999877 1.9862189e-14
3857.7063499999877 2.0804295e-14
3859.8483999999876 2.1750346e-14
3861.9904499999875 2.2371987e-14
3864.1324999999874 2.2991969e-14
3866.2745499999874 2.3259479e-14
3868.4165999999873 2.3525136e-14
3870.558649999987 2.4372963e-14
3872.700699999987 2.5223877e-14
3874.842749999987 2.6326643e-14
3876.984799999987 2.7430757e-14
3879.126849999987 2.7567777e-14
3881.268899999987 2.7699624e-14
3883.4109499999868 2.8611062e-14
3885.5529999999867 2.9526708e-14
3887.6950499999866 3.0432986e-14
3889.8370999999865 3.1339216e-14
3891.9791499999865 3.142188e-14
3894.1211999999864 3.150002e-14
3896.2632499999863 3.159497e-14
3898.4052999999863 3.1690017e-14
3900.547349999986 3.1512577e-14
3902.689399999986 3.1333592e-14
3904.831449999986 3.231433e-14
3906.973499999986 3.330171e-14
3909.115549999986 3.4004717e-14
3911.257599999986 3.470605e-14
3913.3996499999857 3.4414142e-14
3915.5416999999857 3.411636e-14
3917.6837499999856 3.4963924e-14
3919.8257999999855 3.5818323e-14
3921.9678499999854 3.595619e-14
3924.1098999999854 3.6089784e-14
3926.2519499999853 3.5803222e-14
3928.393999999985 3.5514137e-14
3930.536049999985 3.597001e-14
3932.678099999985 3.6430396e-14
3934.820149999985 3.651364e-14
3936.962199999985 3.6594547e-14
3939.104249999985 3.7125986e-14
3941.246299999985 3.7660237e-14
3943.3883499999847 3.746009e-14
3945.5303999999846 3.725532e-14
3947.6724499999846 3.8472233e-14
3949.8144999999845 3.969816e-14
3951.9565499999844 3.9791795e-14
3954.0985999999843 3.9878243e-14
3956.2406499999843 3.999198e-14
3958.382699999984 4.0105892e-14
3960.524749999984 4.072721e-14
3962.666799999984 4.1351844e-14
3964.808849999984 4.142351e-14
3966.950899999984 4.149154e-14
3969.092949999984 4.1466108e-14
3971.2349999999838 4.1440054e-14
3973.3770499999837 4.132277e-14
3975.5190999999836 4.120488e-14
3977.6611499999835 4.1089243e-14
3979.8031999999835 4.097362e-14
3981.9452499999834 4.0706113e-14
3984.0872999999833 4.0437566e-14
3986.2293499999832 3.9884986e-14
3988.371399999983 3.9330443e-14
3990.513449999983 3.8596462e-14
3992.655499999983 3.786124e-14
3994.797549999983 3.709056e-14
3996.939599999983 3.631963e-14
3999.081649999983 3.6082956e-14
4001.2236999999827 3.5850073e-14
4003.3657499999827 3.5709635e-14
4005.5077999999826 3.5569858e-14
4007.6498499999825 3.4783537e-14
4009.7918999999824 3.399256e-14
4011.9339499999824 3.35953e-14
4014.0759999999823 3.3200886e-14
4016.218049999982 3.3201127e-14
4018.360099999982 3.320428e-14
4020.502149999982 3.3086974e-14
4022.644199999982 3.2968772e-14
4024.786249999982 3.2909243e-14
4026.928299999982 3.2850154e-14
4029.0703499999818 3.2888107e-14
4031.2123999999817 3.292679e-14
4033.3544499999816 3.3122403e-14
4035.4964999999816 3.3319196e-14
4037.6385499999815 3.3546984e-14
4039.7805999999814 3.3775005e-14
4041.9226499999813 3.4002142e-14
4044.0646999999813 3.4229276e-14
4046.206749999981 3.459502e-14
4048.348799999981 3.4961844e-14
4050.490849999981 3.50826e-14
4052.632899999981 3.5201432e-14
4054.774949999981 3.5664285e-14
4056.916999999981 3.612984e-14
4059.0590499999807 3.6416413e-14
4061.2010999999807 3.6701555e-14
4063.3431499999806 3.701801e-14
4065.4851999999805 3.7334715e-14
4067.6272499999804 3.7717913e-14
4069.7692999999804 3.8101646e-14
4071.9113499999803 3.8276494e-14
4074.0533999999802 3.8449655e-14
4076.19544999998 3.8535503e-14
4078.33749999998 3.8620643e-14
4080.47954999998 3.8683944e-14
4082.62159999998 3.8747065e-14
4084.76364999998 3.8927737e-14
4086.90569999998 3.9109388e-14
4089.0477499999797 3.938133e-14
4091.1897999999796 3.965403e-14
4093.3318499999796 3.961864e-14
4095.4738999999795 3.9580657e-14
4097.615949999979 3.9523123e-14
4099.75799999998 3.946542e-14
4101.90004999998 3.9389204e-14
4104.042099999981 3.931283e-14
4106.184149999981 3.9514643e-14
4108.326199999981 3.9718866e-14
4110.468249999982 3.938751e-14
4112.610299999982 3.9051516e-14
4114.7523499999825 3.8685455e-14
4116.894399999983 3.8319134e-14
4119.036449999983 3.844775e-14
4121.178499999984 3.85807e-14
4123.320549999984 3.856744e-14
4125.462599999984 3.855289e-14
4127.604649999985 3.863654e-14
4129.746699999985 3.872106e-14
4131.8887499999855 3.836316e-14
4134.030799999986 3.8001232e-14
4136.172849999986 3.7692678e-14
4138.314899999987 3.7384616e-14
4140.456949999987 3.727365e-14
4142.598999999987 3.7164492e-14
4144.741049999988 3.6782887e-14
4146.883099999988 3.6398764e-14
4149.025149999989 3.5783683e-14
4151.167199999989 3.5166467e-14
4153.309249999989 3.4904544e-14
4155.45129999999 3.4645918e-14
4157.59334999999 3.471458e-14
4159.7353999999905 3.47863e-14
4161.877449999991 3.49155e-14
4164.019499999991 3.504524e-14
4166.161549999992 3.469045e-14
4168.303599999992 3.4331096e-14
4170.445649999992 3.4165494e-14
4172.587699999993 3.4001715e-14
4174.729749999993 3.3903924e-14
4176.8717999999935 3.3806755e-14
4179.013849999994 3.376567e-14
4181.155899999994 3.3725135e-14
4183.297949999995 3.3571656e-14
4185.439999999995 3.3417073e-14
4187.582049999995 3.322086e-14
4189.724099999996 3.3024236e-14
4191.866149999996 3.3031632e-14
4194.008199999997 3.304104e-14
4196.150249999997 3.2686483e-14
4198.292299999997 3.2328324e-14
4200.434349999998 3.22007e-14
4202.576399999998 3.2075366e-14
4204.7184499999985 3.200692e-14
4206.860499999999 3.1939037e-14
4209.002549999999 3.1597487e-14
4211.1446 3.1253198e-14
4213.28665 3.1046624e-14
4215.4287 3.0841435e-14
4217.570750000001 3.0419352e-14
4219.712800000001 2.9995083e-14
4221.8548500000015 2.9512322e-14
4223.996900000002 2.9028954e-14
4226.138950000002 2.8728694e-14
4228.281000000003 2.8430342e-14
4230.423050000003 2.8377327e-14
4232.565100000003 2.8326867e-14
4234.707150000004 2.8121782e-14
4236.849200000004 2.7915075e-14
4238.991250000005 2.7623594e-14
4241.133300000005 2.733122e-14
4243.275350000005 2.6975977e-14
4245.417400000006 2.6620069e-14
4247.559450000006 2.6289224e-14
4249.7015000000065 2.5958646e-14
4251.843550000007 2.5906062e-14
4253.985600000007 2.585643e-14
4256.127650000008 2.5793278e-14
4258.269700000008 2.5729984e-14
4260.411750000008 2.5284845e-14
4262.553800000009 2.4835618e-14
4264.695850000009 2.4579451e-14
4266.8379000000095 2.4325362e-14
4268.97995000001 2.4084415e-14
4271.12200000001 2.3843613e-14
4273.264050000011 2.3822324e-14
4275.406100000011 2.380346e-14
4277.548150000011 2.3614758e-14
4279.690200000012 2.3424173e-14
4281.832250000012 2.3359466e-14
4283.974300000013 2.3296162e-14
4286.116350000013 2.2976133e-14
4288.258400000013 2.265323e-14
4290.400450000014 2.2298119e-14
4292.542500000014 2.194265e-14
4294.6845500000145 2.1869764e-14
4296.826600000015 2.1800053e-14
4298.968650000015 2.1726893e-14
4301.110700000016 2.1653694e-14
4303.252750000016 2.1327175e-14
4305.394800000016 2.0997784e-14
4307.536850000017 2.0947736e-14
4309.678900000017 2.0900865e-14
4311.820950000018 2.0885752e-14
4313.963000000018 2.0871009e-14
4316.105050000018 2.049212e-14
4318.247100000019 2.0108986e-14
4320.389150000019 2.0201305e-14
4322.531200000019 2.0299194e-14
4324.67325000002 2.0183896e-14
4326.81530000002 2.006609e-14
4328.957350000021 1.9839885e-14
4331.099400000021 1.9612406e-14
4333.241450000021 1.9729063e-14
4335.383500000022 1.9849785e-14
4337.525550000022 1.9920423e-14
4339.6676000000225 1.9990465e-14
4341.809650000023 2.013459e-14
4343.951700000023 2.0279597e-14
4346.093750000024 2.0627961e-14
4348.235800000024 2.0978758e-14
4350.377850000024 2.1014655e-14
4352.519900000025 2.1046714e-14
4354.661950000025 2.103393e-14
4356.804000000026 2.1020598e-14
4358.946050000026 2.1405104e-14
4361.088100000026 2.1794495e-14
4363.230150000027 2.1966117e-14
4365.372200000027 2.2135055e-14
4367.5142500000275 2.2052003e-14
4369.656300000028 2.1965841e-14
4371.798350000028 2.214137e-14
4373.940400000029 2.232014e-14
4376.082450000029 2.254473e-14
4378.224500000029 2.276989e-14
4380.36655000003 2.2827343e-14
4382.50860000003 2.2882703e-14
4384.6506500000305 2.2877911e-14
4386.792700000031 2.2872366e-14
4388.934750000031 2.2967635e-14
4391.076800000032 2.3064192e-14
4393.218850000032 2.3404998e-14
4395.360900000032 2.3748934e-14
4397.502950000033 2.3708476e-14
4399.645000000033 2.3663075e-14
4401.787050000034 2.369024e-14
4403.929100000034 2.3718339e-14
4406.071150000034 2.4041116e-14
4408.213200000035 2.4367711e-14
4410.355250000035 2.4272412e-14
4412.4973000000355 2.4171647e-14
4414.639350000036 2.3867517e-14
4416.781400000036 2.3560743e-14
4418.923450000037 2.3478186e-14
4421.065500000037 2.3398558e-14
4423.207550000037 2.3183664e-14
4425.349600000038 2.2966999e-14
4427.491650000038 2.283765e-14
4429.6337000000385 2.2709448e-14
4431.775750000039 2.2343716e-14
4433.917800000039 2.1974804e-14
4436.05985000004 2.1694924e-14
4438.20190000004 2.141624e-14
4440.34395000004 2.1297705e-14
4442.486000000041 2.118133e-14
4444.628050000041 2.1127561e-14
4446.770100000042 2.1074642e-14
4448.912150000042 2.0867544e-14
4451.054200000042 2.065836e-14
4453.196250000043 2.0558437e-14
4455.338300000043 2.0459998e-14
4457.4803500000435 2.0422288e-14
4459.622400000044 2.0385403e-14
4461.764450000044 2.0705377e-14
4463.906500000045 2.103023e-14
4466.048550000045 2.127775e-14
4468.190600000045 2.152421e-14
4470.332650000046 2.1620059e-14
4472.474700000046 2.1713842e-14
4474.6167500000465 2.1938894e-14
4476.758800000047 2.2165753e-14
4478.900850000047 2.2403632e-14
4481.042900000048 2.2641667e-14
4483.184950000048 2.2881989e-14
4485.327000000048 2.3122343e-14
4487.469050000049 2.3521068e-14
4489.611100000049 2.3922028e-14
4491.75315000005 2.4230717e-14
4493.89520000005 2.4538099e-14
4496.03725000005 2.4660578e-14
4498.179300000051 2.4780432e-14
4500.321350000051 2.498543e-14
4502.4634000000515 2.5191642e-14
4504.605450000052 2.5308962e-14
4506.747500000052 2.542501e-14
4508.889550000053 2.537727e-14
4511.031600000053 2.5327186e-14
4513.173650000053 2.5430397e-14
4515.315700000054 2.5535807e-14
4517.457750000054 2.5387295e-14
4519.5998000000545 2.5235127e-14
4521.741850000055 2.545188e-14
4523.883900000055 2.5674048e-14
4526.025950000056 2.5857556e-14
4528.168000000056 2.6040497e-14
4530.310050000056 2.6233008e-14
4532.452100000057 2.6425663e-14
4534.594150000057 2.6290302e-14
4536.736200000058 2.6150092e-14
4538.878250000058 2.6166359e-14
4541.020300000058 2.6184946e-14
4543.162350000059 2.6333658e-14
4545.304400000059 2.6484308e-14
4547.4464500000595 2.6472675e-14
4549.58850000006 2.6458628e-14
4551.73055000006 2.6414592e-14
4553.872600000061 2.6370111e-14
4556.014650000061 2.6235534e-14
4558.156700000061 2.609961e-14
4560.298750000062 2.590485e-14
4562.440800000062 2.5709207e-14
4564.5828500000625 2.5582985e-14
4566.724900000063 2.545781e-14
4568.866950000063 2.5392191e-14
4571.009000000064 2.5327485e-14
4573.151050000064 2.5159496e-14
4575.293100000064 2.498992e-14
4577.435150000065 2.505655e-14
4579.577200000065 2.5126819e-14
4581.719250000066 2.5256178e-14
4583.861300000066 2.538645e-14
4586.003350000066 2.5355972e-14
4588.145400000067 2.5323002e-14
4590.287450000067 2.5190321e-14
4592.4295000000675 2.5056095e-14
4594.571550000068 2.5149824e-14
4596.713600000068 2.5247098e-14
4598.855650000069 2.532898e-14
4600.997700000069 2.541062e-14
4603.139750000069 2.5385296e-14
4605.28180000007 2.5358298e-14
4607.42385000007 2.5240515e-14
4609.5659000000705 2.512129e-14
4611.707950000071 2.52307e-14
4613.850000000071 2.5343756e-14
4615.992050000072 2.5443548e-14
4618.134100000072 2.554313e-14
4620.276150000072 2.5445322e-14
4622.418200000073 2.534435e-14
4624.560250000073 2.5209445e-14
4626.702300000074 2.5073993e-14
4628.844350000074 2.5022864e-14
4630.986400000074 2.497309e-14
4633.128450000075 2.4933387e-14
4635.270500000075 2.4893848e-14
4637.4125500000755 2.4877873e-14
4639.554600000076 2.4862279e-14
4641.696650000076 2.4756257e-14
4643.838700000077 2.4648769e-14
4645.980750000077 2.438988e-14
4648.122800000077 2.4128526e-14
4650.264850000078 2.3849177e-14
4652.406900000078 2.356953e-14
4654.548950000079 2.3435308e-14
4656.691000000079 2.3303493e-14
4658.833050000079 2.281937e-14
4660.97510000008 2.2329398e-14
4663.11715000008 2.1997866e-14
4665.25920000008 2.1668973e-14
4667.401250000081 2.1498414e-14
4669.543300000081 2.1330494e-14
4671.685350000082 2.1008126e-14
4673.827400000082 2.068318e-14
4675.969450000082 2.0507494e-14
4678.111500000083 2.033431e-14
4680.253550000083 2.003624e-14
4682.3956000000835 1.9736074e-14
4684.537650000084 1.9779236e-14
4686.679700000084 1.9828182e-14
4688.821750000085 1.991348e-14
4690.963800000085 1.9999398e-14
4693.105850000085 1.9806778e-14
4695.247900000086 1.9609382e-14
4697.389950000086 1.9614886e-14
4699.532000000087 1.9623878e-14
4701.674050000087 1.9694434e-14
4703.816100000087 1.976605e-14
4705.958150000088 1.9864908e-14
4708.100200000088 1.9964236e-14
4710.2422500000885 1.9952017e-14
4712.384300000089 1.993787e-14
4714.526350000089 1.9872636e-14
4716.66840000009 1.9806519e-14
4718.81045000009 1.9890422e-14
4720.95250000009 1.9976933e-14
4723.094550000091 1.992753e-14
4725.236600000091 1.9875757e-14
4727.3786500000915 1.979594e-14
4729.520700000092 1.9715632e-14
4731.662750000092 1.9797898e-14
4733.804800000093 1.9883043e-14
4735.946850000093 1.9747684e-14
4738.088900000093 1.9608408e-14
4740.230950000094 1.9481344e-14
4742.373000000094 1.9354498e-14
4744.515050000095 1.9344574e-14
4746.657100000095 1.9336739e-14
4748.799150000095 1.9084816e-14
4750.941200000096 1.8828533e-14
4753.083250000096 1.8524461e-14
4755.2253000000965 1.8219533e-14
4757.367350000097 1.7971857e-14
4759.509400000097 1.772521e-14
4761.651450000098 1.760427e-14
4763.793500000098 1.7485594e-14
4765.935550000098 1.7360122e-14
4768.077600000099 1.7234525e-14
4770.219650000099 1.7067011e-14
4772.3617000000995 1.6898741e-14
4774.5037500001 1.6846108e-14
4776.6458000001 1.6795569e-14
4778.787850000101 1.6701603e-14
4780.929900000101 1.6606838e-14
4783.071950000101 1.6581719e-14
4785.214000000102 1.6557883e-14
4787.356050000102 1.661378e-14
4789.498100000103 1.667115e-14
4791.640150000103 1.679745e-14
4793.782200000103 1.6925024e-14
4795.924250000104 1.703981e-14
4798.066300000104 1.7154359e-14
4800.2083500001045 1.7068166e-14
4802.350400000105 1.6978242e-14
4804.492450000105 1.7098227e-14
4806.634500000106 1.7222125e-14
4808.776550000106 1.7513402e-14
4810.918600000106 1.78078e-14
4813.060650000107 1.7840413e-14
4815.202700000107 1.7868135e-14
4817.3447500001075 1.7914108e-14
4819.486800000108 1.7960422e-14
4821.628850000108 1.7901594e-14
4823.770900000109 1.7840767e-14
4825.912950000109 1.7775642e-14
4828.055000000109 1.7710434e-14
4830.19705000011 1.7542032e-14
4832.33910000011 1.7371661e-14
4834.481150000111 1.717924e-14
4836.623200000111 1.6986397e-14
4838.765250000111 1.6945999e-14
4840.907300000112 1.6908524e-14
4843.049350000112 1.6675422e-14
4845.1914000001125 1.643856e-14
4847.333450000113 1.6212309e-14
4849.475500000113 1.5986261e-14
4851.617550000114 1.586315e-14
4853.759600000114 1.5742024e-14
4855.901650000114 1.5577092e-14
4858.043700000115 1.5411312e-14
4860.185750000115 1.5053847e-14
4862.3278000001155 1.4692669e-14
4864.469850000116 1.4557862e-14
4866.611900000116 1.4427451e-14
4868.753950000117 1.4230154e-14
4870.896000000117 1.4031541e-14
4873.038050000117 1.3746634e-14
4875.180100000118 1.3460026e-14
4877.322150000118 1.3311968e-14
4879.464200000119 1.3166647e-14
4881.606250000119 1.30752664e-14
4883.748300000119 1.2984954e-14
4885.89035000012 1.2957554e-14
4888.03240000012 1.2931404e-14
4890.1744500001205 1.2856518e-14
4892.316500000121 1.2780664e-14
4894.458550000121 1.2763402e-14
4896.600600000122 1.27473054e-14
4898.742650000122 1.2762509e-14
4900.884700000122 1.2778336e-14
4903.026750000123 1.2985447e-14
4905.168800000123 1.31963845e-14
4907.3108500001235 1.3438495e-14
4909.452900000124 1.3681236e-14
4911.594950000124 1.3744216e-14
4913.737000000125 1.3803548e-14
4915.879050000125 1.3889455e-14
4918.021100000125 1.3975901e-14
4920.163150000126 1.3955138e-14
4922.305200000126 1.39321885e-14
4924.447250000127 1.3992837e-14
4926.589300000127 1.4055194e-14
4928.731350000127 1.4186343e-14
4930.873400000128 1.4318899e-14
4933.015450000128 1.4309632e-14
4935.1575000001285 1.4297459e-14
4937.299550000129 1.430566e-14
4939.441600000129 1.431428e-14
4941.58365000013 1.4371581e-14
4943.72570000013 1.4429884e-14
4945.86775000013 1.446935e-14
4948.009800000131 1.4508422e-14
4950.151850000131 1.4566334e-14
4952.2939000001315 1.4624637e-14
4954.435950000132 1.468018e-14
4956.578000000132 1.4735666e-14
4958.720050000133 1.4789942e-14
4960.862100000133 1.4844193e-14
4963.004150000133 1.4842826e-14
4965.146200000134 1.484029e-14
4967.288250000134 1.4836284e-14
4969.430300000135 1.4832248e-14
4971.572350000135 1.4688803e-14
4973.714400000135 1.454242e-14
4975.856450000136 1.4490528e-14
4977.998500000136 1.4440631e-14
4980.1405500001365 1.4330522e-14
4982.282600000137 1.4219139e-14
4984.424650000137 1.4257658e-14
4986.566700000138 1.4299358e-14
4988.708750000138 1.437488e-14
4990.850800000138 1.4451126e-14
4992.992850000139 1.443822e-14
4995.134900000139 1.4423397e-14
4997.27695000014 1.4183251e-14
4999.41900000014 1.3938248e-14
5001.56105000014 1.3879911e-14
5003.703100000141 1.3825606e-14
5005.845150000141 1.3814967e-14
5007.9872000001415 1.3805271e-14
5010.129250000142 1.3933824e-14
5012.271300000142 1.4065371e-14
5014.413350000143 1.40633075e-14
5016.555400000143 1.4058345e-14
5018.697450000143 1.3964603e-14
5020.839500000144 1.386893e-14
5022.981550000144 1.4000296e-14
5025.1236000001445 1.41366114e-14
5027.265650000145 1.4167297e-14
5029.407700000145 1.41956784e-14
5031.549750000146 1.4247997e-14
5033.691800000146 1.4300845e-14
5035.833850000146 1.4375323e-14
5037.975900000147 1.445028e-14
5040.117950000147 1.4553229e-14
5042.260000000148 1.4656797e-14
5044.402050000148 1.4733559e-14
5046.544100000148 1.4809722e-14
5048.686150000149 1.4704946e-14
5050.828200000149 1.4596146e-14
5052.9702500001495 1.4710155e-14
5055.11230000015 1.482913e-14
5057.25435000015 1.4880023e-14
5059.396400000151 1.4929394e-14
5061.538450000151 1.5042207e-14
5063.680500000151 1.515644e-14
5065.822550000152 1.5280532e-14
5067.964600000152 1.5404846e-14
5070.1066500001525 1.543174e-14
5072.248700000153 1.5456445e-14
5074.390750000153 1.560539e-14
5076.532800000154 1.5757157e-14
5078.674850000154 1.5884754e-14
5080.816900000154 1.60118e-14
5082.958950000155 1.6057917e-14
5085.101000000155 1.6102188e-14
5087.243050000156 1.6150404e-14
5089.385100000156 1.6198712e-14
5091.527150000156 1.6219453e-14
5093.669200000157 1.6239563e-14
5095.811250000157 1.6352718e-14
5097.9533000001575 1.6468006e-14
5100.095350000158 1.655901e-14
5102.237400000158 1.6649454e-14
5104.379450000159 1.6807477e-14
5106.521500000159 1.6967054e-14
5108.663550000159 1.7108519e-14
5110.80560000016 1.7249567e-14
5112.94765000016 1.7352756e-14
5115.0897000001605 1.745507e-14
5117.231750000161 1.7555957e-14
5119.373800000161 1.765681e-14
5121.515850000162 1.7629891e-14
5123.657900000162 1.7599981e-14
5125.799950000162 1.7707744e-14
5127.942000000163 1.7818729e-14
5130.084050000163 1.7840396e-14
5132.226100000164 1.7859968e-14
5134.368150000164 1.7858514e-14
5136.510200000164 1.7856568e-14
5138.652250000165 1.7844806e-14
5140.794300000165 1.7832813e-14
5142.9363500001655 1.7898738e-14
5145.078400000166 1.7966504e-14
5147.220450000166 1.781609e-14
5149.362500000167 1.7660523e-14
5151.504550000167 1.7551194e-14
5153.646600000167 1.7442955e-14
5155.788650000168 1.7235479e-14
5157.930700000168 1.7025649e-14
5160.0727500001685 1.7102671e-14
5162.214800000169 1.7186509e-14
5164.356850000169 1.7141316e-14
5166.49890000017 1.7093027e-14
5168.64095000017 1.699172e-14
5170.78300000017 1.6889137e-14
5172.925050000171 1.6747608e-14
5175.067100000171 1.6605139e-14
5177.209150000172 1.6614577e-14
5179.351200000172 1.6627682e-14
5181.493250000172 1.6644982e-14
5183.635300000173 1.6662383e-14
5185.777350000173 1.6564204e-14
5187.9194000001735 1.6463225e-14
5190.061450000174 1.6608942e-14
5192.203500000174 1.676064e-14
5194.345550000175 1.6820841e-14
5196.487600000175 1.6878819e-14
5198.629650000175 1.6848548e-14
5200.771700000176 1.6816128e-14
5202.913750000176 1.6943442e-14
5205.0558000001765 1.7074651e-14
5207.197850000177 1.7253638e-14
5209.339900000177 1.7433802e-14
5211.481950000178 1.738884e-14
5213.624000000178 1.733832e-14
5215.766050000178 1.7242059e-14
5217.908100000179 1.7144665e-14
5220.050150000179 1.7226463e-14
5222.19220000018 1.7312701e-14
5224.33425000018 1.737539e-14
5226.47630000018 1.7437496e-14
5228.618350000181 1.7382329e-14
5230.760400000181 1.732425e-14
5232.9024500001815 1.7287763e-14
5235.044500000182 1.7251811e-14
5237.186550000182 1.7084265e-14
5239.328600000183 1.6913439e-14
5241.470650000183 1.6735392e-14
5243.612700000183 1.6557165e-14
5245.754750000184 1.6466166e-14
5247.896800000184 1.6377368e-14
5250.0388500001845 1.6106658e-14
5252.180900000185 1.583135e-14
5254.322950000185 1.5562423e-14
5256.465000000186 1.5293658e-14
5258.607050000186 1.4988717e-14
5260.749100000186 1.4682857e-14
5262.891150000187 1.4298204e-14
5265.033200000187 1.3911547e-14
5267.175250000188 1.3599574e-14
5269.317300000188 1.32895e-14
5271.459350000188 1.3038609e-14
5273.601400000189 1.2789225e-14
5275.743450000189 1.2645838e-14
5277.8855000001895 1.2505154e-14
5280.02755000019 1.2349777e-14
5282.16960000019 1.21940235e-14
5284.311650000191 1.2061487e-14
5286.453700000191 1.1929544e-14
5288.595750000191 1.1771445e-14
5290.737800000192 1.1612669e-14
5292.879850000192 1.15416404e-14
5295.0219000001925 1.1472886e-14
5297.163950000193 1.1359783e-14
5299.306000000193 1.124553e-14
5301.448050000194 1.1150492e-14
5303.590100000194 1.10559534e-14
5305.732150000194 1.1016136e-14
5307.874200000195 1.0977742e-14
5310.016250000195 1.10500335e-14
5312.158300000196 1.1125209e-14
5314.300350000196 1.1164223e-14
5316.442400000196 1.1202293e-14
5318.584450000197 1.1068589e-14
5320.726500000197 1.0930392e-14
5322.8685500001975 1.0948311e-14
5325.010600000198 1.097032e-14
5327.152650000198 1.1001783e-14
5329.294700000199 1.10334935e-14
5331.436750000199 1.1037001e-14
5333.578800000199 1.1039761e-14
5335.7208500002 1.1072355e-14
5337.8629000002 1.1105743e-14
5340.004950000201 1.1080294e-14
5342.147000000201 1.105328e-14
5344.289050000201 1.1207391e-14
5346.431100000202 1.136632e-14
5348.573150000202 1.145089e-14
5350.7152000002025 1.1533479e-14
5352.857250000203 1.1506707e-14
5354.999300000203 1.1477014e-14
5357.141350000204 1.1564706e-14
5359.283400000204 1.1655537e-14
5361.425450000204 1.1849601e-14
5363.567500000205 1.2046432e-14
5365.709550000205 1.2144541e-14
5367.8516000002055 1.2240003e-14
5369.993650000206 1.2335698e-14
5372.135700000206 1.24313994e-14
5374.277750000207 1.2500175e-14
5376.419800000207 1.2568221e-14
5378.561850000207 1.2637156e-14
5380.703900000208 1.2706114e-14
5382.845950000208 1.2602934e-14
5384.988000000209 1.2495063e-14
5387.130050000209 1.2487632e-14
5389.272100000209 1.2482936e-14
5391.41415000021 1.2466006e-14
5393.55620000021 1.2448741e-14
5395.6982500002105 1.2482678e-14
5397.840300000211 1.2518016e-14
5399.982350000211 1.2592242e-14
5402.124400000212 1.2667533e-14
5404.266450000212 1.2614269e-14
5406.408500000212 1.2557478e-14
5408.550550000213 1.2558167e-14
5410.692600000213 1.2560433e-14
5412.8346500002135 1.2542413e-14
5414.976700000214 1.25238344e-14
5417.118750000214 1.243475e-14
5419.260800000215 1.2343724e-14
5421.402850000215 1.2347417e-14
5423.544900000215 1.2353746e-14
5425.686950000216 1.2303461e-14
5427.829000000216 1.2251601e-14
5429.971050000217 1.2085164e-14
5432.113100000217 1.1915532e-14
5434.255150000217 1.19098e-14
5436.397200000218 1.1908645e-14
5438.539250000218 1.1929229e-14
5440.6813000002185 1.1950421e-14
5442.823350000219 1.1818333e-14
5444.965400000219 1.1681949e-14
5447.10745000022 1.1503692e-14
5449.24950000022 1.13242605e-14
5451.39155000022 1.13097084e-14
5453.533600000221 1.1299786e-14
5455.675650000221 1.11829804e-14
5457.8177000002215 1.10631685e-14
5459.959750000222 1.0862529e-14
5462.101800000222 1.0659613e-14
5464.243850000223 1.0576911e-14
5466.385900000223 1.0497625e-14
5468.527950000223 1.03701575e-14
5470.670000000224 1.0241318e-14
5472.812050000224 1.0158016e-14
5474.954100000225 1.0076013e-14
5477.096150000225 1.0050829e-14
5479.238200000225 1.0027267e-14
5481.380250000226 9.9940105e-15
5483.522300000226 9.960477e-15
5485.6643500002265 9.878206e-15
5487.806400000227 9.794539e-15
5489.948450000227 9.851815e-15
5492.090500000228 9.913131e-15
5494.232550000228 1.0002533e-14
5496.374600000228 1.0092742e-14
5498.516650000229 1.0214581e-14
5500.658700000229 1.033733e-14
5502.8007500002295 1.044631e-14
5504.94280000023 1.0554893e-14
5507.08485000023 1.0616145e-14
5509.226900000231 1.0676021e-14
5511.368950000231 1.07442885e-14
5513.511000000231 1.0812801e-14
5515.653050000232 1.1024188e-14
5517.795100000232 1.1239742e-14
5519.937150000233 1.14297525e-14
5522.079200000233 1.1619018e-14
5524.221250000233 1.167933e-14
5526.363300000234 1.1735874e-14
5528.505350000234 1.18848895e-14
5530.6474000002345 1.203661e-14
5532.789450000235 1.2247482e-14
5534.931500000235 1.24600884e-14
5537.073550000236 1.2616179e-14
5539.215600000236 1.2770609e-14
5541.357650000236 1.2847141e-14
5543.499700000237 1.2921382e-14
5545.641750000237 1.3013032e-14
5547.7838000002375 1.3105199e-14
5549.925850000238 1.3258701e-14
5552.067900000238 1.34140246e-14
5554.209950000239 1.3543896e-14
5556.352000000239 1.367301e-14
5558.494050000239 1.374697e-14
5560.63610000024 1.38192875e-14
5562.77815000024 1.3900368e-14
5564.920200000241 1.3981711e-14
5567.062250000241 1.4069488e-14
5569.204300000241 1.4157459e-14
5571.346350000242 1.4100725e-14
5573.488400000242 1.4039664e-14
5575.6304500002425 1.4163784e-14
5577.772500000243 1.4293452e-14
5579.914550000243 1.4360158e-14
5582.056600000244 1.4424974e-14
5584.198650000244 1.4247387e-14
5586.340700000244 1.40624656e-14
5588.482750000245 1.391012e-14
5590.624800000245 1.3758762e-14
5592.7668500002455 1.36798455e-14
5594.908900000246 1.3603127e-14
5597.050950000246 1.3553111e-14
5599.193000000247 1.3503905e-14
5601.335050000247 1.3465951e-14
5603.477100000247 1.3428339e-14
5605.619150000248 1.3485375e-14
5607.761200000248 1.35452935e-14
5609.903250000249 1.36213105e-14
5612.045300000249 1.3697819e-14
5614.187350000249 1.37867114e-14
5616.32940000025 1.3875983e-14
5618.47145000025 1.3892844e-14
5620.6135000002505 1.390749e-14
5622.755550000251 1.3943092e-14
5624.897600000251 1.3979337e-14
5627.039650000252 1.4015902e-14
5629.181700000252 1.4052475e-14
5631.323750000252 1.4151641e-14
5633.465800000253 1.4252744e-14
5635.607850000253 1.4259805e-14
5637.749900000254 1.426395e-14
5639.891950000254 1.417828e-14
5642.034000000254 1.4089821e-14
5644.176050000255 1.40346905e-14
5646.318100000255 1.3980593e-14
5648.460150000255 1.4057853e-14
5650.602200000256 1.4139196e-14
5652.744250000256 1.4185197e-14
5654.886300000257 1.4230098e-14
5657.028350000257 1.4200807e-14
5659.170400000257 1.4169203e-14
5661.312450000258 1.4233443e-14
5663.454500000258 1.4300677e-14
5665.5965500002585 1.4334804e-14
5667.738600000259 1.4367896e-14
5669.880650000259 1.4352294e-14
5672.02270000026 1.4335169e-14
5674.16475000026 1.440106e-14
5676.30680000026 1.446957e-14
5678.448850000261 1.4354381e-14
5680.590900000261 1.4233377e-14
5682.732950000262 1.4129278e-14
5684.875000000262 1.4025714e-14
5687.017050000262 1.4190572e-14
5689.159100000263 1.4363937e-14
5691.301150000263 1.4295363e-14
5693.4432000002635 1.421911e-14
5695.585250000264 1.4296e-14
5697.727300000264 1.4377757e-14
5699.869350000265 1.4352882e-14
5702.011400000265 1.4324613e-14
5704.153450000265 1.4376441e-14
5706.295500000266 1.443082e-14
5708.437550000266 1.4375874e-14
5710.5796000002665 1.4317442e-14
5712.721650000267 1.4351828e-14
5714.863700000267 1.438918e-14
5717.005750000268 1.4313691e-14
5719.147800000268 1.4234563e-14
5721.289850000268 1.4267437e-14
5723.431900000269 1.4303927e-14
5725.573950000269 1.4400328e-14
5727.71600000027 1.4498661e-14
5729.85805000027 1.4417582e-14
5732.00010000027 1.4330698e-14
5734.142150000271 1.4235234e-14
5736.284200000271 1.4139491e-14
5738.4262500002715 1.4115995e-14
5740.568300000272 1.4094842e-14
5742.710350000272 1.3988366e-14
5744.852400000273 1.38791185e-14
5746.994450000273 1.3858916e-14
5749.136500000273 1.3841607e-14
5751.278550000274 1.38633645e-14
5753.420600000274 1.38863945e-14
5755.5626500002745 1.3735575e-14
5757.704700000275 1.3579091e-14
5759.846750000275 1.35015485e-14
5761.988800000276 1.3426583e-14
5764.130850000276 1.3448672e-14
5766.272900000276 1.3473953e-14
5768.414950000277 1.3409075e-14
5770.557000000277 1.3341229e-14
5772.699050000278 1.3242332e-14
5774.841100000278 1.3142412e-14
5776.983150000278 1.3085994e-14
5779.125200000279 1.3031015e-14
5781.267250000279 1.2969141e-14
5783.4093000002795 1.2907039e-14
5785.55135000028 1.281069e-14
5787.69340000028 1.2713208e-14
5789.835450000281 1.27640225e-14
5791.977500000281 1.2819751e-14
5794.119550000281 1.2850744e-14
5796.261600000282 1.2880917e-14
5798.403650000282 1.2759898e-14
5800.5457000002825 1.26338556e-14
5802.687750000283 1.27274595e-14
5804.829800000283 1.2828374e-14
5806.971850000284 1.2810252e-14
5809.113900000284 1.2788138e-14
5811.255950000284 1.2852417e-14
5813.398000000285 1.2919597e-14
5815.540050000285 1.2881776e-14
5817.682100000286 1.2840425e-14
5819.824150000286 1.2841544e-14
5821.966200000286 1.28440925e-14
5824.108250000287 1.28416946e-14
5826.250300000287 1.283913e-14
5828.3923500002875 1.2869364e-14
5830.534400000288 1.2900705e-14
5832.676450000288 1.2915782e-14
5834.818500000289 1.29303095e-14
5836.960550000289 1.2959765e-14
5839.102600000289 1.2989726e-14
5841.24465000029 1.30382265e-14
5843.38670000029 1.3087355e-14
5845.5287500002905 1.3166936e-14
5847.670800000291 1.32475555e-14
5849.812850000291 1.3238942e-14
5851.954900000292 1.3227279e-14
5854.096950000292 1.3219623e-14
5856.239000000292 1.3212105e-14
5858.381050000293 1.3196177e-14
5860.523100000293 1.3179962e-14
5862.665150000294 1.3097661e-14
5864.807200000294 1.3013091e-14
5866.949250000294 1.2964077e-14
5869.091300000295 1.2916284e-14
5871.233350000295 1.2957034e-14
5873.3754000002955 1.3000828e-14
5875.517450000296 1.30296215e-14
5877.659500000296 1.3057899e-14
5879.801550000297 1.2973858e-14
5881.943600000297 1.2885945e-14
5884.085650000297 1.2836801e-14
5886.227700000298 1.2789005e-14
5888.369750000298 1.2832013e-14
5890.5118000002985 1.2878179e-14
5892.653850000299 1.2807219e-14
5894.795900000299 1.2732178e-14
5896.9379500003 1.2693555e-14
5899.0800000003 1.2656202e-14
5901.2220500003 1.2804542e-14
5903.364100000301 1.29593695e-14
5905.506150000301 1.2956522e-14
5907.648200000302 1.2948167e-14
5909.790250000302 1.2977563e-14
5911.932300000302 1.300828e-14
5914.074350000303 1.3122362e-14
5916.216400000303 1.32393655e-14
5918.3584500003035 1.31937435e-14
5920.500500000304 1.3142416e-14
5922.642550000304 1.31281035e-14
5924.784600000305 1.31150905e-14
5926.926650000305 1.3174738e-14
5929.068700000305 1.3236955e-14
5931.210750000306 1.3192832e-14
5933.352800000306 1.3144942e-14
5935.4948500003065 1.3065354e-14
5937.636900000307 1.2984641e-14
5939.778950000307 1.3036507e-14
5941.921000000308 1.3093085e-14
5944.063050000308 1.3105015e-14
5946.205100000308 1.311536e-14
5948.347150000309 1.3151799e-14
5950.489200000309 1.3189167e-14
5952.63125000031 1.32436735e-14
5954.77330000031 1.329879e-14
5956.91535000031 1.3272346e-14
5959.057400000311 1.3242991e-14
5961.199450000311 1.3224156e-14
5963.3415000003115 1.3205697e-14
5965.483550000312 1.322712e-14
5967.625600000312 1.3249969e-14
5969.767650000313 1.323706e-14
5971.909700000313 1.3222871e-14
5974.051750000313 1.3217775e-14
5976.193800000314 1.3213007e-14
5978.335850000314 1.3274675e-14
5980.477900000315 1.3338744e-14
5982.619950000315 1.3313985e-14
5984.762000000315 1.3286016e-14
5986.904050000316 1.3239022e-14
5989.046100000316 1.319134e-14
5991.188150000316 1.3274091e-14
5993.330200000317 1.33615695e-14
5995.472250000317 1.32688634e-14
5997.614300000318 1.3169619e-14
5999.756350000318 1.3166139e-14
6001.898400000318 1.3166137e-14
6004.040450000319 1.3219219e-14
6006.182500000319 1.3274229e-14
6008.3245500003195 1.322783e-14
6010.46660000032 1.31777405e-14
6012.60865000032 1.3152511e-14
6014.750700000321 1.31281865e-14
6016.892750000321 1.31576395e-14
6019.034800000321 1.3189067e-14
6021.176850000322 1.3096054e-14
6023.318900000322 1.2998463e-14
6025.460950000323 1.2941423e-14
6027.603000000323 1.2885876e-14
6029.745050000323 1.2799188e-14
6031.887100000324 1.2711352e-14
6034.029150000324 1.2654887e-14
6036.1712000003245 1.2599579e-14
6038.313250000325 1.2584426e-14
6040.455300000325 1.2570756e-14
6042.597350000326 1.2557849e-14
6044.739400000326 1.254497e-14
6046.881450000326 1.2502748e-14
6049.023500000327 1.2459441e-14
6051.165550000327 1.2348417e-14
6053.3076000003275 1.2234885e-14
6055.449650000328 1.22276575e-14
6057.591700000328 1.2224373e-14
6059.733750000329 1.2212569e-14
6061.875800000329 1.2200449e-14
6064.017850000329 1.2008301e-14
6066.15990000033 1.1809423e-14
6068.30195000033 1.1739499e-14
6070.444000000331 1.16744035e-14
6072.586050000331 1.1593697e-14
6074.728100000331 1.1512407e-14
6076.870150000332 1.1389627e-14
6079.012200000332 1.1265288e-14
6081.1542500003325 1.12677794e-14
6083.296300000333 1.1275037e-14
6085.438350000333 1.09914e-14
6087.580400000334 1.0696829e-14
6089.722450000334 1.05552714e-14
6091.864500000334 1.0419473e-14
6094.006550000335 1.0297731e-14
6096.148600000335 1.0176518e-14
6098.2906500003355 9.907831e-15
6100.432700000336 9.633578e-15
6102.574750000336 9.351813e-15
6104.716800000337 9.069764e-15
6106.858850000337 8.969395e-15
6109.000900000337 8.875939e-15
6111.142950000338 8.6767954e-15
6113.285000000338 8.473626e-15
6115.427050000339 8.2686535e-15
6117.569100000339 8.063612e-15
6119.711150000339 8.02455e-15
6121.85320000034 7.991826e-15
6123.99525000034 7.7342206e-15
6126.1373000003405 7.468027e-15
6128.279350000341 7.112505e-15
6130.421400000341 6.7535665e-15
6132.563450000342 6.6575307e-15
6134.705500000342 6.5715624e-15
6136.847550000342 6.436873e-15
6138.989600000343 6.300316e-15
6141.131650000343 6.0991675e-15
6143.2737000003435 5.895539e-15
6145.415750000344 5.8373907e-15
6147.557800000344 5.7848645e-15
6149.699850000345 5.6393383e-15
6151.841900000345 5.4902135e-15
6153.983950000345 5.3512336e-15
6156.126000000346 5.212647e-15
6158.268050000346 5.248709e-15
6160.410100000347 5.2915465e-15
6162.552150000347 5.2654948e-15
6164.694200000347 5.2367698e-15
6166.836250000348 5.107787e-15
6168.978300000348 4.97491e-15
6171.1203500003485 4.97393e-15
6173.262400000349 4.978081e-15
6175.404450000349 5.0165022e-15
6177.54650000035 5.056259e-15
6179.68855000035 5.068682e-15
6181.83060000035 5.0800386e-15
6183.972650000351 5.1355256e-15
6186.114700000351 5.1927444e-15
6188.2567500003515 5.2910773e-15
6190.398800000352 5.391026e-15
6192.540850000352 5.4098262e-15
6194.682900000353 5.4254332e-15
6196.824950000353 5.4607697e-15
6198.967000000353 5.4968834e-15
6201.109050000354 5.621962e-15
6203.251100000354 5.75055e-15
6205.393150000355 5.766634e-15
6207.535200000355 5.77828e-15
6209.677250000355 5.9156387e-15
6211.819300000356 6.057963e-15
6213.961350000356 6.2584783e-15
6216.1034000003565 6.461295e-15
6218.245450000357 6.6187705e-15
6220.387500000357 6.774451e-15
6222.529550000358 6.9210342e-15
6224.671600000358 7.067257e-15
6226.813650000358 7.144079e-15
6228.955700000359 7.218132e-15
6231.097750000359 7.280647e-15
6233.2398000003595 7.342702e-15
6235.38185000036 7.401963e-15
6237.52390000036 7.461111e-15
6239.665950000361 7.582352e-15
6241.808000000361 7.70608e-15
6243.950050000361 7.859051e-15
6246.092100000362 8.013194e-15
6248.234150000362 8.1715835e-15
6250.376200000363 8.330143e-15
6252.518250000363 8.471483e-15
6254.660300000363 8.61213e-15
6256.802350000364 8.7493845e-15
6258.944400000364 8.886502e-15
6261.0864500003645 8.883306e-15
6263.228500000365 8.874462e-15
6265.370550000365 8.861657e-15
6267.512600000366 8.848694e-15
6269.654650000366 9.059371e-15
6271.796700000366 9.279062e-15
6273.938750000367 9.29746e-15
6276.080800000367 9.3076825e-15
6278.2228500003675 9.323955e-15
6280.364900000368 9.340473e-15
6282.506950000368 9.362058e-15
6284.649000000369 9.383849e-15
6286.791050000369 9.41065e-15
6288.933100000369 9.4376555e-15
6291.07515000037 9.540794e-15
6293.21720000037 9.647035e-15
6295.359250000371 9.723974e-15
6297.501300000371 9.7997155e-15
6299.643350000371 9.853527e-15
6301.785400000372 9.906442e-15
6303.927450000372 9.986308e-15
6306.0695000003725 1.0067276e-14
6308.211550000373 1.0122272e-14
6310.353600000373 1.01762055e-14
6312.495650000374 1.0214982e-14
6314.637700000374 1.02531365e-14
6316.779750000374 1.03344025e-14
6318.921800000375 1.0417447e-14
6321.063850000375 1.0518135e-14
6323.205900000376 1.0619549e-14
6325.347950000376 1.0689381e-14
6327.490000000376 1.0757909e-14
6329.632050000377 1.08445925e-14
6331.774100000377 1.09320274e-14
6333.9161500003775 1.08313415e-14
6336.058200000378 1.0722863e-14
6338.200250000378 1.06509506e-14
6340.342300000379 1.05805545e-14
6342.484350000379 1.0609535e-14
6344.626400000379 1.0642637e-14
6346.76845000038 1.0705549e-14
6348.91050000038 1.0769698e-14
6351.0525500003805 1.0727346e-14
6353.194600000381 1.0680567e-14
6355.336650000381 1.0706245e-14
6357.478700000382 1.0734938e-14
6359.620750000382 1.0799536e-14
6361.762800000382 1.086563e-14
6363.904850000383 1.0909273e-14
6366.046900000383 1.0951974e-14
6368.188950000384 1.08898435e-14
6370.331000000384 1.0823312e-14
6372.473050000384 1.0774782e-14
6374.615100000385 1.0727008e-14
6376.757150000385 1.0706829e-14
6378.8992000003855 1.0687812e-14
6381.041250000386 1.061436e-14
6383.183300000386 1.0538614e-14
6385.325350000387 1.0560988e-14
6387.467400000387 1.0587496e-14
6389.609450000387 1.0669261e-14
6391.751500000388 1.0753357e-14
6393.893550000388 1.070778e-14
6396.0356000003885 1.06567265e-14
6398.177650000389 1.0595481e-14
6400.319700000389 1.0533804e-14
6402.46175000039 1.0508675e-14
6404.60380000039 1.0485101e-14
6406.74585000039 1.0481384e-14
6408.887900000391 1.04785125e-14
6411.029950000391 1.049359e-14
6413.172000000392 1.0509432e-14
6415.314050000392 1.0499188e-14
6417.456100000392 1.048783e-14
6419.598150000393 1.0466561e-14
6421.740200000393 1.0444868e-14
6423.8822500003935 1.0425384e-14
6426.024300000394 1.04059946e-14
6428.166350000394 1.033585e-14
6430.308400000395 1.0263533e-14
6432.450450000395 1.0286796e-14
6434.592500000395 1.0314154e-14
6436.734550000396 1.02341655e-14
6438.876600000396 1.0149573e-14
6441.0186500003965 1.0127802e-14
6443.160700000397 1.0108741e-14
6445.302750000397 1.0028416e-14
6447.444800000398 9.945445e-15
6449.586850000398 9.793995e-15
6451.728900000398 9.639583e-15
6453.870950000399 9.604363e-15
6456.013000000399 9.574302e-15
6458.1550500004 9.509843e-15
6460.2971000004 9.443892e-15
6462.4391500004 9.43464e-15
6464.581200000401 9.427846e-15
6466.723250000401 9.478385e-15
6468.8653000004015 9.531413e-15
6471.007350000402 9.3918005e-15
6473.149400000402 9.243818e-15
6475.291450000403 9.172074e-15
6477.433500000403 9.1036475e-15
6479.575550000403 9.114421e-15
6481.717600000404 9.1286435e-15
6483.859650000404 9.1499235e-15
6486.0017000004045 9.171513e-15
6488.143750000405 9.0770515e-15
6490.285800000405 8.977501e-15
6492.427850000406 8.977427e-15
6494.569900000406 8.981721e-15
6496.711950000406 9.022581e-15
6498.854000000407 9.065047e-15
6500.996050000407 8.995204e-15
6503.138100000408 8.920423e-15
6505.280150000408 8.952455e-15
6507.422200000408 8.989186e-15
6509.564250000409 8.9620355e-15
6511.706300000409 8.932069e-15
6513.8483500004095 8.859806e-15
6515.99040000041 8.785677e-15
6518.13245000041 8.779629e-15
6520.274500000411 8.776586e-15
6522.416550000411 8.749829e-15
6524.558600000411 8.722025e-15
6526.700650000412 8.6724815e-15
6528.842700000412 8.621971e-15
6530.9847500004125 8.642846e-15
6533.126800000413 8.6668996e-15
6535.268850000413 8.6611524e-15
6537.410900000414 8.654077e-15
6539.552950000414 8.594632e-15
6541.695000000414 8.5328515e-15
6543.837050000415 8.561427e-15
6545.979100000415 8.594034e-15
6548.121150000416 8.5902626e-15
6550.263200000416 8.584866e-15
6552.405250000416 8.4901145e-15
6554.547300000417 8.391366e-15
6556.689350000417 8.39814e-15
6558.8314000004175 8.409639e-15
6560.973450000418 8.376768e-15
6563.115500000418 8.341908e-15
6565.257550000419 8.40658e-15
6567.399600000419 8.475714e-15
6569.541650000419 8.474163e-15
6571.68370000042 8.4694215e-15
6573.82575000042 8.439915e-15
6575.9678000004205 8.409289e-15
6578.109850000421 8.361724e-15
6580.251900000421 8.313392e-15
6582.393950000422 8.202993e-15
6584.536000000422 8.089786e-15
6586.678050000422 8.142332e-15
6588.820100000423 8.202384e-15
6590.962150000423 8.22419e-15
6593.104200000424 8.2442615e-15
6595.246250000424 8.171663e-15
6597.388300000424 8.09486e-15
6599.530350000425 8.142741e-15
6601.672400000425 8.196287e-15
6603.8144500004255 8.147328e-15
6605.956500000426 8.0937115e-15
6608.098550000426 8.068687e-15
6610.240600000427 8.044963e-15
6612.382650000427 8.0968735e-15
6614.524700000427 8.152228e-15
6616.666750000428 8.074385e-15
6618.808800000428 7.9904345e-15
6620.9508500004285 7.93222e-15
6623.092900000429 7.875185e-15
6625.234950000429 7.8389215e-15
6627.37700000043 7.803611e-15
6629.51905000043 7.805215e-15
6631.66110000043 7.808515e-15
6633.803150000431 7.72049e-15
6635.945200000431 7.628264e-15
6638.087250000432 7.5574185e-15
6640.229300000432 7.487557e-15
6642.371350000432 7.490261e-15
6644.513400000433 7.496307e-15
6646.655450000433 7.535303e-15
6648.7975000004335 7.5758195e-15
6650.939550000434 7.441908e-15
6653.081600000434 7.299947e-15
6655.223650000435 7.374077e-15
6657.365700000435 7.458192e-15
6659.507750000435 7.540453e-15
6661.649800000436 7.62263e-15
6663.791850000436 7.5328775e-15
6665.933900000437 7.435128e-15
6668.075950000437 7.433473e-15
6670.218000000437 7.436293e-15
6672.360050000438 7.421717e-15
6674.502100000438 7.406331e-15
6676.6441500004385 7.360217e-15
6678.786200000439 7.31267e-15
6680.928250000439 7.338558e-15
6683.07030000044 7.367873e-15
6685.21235000044 7.326122e-15
6687.35440000044 7.281051e-15
6689.496450000441 7.271607e-15
6691.638500000441 7.263828e-15
6693.7805500004415 7.307256e-15
6695.922600000442 7.353081e-15
6698.064650000442 7.2328635e-15
6700.206700000443 7.1048632e-15
6702.348750000443 7.0896683e-15
6704.490800000443 7.0797894e-15
6706.632850000444 7.127975e-15
6708.774900000444 7.1789e-15
6710.916950000445 7.119787e-15
6713.059000000445 7.055477e-15
6715.201050000445 7.026656e-15
6717.343100000446 6.9995122e-15
6719.485150000446 6.9843487e-15
6721.6272000004465 6.9697526e-15
6723.769250000447 6.946197e-15
6725.911300000447 6.9222175e-15
6728.053350000448 6.9696137e-15
6730.195400000448 7.0203916e-15
6732.337450000448 7.0341555e-15
6734.479500000449 7.046164e-15
6736.621550000449 7.0588016e-15
6738.7636000004495 7.071469e-15
6740.90565000045 7.0241905e-15
6743.04770000045 6.974051e-15
6745.189750000451 6.897856e-15
6747.331800000451 6.820416e-15
6749.473850000451 6.7473755e-15
6751.615900000452 6.674546e-15
6753.757950000452 6.6486373e-15
6755.900000000453 6.6249763e-15
6758.042050000453 6.638745e-15
6760.184100000453 6.6543078e-15
6762.326150000454 6.6238663e-15
6764.468200000454 6.591219e-15
6766.6102500004545 6.5224756e-15
6768.752300000455 6.451999e-15
6770.894350000455 6.4123177e-15
6773.036400000456 6.374116e-15
6775.178450000456 6.4129207e-15
6777.320500000456 6.4554295e-15
6779.462550000457 6.4931657e-15
6781.604600000457 6.530672e-15
6783.7466500004575 6.485255e-15
6785.888700000458 6.4358237e-15
6788.030750000458 6.4352905e-15
6790.172800000459 6.4371264e-15
6792.314850000459 6.420173e-15
6794.456900000459 6.4023083e-15
6796.59895000046 6.390151e-15
6798.74100000046 6.3782703e-15
6800.883050000461 6.3564186e-15
6803.025100000461 6.3340823e-15
6805.167150000461 6.279453e-15
6807.309200000462 6.223254e-15
6809.451250000462 6.2105273e-15
6811.5933000004625 6.1999165e-15
6813.735350000463 6.215941e-15
6815.877400000463 6.233263e-15
6818.019450000464 6.2148167e-15
6820.161500000464 6.194627e-15
6822.303550000464 6.136282e-15
6824.445600000465 6.076076e-15
6826.587650000465 6.093519e-15
6828.7297000004655 6.1147724e-15
6830.871750000466 6.1077754e-15
6833.013800000466 6.099391e-15
6835.155850000467 6.04615e-15
6837.297900000467 5.9907024e-15
6839.439950000467 6.009192e-15
6841.582000000468 6.031317e-15
6843.724050000468 5.9920356e-15
6845.866100000469 5.9497314e-15
6848.008150000469 5.909762e-15
6850.150200000469 5.869908e-15
6852.29225000047 5.8887984e-15
6854.43430000047 5.910586e-15
6856.5763500004705 5.9101686e-15
6858.718400000471 5.9086545e-15
6860.860450000471 5.8380607e-15
6863.002500000472 5.764055e-15
6865.144550000472 5.7751744e-15
6867.286600000472 5.790502e-15
6869.428650000473 5.6696616e-15
6871.570700000473 5.542048e-15
6873.7127500004735 5.511628e-15
6875.854800000474 5.4860473e-15
6877.996850000474 5.4429477e-15
6880.138900000475 5.398975e-15
6882.280950000475 5.3741835e-15
6884.423000000475 5.3503476e-15
6886.565050000476 5.3884086e-15
6888.707100000476 5.429558e-15
6890.849150000477 5.4326758e-15
6892.991200000477 5.433894e-15
6895.133250000477 5.391629e-15
6897.275300000478 5.34719e-15
6899.417350000478 5.3424685e-15
6901.5594000004785 5.3397342e-15
6903.701450000479 5.3716504e-15
6905.843500000479 5.4053005e-15
6907.98555000048 5.357147e-15
6910.12760000048 5.3048954e-15
6912.26965000048 5.2243116e-15
6914.411700000481 5.142307e-15
6916.553750000481 5.196445e-15
6918.6958000004815 5.257453e-15
6920.837850000482 5.29025e-15
6922.979900000482 5.321624e-15
6925.121950000483 5.3077698e-15
6927.264000000483 5.291631e-15
6929.406050000483 5.251473e-15
6931.548100000484 5.210101e-15
6933.690150000484 5.092911e-15
6935.832200000485 4.971883e-15
6937.974250000485 5.00617e-15
6940.116300000485 5.0483265e-15
6942.258350000486 5.028401e-15
6944.400400000486 5.0053303e-15
6946.5424500004865 4.9559817e-15
6948.684500000487 4.9053008e-15
6950.826550000487 4.840736e-15
6952.968600000488 4.7754667e-15
6955.110650000488 4.843291e-15
6957.252700000488 4.91788e-15
6959.394750000489 4.956566e-15
6961.536800000489 4.9934185e-15
6963.67885000049 4.969581e-15
6965.82090000049 4.94264e-15
6967.96295000049 4.9546536e-15
6970.105000000491 4.9686614e-15
6972.247050000491 5.016765e-15
6974.389100000491 5.0666152e-15
6976.531150000492 5.059021e-15
6978.673200000492 5.0484807e-15
6980.815250000493 5.014349e-15
6982.957300000493 4.9790075e-15
6985.099350000493 4.963474e-15
6987.241400000494 4.948958e-15
6989.383450000494 4.8683502e-15
6991.5255000004945 4.7843457e-15
6993.667550000495 4.806255e-15
6995.809600000495 4.8336134e-15
6997.951650000496 4.909754e-15
7000.093700000496 4.9884066e-15
7002.235750000496 4.912734e-15
7004.377800000497 4.829074e-15
7006.519850000497 4.7834593e-15
7008.661900000498 4.7398147e-15
7010.803950000498 4.7009287e-15
7012.946000000498 4.662289e-15
7015.088050000499 4.7139243e-15
7017.230100000499 4.7702456e-15
7019.3721500004995 4.708129e-15
7021.5142000005 4.6398644e-15
7023.6562500005 4.6490953e-15
7025.798300000501 4.6623527e-15
7027.940350000501 4.6969904e-15
7030.082400000501 4.73274e-15
7032.224450000502 4.6690938e-15
7034.366500000502 4.600273e-15
7036.5085500005025 4.675437e-15
7038.650600000503 4.758104e-15
7040.792650000503 4.7332146e-15
7042.934700000504 4.7026926e-15
7045.076750000504 4.6085826e-15
7047.218800000504 4.5111387e-15
7049.360850000505 4.5732266e-15
7051.502900000505 4.6436858e-15
7053.644950000506 4.6137038e-15
7055.787000000506 4.5784456e-15
7057.929050000506 4.5431506e-15
7060.071100000507 4.5078534e-15
7062.213150000507 4.546871e-15
7064.3552000005075 4.5897963e-15
7066.497250000508 4.5540265e-15
7068.639300000508 4.514115e-15
7070.781350000509 4.487364e-15
7072.923400000509 4.461307e-15
7075.065450000509 4.448407e-15
7077.20750000051 4.436201e-15
7079.34955000051 4.4943945e-15
7081.4916000005105 4.556319e-15
7083.633650000511 4.471123e-15
7085.775700000511 4.3781236e-15
7087.917750000512 4.405587e-15
7090.059800000512 4.4394462e-15
7092.201850000512 4.481758e-15
7094.343900000513 4.5245192e-15
7096.485950000513 4.579507e-15
7098.628000000514 4.635145e-15
7100.770050000514 4.630606e-15
7102.912100000514 4.6228653e-15
7105.054150000515 4.5335105e-15
7107.196200000515 4.439809e-15
7109.3382500005155 4.4574173e-15
7111.480300000516 4.4809585e-15
7113.622350000516 4.5306276e-15
7115.764400000517 4.5816914e-15
7117.906450000517 4.551061e-15
7120.048500000517 4.516068e-15
7122.190550000518 4.4949358e-15
7124.332600000518 4.4745434e-15
7126.4746500005185 4.4844258e-15
7128.616700000519 4.495935e-15
7130.758750000519 4.517816e-15
7132.90080000052 4.5402546e-15
7135.04285000052 4.507134e-15
7137.18490000052 4.4710228e-15
7139.326950000521 4.446374e-15
7141.469000000521 4.422342e-15
7143.611050000522 4.4675482e-15
7145.753100000522 4.5164843e-15
7147.895150000522 4.552924e-15
7150.037200000523 4.5886896e-15
7152.179250000523 4.5439993e-15
7154.3213000005235 4.494966e-15
7156.463350000524 4.484429e-15
7158.605400000524 4.475972e-15
7160.747450000525 4.441183e-15
7162.889500000525 4.404971e-15
7165.031550000525 4.372362e-15
7167.173600000526 4.339948e-15
7169.315650000526 4.384835e-15
7171.4577000005265 4.4339265e-15
7173.599750000527 4.419816e-15
7175.741800000527 4.402264e-15
7177.883850000528 4.361305e-15
7180.025900000528 4.3190697e-15
7182.167950000528 4.239674e-15
7184.310000000529 4.158253e-15
7186.452050000529 4.090435e-15
7188.59410000053 4.0233595e-15
7190.73615000053 4.019624e-15
7192.87820000053 4.019347e-15
7195.020250000531 4.06588e-15
7197.162300000531 4.1149716e-15
7199.3043500005315 4.191654e-15
7201.446400000532 4.2698444e-15
7203.588450000532 4.243554e-15
7205.730500000533 4.2115486e-15
7207.872550000533 4.22337e-15
7210.014600000533 4.2375906e-15
7212.156650000534 4.189734e-15
7214.298700000534 4.1384755e-15
7216.4407500005345 4.1679696e-15
7218.582800000535 4.201915e-15
7220.724850000535 4.2759002e-15
7222.866900000536 4.3520926e-15
7225.008950000536 4.339574e-15
7227.151000000536 4.322161e-15
7229.293050000537 4.2507247e-15
7231.435100000537 4.176305e-15
7233.577150000538 4.1762345e-15
7235.719200000538 4.1802736e-15
7237.861250000538 4.1216712e-15
7240.003300000539 4.059603e-15
7242.145350000539 4.0599073e-15
7244.2874000005395 4.0636626e-15
7246.42945000054 4.0532708e-15
7248.57150000054 4.0420954e-15
7250.713550000541 4.03443e-15
7252.855600000541 4.02696e-15
7254.997650000541 4.0224252e-15
7257.139700000542 4.0180537e-15
7259.281750000542 4.055657e-15
7261.4238000005425 4.0955995e-15
7263.565850000543 4.141414e-15
7265.707900000543 4.1875556e-15
7267.849950000544 4.1335373e-15
7269.992000000544 4.0739252e-15
7272.134050000544 4.0552456e-15
7274.276100000545 4.0388543e-15
7276.418150000545 4.0270017e-15
7278.560200000546 4.0154033e-15
7280.702250000546 4.0436303e-15
7282.844300000546 4.074086e-15
7284.986350000547 4.0608127e-15
7287.128400000547 4.0450905e-15
7289.2704500005475 4.0141463e-15
7291.412500000548 3.9823487e-15
7293.554550000548 3.936866e-15
7295.696600000549 3.8906155e-15
7297.838650000549 3.9860714e-15
7299.980700000549 4.0894857e-15
7302.12275000055 4.021541e-15
7304.26480000055 3.9439286e-15
7306.406850000551 4.047077e-15
7308.548900000551 4.160433e-15
7310.690950000551 4.1223535e-15
7312.833000000552 4.0757137e-15
7314.975050000552 4.0958193e-15
7317.117100000552 4.119701e-15
7319.259150000553 4.1097403e-15
7321.401200000553 4.0978645e-15
7323.543250000554 4.0544795e-15
7325.685300000554 4.00931e-15
7327.827350000554 4.1143016e-15
7329.969400000555 4.227804e-15
7332.111450000555 4.2079475e-15
7334.2535000005555 4.180525e-15
7336.395550000556 4.080168e-15
7338.537600000556 3.9756686e-15
7340.679650000557 4.00147e-15
7342.821700000557 4.0347042e-15
7344.963750000557 3.9928972e-15
7347.105800000558 3.9468055e-15
7349.247850000558 3.9260727e-15
7351.389900000559 3.906789e-15
7353.531950000559 4.0267514e-15
7355.674000000559 4.154679e-15
7357.81605000056 4.0963695e-15
7359.95810000056 4.027397e-15
7362.1001500005605 4.000971e-15
7364.242200000561 3.9769815e-15
7366.384250000561 4.021866e-15
7368.526300000562 4.0706976e-15
7370.668350000562 4.1184885e-15
7372.810400000562 4.1662196e-15
7374.952450000563 4.1469187e-15
7377.094500000563 4.1237697e-15
7379.2365500005635 4.069275e-15
7381.378600000564 4.0129723e-15
7383.520650000564 4.033477e-15
7385.662700000565 4.058415e-15
7387.804750000565 4.0710042e-15
7389.946800000565 4.08288e-15
7392.088850000566 4.1254977e-15
7394.230900000566 4.169893e-15
7396.372950000567 4.2025552e-15
7398.515000000567 4.2345388e-15
7400.657050000567 4.1849242e-15
7402.799100000568 4.1305867e-15
7404.941150000568 4.1377047e-15
7407.0832000005685 4.148383e-15
7409.225250000569 4.153586e-15
7411.367300000569 4.158472e-15
7413.50935000057 4.152733e-15
7415.65140000057 4.146378e-15
7417.79345000057 4.2201528e-15
7419.935500000571 4.2985825e-15
7422.077550000571 4.212022e-15
7424.2196000005715 4.1158347e-15
7426.361650000572 4.1801207e-15
7428.503700000572 4.253779e-15
7430.645750000573 4.224592e-15
7432.787800000573 4.189393e-15
7434.929850000573 4.242495e-15
7437.071900000574 4.3007628e-15
7439.213950000574 4.3165316e-15
7441.356000000575 4.329814e-15
7443.498050000575 4.221626e-15
7445.640100000575 4.1063255e-15
7447.782150000576 4.084476e-15
7449.924200000576 4.068104e-15
7452.0662500005765 4.089597e-15
7454.208300000577 4.113311e-15
7456.350350000577 4.1656703e-15
7458.492400000578 4.2197115e-15
7460.634450000578 4.2552547e-15
7462.776500000578 4.289712e-15
7464.918550000579 4.205808e-15
7467.060600000579 4.114948e-15
7469.2026500005795 4.0760488e-15
7471.34470000058 4.0402197e-15
7473.48675000058 4.0775344e-15
7475.628800000581 4.119175e-15
7477.770850000581 4.0903674e-15
7479.912900000581 4.057394e-15
7482.054950000582 4.080857e-15
7484.197000000582 4.1076596e-15
7486.339050000583 4.131606e-15
7488.481100000583 4.1553836e-15
7490.623150000583 4.135109e-15
7492.765200000584 4.1122226e-15
7494.907250000584 4.071512e-15
7497.0493000005845 4.029744e-15
7499.191350000585 4.002636e-15
7501.333400000585 3.9763983e-15
7503.475450000586 3.9822305e-15
7505.617500000586 3.9899673e-15
7507.759550000586 3.9757313e-15
7509.901600000587 3.960189e-15
7512.043650000587 3.9282487e-15
7514.1857000005875 3.8953288e-15
7516.327750000588 3.8697043e-15
7518.469800000588 3.844516e-15
7520.611850000589 3.7435294e-15
7522.753900000589 3.6380086e-15
7524.895950000589 3.6691345e-15
7527.03800000059 3.708442e-15
7529.18005000059 3.7770775e-15
7531.322100000591 3.8474706e-15
7533.464150000591 3.8660176e-15
7535.606200000591 3.8814552e-15
7537.748250000592 3.933282e-15
7539.890300000592 3.9872937e-15
7542.0323500005925 3.979327e-15
7544.174400000593 3.96764e-15
7546.316450000593 3.9312637e-15
7548.458500000594 3.893404e-15
7550.600550000594 3.9314395e-15
7552.742600000594 3.9740385e-15
7554.884650000595 4.004324e-15
7557.026700000595 4.033869e-15
7559.1687500005955 4.015884e-15
7561.310800000596 3.995026e-15
7563.452850000596 4.017209e-15
7565.594900000597 4.0419968e-15
7567.736950000597 3.9676734e-15
7569.879000000597 3.8873484e-15
7572.021050000598 3.9314285e-15
7574.163100000598 3.983048e-15
7576.305150000599 4.0932266e-15
7578.447200000599 4.2069573e-15
7580.589250000599 4.1933188e-15
7582.7313000006 4.1719545e-15
7584.8733500006 4.12721e-15
7587.0154000006005 4.081046e-15
7589.157450000601 4.147787e-15
7591.299500000601 4.221388e-15
7593.441550000602 4.1966866e-15
7595.583600000602 4.1660066e-15
7597.725650000602 4.2639634e-15
7599.867700000603 4.369777e-15
7602.009750000603 4.4854024e-15
7604.1518000006035 4.601627e-15
7606.293850000604 4.5423717e-15
7608.435900000604 4.4723793e-15
7610.577950000605 4.4096353e-15
7612.720000000605 4.347335e-15
7614.862050000605 4.188107e-15
7617.004100000606 4.0229385e-15
7619.146150000606 3.940602e-15
7621.288200000607 3.863342e-15
7623.430250000607 3.8660595e-15
7625.572300000607 3.873683e-15
7627.714350000608 3.9140274e-15
7629.856400000608 3.956381e-15
7631.9984500006085 3.9795154e-15
7634.140500000609 4.0014683e-15
7636.282550000609 3.965546e-15
7638.42460000061 3.9260646e-15
7640.56665000061 4.031327e-15
7642.70870000061 4.1455296e-15
7644.850750000611 4.012771e-15
7646.992800000611 3.8647466e-15
7649.134850000612 3.9259164e-15
7651.276900000612 4.0000284e-15
7653.418950000612 4.022843e-15
7655.561000000613 4.042481e-15
7657.703050000613 3.884331e-15
7659.8451000006135 3.7151725e-15
7661.987150000614 3.7210174e-15
7664.129200000614 3.7377074e-15
7666.271250000615 3.8190153e-15
7668.413300000615 3.904331e-15
7670.555350000615 3.918801e-15
7672.697400000616 3.9288725e-15
7674.839450000616 3.9379362e-15
7676.9815000006165 3.9469376e-15
7679.123550000617 3.977302e-15
7681.265600000617 4.0089997e-15
7683.407650000618 3.9805327e-15
7685.549700000618 3.948308e-15
7687.691750000618 3.83662e-15
7689.833800000619 3.719966e-15
7691.975850000619 3.724514e-15
7694.11790000062 3.736644e-15
7696.25995000062 3.7545582e-15
7698.40200000062 3.7728347e-15
7700.544050000621 3.750649e-15
7702.686100000621 3.7259306e-15
7704.8281500006215 3.7222456e-15
7706.970200000622 3.7198786e-15
7709.112250000622 3.7754046e-15
7711.254300000623 3.8345605e-15
7713.396350000623 3.8146213e-15
7715.538400000623 3.7897177e-15
7717.680450000624 3.797487e-15
7719.822500000624 3.807309e-15
7721.9645500006245 3.807082e-15
7724.106600000625 3.806221e-15
7726.248650000625 3.826966e-15
7728.390700000626 3.849075e-15
7730.532750000626 3.849785e-15
7732.674800000626 3.849144e-15
7734.816850000627 3.8656475e-15
7736.958900000627 3.8832357e-15
7739.100950000628 3.895975e-15
7741.243000000628 3.9084074e-15
7743.385050000628 3.9028165e-15
7745.527100000629 3.8960847e-15
7747.669150000629 3.9599337e-15
7749.8112000006295 4.0282532e-15
7751.95325000063 4.1065157e-15
7754.09530000063 4.1854083e-15
7756.237350000631 4.2009133e-15
7758.379400000631 4.212396e-15
7760.521450000631 4.1995546e-15
7762.663500000632 4.18517e-15
7764.805550000632 4.167815e-15
7766.9476000006325 4.1502717e-15
7769.089650000633 4.2290314e-15
7771.231700000633 4.313937e-15
7773.373750000634 4.2968148e-15
7775.515800000634 4.2731753e-15
