3403.462 1.8822105e-15
3405.8057 1.534161e-15
3408.1494 1.1861116e-15
3410.4930999999997 1.1759149e-15
3412.8367999999996 1.1658336e-15
3415.1804999999995 1.2682232e-15
3417.5241999999994 1.370704e-15
3419.8678999999993 1.3083592e-15
3422.211599999999 1.2458244e-15
3424.555299999999 1.2404794e-15
3426.898999999999 1.2352273e-15
3429.242699999999 1.5598772e-15
3431.586399999999 1.885176e-15
3433.9300999999987 1.8774553e-15
3436.2737999999986 1.8689657e-15
3438.6174999999985 1.8602796e-15
3440.9611999999984 1.851593e-15
3443.3048999999983 1.950013e-15
3445.648599999998 2.0487722e-15
3447.992299999998 2.0192226e-15
3450.335999999998 1.9892224e-15
3452.679699999998 1.7920435e-15
3455.0233999999978 1.5942199e-15
3457.3670999999977 1.4961019e-15
3459.7107999999976 1.3984155e-15
3462.0544999999975 1.4755728e-15
3464.3981999999974 1.5535472e-15
3466.7418999999973 1.6142752e-15
3469.085599999997 1.6749159e-15
3471.429299999997 1.7189778e-15
3473.772999999997 1.7629501e-15
3476.116699999997 1.8311461e-15
3478.4603999999968 1.8994847e-15
3480.8040999999967 1.7509064e-15
3483.1477999999966 1.6009776e-15
3485.4914999999964 1.6150588e-15
3487.8351999999963 1.6302176e-15
3490.1788999999962 1.8007112e-15
3492.522599999996 1.972299e-15
3494.866299999996 1.8854407e-15
3497.209999999996 1.7966714e-15
3499.553699999996 1.7352382e-15
3501.8973999999957 1.6740176e-15
3504.2410999999956 1.717707e-15
3506.5847999999955 1.7622493e-15
3508.9284999999954 1.979395e-15
3511.2721999999953 2.1980266e-15
3513.6158999999952 2.015127e-15
3515.959599999995 1.8286321e-15
3518.303299999995 1.8352112e-15
3520.646999999995 1.8435863e-15
3522.990699999995 1.989405e-15
3525.3343999999947 2.1365678e-15
3527.6780999999946 2.240934e-15
3530.0217999999945 2.3448652e-15
3532.3654999999944 2.3600682e-15
3534.7091999999943 2.3743377e-15
3537.052899999994 2.3266532e-15
3539.396599999994 2.2782872e-15
3541.740299999994 2.4249065e-15
3544.083999999994 2.5737388e-15
3546.427699999994 2.552582e-15
3548.7713999999937 2.5294369e-15
3551.1150999999936 2.406413e-15
3553.4587999999935 2.2821725e-15
3555.8024999999934 2.3326197e-15
3558.1461999999933 2.3852556e-15
3560.489899999993 2.5098651e-15
3562.833599999993 2.6354047e-15
3565.177299999993 2.5072033e-15
3567.520999999993 2.3756341e-15
3569.864699999993 2.5381078e-15
3572.2083999999927 2.7046258e-15
3574.5520999999926 2.6764168e-15
3576.8957999999925 2.6454611e-15
3579.2394999999924 2.7048365e-15
3581.5831999999923 2.7655177e-15
3583.926899999992 2.6474057e-15
3586.270599999992 2.5266224e-15
3588.614299999992 2.6299867e-15
3590.957999999992 2.7367882e-15
3593.301699999992 2.7329044e-15
3595.6453999999917 2.7272843e-15
3597.9890999999916 2.6305474e-15
3600.3327999999915 2.5323492e-15
3602.6764999999914 2.5529105e-15
3605.0201999999913 2.5754342e-15
3607.363899999991 2.6453957e-15
3609.707599999991 2.7161579e-15
3612.051299999991 2.7360234e-15
3614.394999999991 2.7550096e-15
3616.738699999991 2.7295302e-15
3619.0823999999907 2.7032671e-15
3621.4260999999906 2.7351187e-15
3623.7697999999905 2.7680232e-15
3626.1134999999904 2.785355e-15
3628.4571999999903 2.8023992e-15
3630.80089999999 2.766223e-15
3633.14459999999 2.729045e-15
3635.48829999999 2.6733573e-15
3637.83199999999 2.617312e-15
3640.17569999999 2.5766607e-15
3642.5193999999897 2.536312e-15
3644.8630999999896 2.610235e-15
3647.2067999999895 2.6864508e-15
3649.5504999999894 2.7404739e-15
3651.8941999999893 2.794041e-15
3654.237899999989 2.8555005e-15
3656.581599999989 2.9171251e-15
3658.925299999989 2.971746e-15
3661.268999999989 3.0262181e-15
3663.6126999999888 3.0933764e-15
3665.9563999999887 3.1608106e-15
3668.3000999999886 3.2590183e-15
3670.6437999999885 3.3579065e-15
3672.9874999999884 3.53828e-15
3675.3311999999883 3.720488e-15
3677.674899999988 3.9269303e-15
3680.018599999988 4.1339265e-15
3682.362299999988 4.1101007e-15
3684.705999999988 4.0808828e-15
3687.0496999999878 4.1716394e-15
3689.3933999999877 4.265241e-15
3691.7370999999875 4.3514785e-15
3694.0807999999874 4.4375383e-15
3696.4244999999873 4.4465765e-15
3698.7681999999872 4.453722e-15
3701.111899999987 4.5205784e-15
3703.455599999987 4.588923e-15
3705.799299999987 4.709105e-15
3708.142999999987 4.8306e-15
3710.4866999999867 4.7664886e-15
3712.8303999999866 4.6976096e-15
3715.1740999999865 4.6456102e-15
3717.5177999999864 4.594053e-15
3719.8614999999863 4.5484983e-15
3722.2051999999862 4.5031024e-15
3724.548899999986 4.412094e-15
3726.892599999986 4.3198583e-15
3729.236299999986 4.035749e-15
3731.579999999986 3.7464e-15
3733.9236999999857 3.7724294e-15
3736.2673999999856 3.8072268e-15
3738.6110999999855 3.8038683e-15
3740.9547999999854 3.799435e-15
3743.2984999999853 3.783346e-15
3745.642199999985 3.766925e-15
3747.985899999985 3.7807735e-15
3750.329599999985 3.7955013e-15
3752.673299999985 3.863817e-15
3755.016999999985 3.933708e-15
3757.3606999999847 3.8223755e-15
3759.7043999999846 3.705644e-15
3762.0480999999845 3.70424e-15
3764.3917999999844 3.7063125e-15
3766.7354999999843 3.7440152e-15
3769.079199999984 3.78281e-15
3771.422899999984 3.730065e-15
3773.766599999984 3.6744806e-15
3776.110299999984 3.574367e-15
3778.453999999984 3.4728495e-15
3780.7976999999837 3.4387028e-15
3783.1413999999836 3.4067036e-15
3785.4850999999835 3.2542684e-15
3787.8287999999834 3.0979506e-15
3790.1724999999833 2.9972386e-15
3792.516199999983 2.898347e-15
3794.859899999983 2.8169525e-15
3797.203599999983 2.736138e-15
3799.547299999983 2.660481e-15
3801.890999999983 2.584997e-15
3804.2346999999827 2.591034e-15
3806.5783999999826 2.5998327e-15
3808.9220999999825 2.5369475e-15
3811.2657999999824 2.4715977e-15
3813.6094999999823 2.447257e-15
3815.953199999982 2.4243413e-15
3818.296899999982 2.3729774e-15
3820.640599999982 2.3206136e-15
3822.984299999982 2.3287604e-15
3825.327999999982 2.3390567e-15
3827.6716999999817 2.3355684e-15
3830.0153999999816 2.3315833e-15
3832.3590999999815 2.3109132e-15
3834.7027999999814 2.2896357e-15
3837.0464999999813 2.4325528e-15
3839.390199999981 2.5815055e-15
3841.733899999981 2.6168382e-15
3844.077599999981 2.6479366e-15
3846.421299999981 2.6347595e-15
3848.764999999981 2.619916e-15
3851.1086999999807 2.8018353e-15
3853.4523999999806 2.9912405e-15
3855.7960999999805 3.1272367e-15
3858.1397999999804 3.2611812e-15
3860.4834999999803 3.3941328e-15
3862.82719999998 3.5270456e-15
3865.17089999998 3.69521e-15
3867.51459999998 3.8647593e-15
3869.85829999998 3.9549883e-15
3872.2019999999798 4.042072e-15
3874.5456999999797 4.1578882e-15
3876.8893999999796 4.2748563e-15
3879.2330999999795 4.3838105e-15
3881.5767999999794 4.4924396e-15
3883.9204999999793 4.658952e-15
3886.264199999979 4.8278345e-15
3888.607899999979 4.994434e-15
3890.951599999979 5.1609387e-15
3893.295299999979 5.266481e-15
3895.6389999999788 5.369473e-15
3897.9826999999786 5.390835e-15
3900.3263999999785 5.4087513e-15
3902.6700999999784 5.5109844e-15
3905.0137999999783 5.6168186e-15
3907.3574999999782 5.684603e-15
3909.701199999978 5.750748e-15
3912.044899999978 5.821651e-15
3914.388599999978 5.8927608e-15
3916.732299999978 5.992989e-15
3919.0759999999777 6.094495e-15
3921.4196999999776 6.116362e-15
3923.7633999999775 6.1346946e-15
3926.1070999999774 6.117511e-15
3928.4507999999773 6.098737e-15
3930.7944999999772 6.084134e-15
3933.138199999977 6.0697187e-15
3935.481899999977 6.2428717e-15
3937.825599999977 6.424568e-15
3940.169299999977 6.4161966e-15
3942.5129999999767 6.399071e-15
3944.8566999999766 6.419584e-15
3947.2003999999765 6.441845e-15
3949.5440999999764 6.5497814e-15
3951.8877999999763 6.661728e-15
3954.231499999976 6.7559826e-15
3956.575199999976 6.8494e-15
3958.918899999976 6.935077e-15
3961.262599999976 7.0203852e-15
3963.606299999976 7.1036397e-15
3965.9499999999757 7.186795e-15
3968.2936999999756 7.2799255e-15
3970.6373999999755 7.3735395e-15
3972.9810999999754 7.510384e-15
3975.3247999999753 7.649346e-15
3977.668499999975 7.663969e-15
3980.012199999975 7.6724515e-15
3982.355899999975 7.578496e-15
3984.699599999975 7.479443e-15
3987.043299999975 7.525396e-15
3989.3869999999747 7.578638e-15
3991.7306999999746 7.557949e-15
3994.0743999999745 7.533514e-15
3996.4180999999744 7.319422e-15
3998.7617999999743 7.0956416e-15
4001.105499999974 6.9337694e-15
4003.449199999974 6.775083e-15
4005.792899999974 6.756877e-15
4008.136599999974 6.7459733e-15
4010.480299999974 6.662868e-15
4012.8239999999737 6.575982e-15
4015.1676999999736 6.4387997e-15
4017.5113999999735 6.2989584e-15
4019.8550999999734 6.199636e-15
4022.1987999999733 6.1024717e-15
4024.542499999973 6.0338193e-15
4026.886199999973 5.9666974e-15
4029.229899999973 5.813183e-15
4031.573599999973 5.6549978e-15
4033.917299999973 5.5516615e-15
4036.2609999999727 5.451318e-15
4038.6046999999726 5.400892e-15
4040.9483999999725 5.3532097e-15
4043.2920999999724 5.2928607e-15
4045.6357999999723 5.231811e-15
4047.979499999972 5.1914014e-15
4050.323199999972 5.1521444e-15
4052.666899999972 5.1431256e-15
4055.010599999972 5.135807e-15
4057.3542999999718 5.1588944e-15
4059.6979999999717 5.1837053e-15
4062.0416999999716 5.200088e-15
4064.3853999999715 5.2159903e-15
4066.7290999999714 5.2669004e-15
4069.0727999999713 5.3198264e-15
4071.416499999971 5.312127e-15
4073.760199999971 5.300914e-15
4076.103899999971 5.3245004e-15
4078.447599999971 5.350117e-15
4080.7912999999708 5.36536e-15
4083.1349999999707 5.3799933e-15
4085.4786999999706 5.3358485e-15
4087.8223999999705 5.2882185e-15
4090.1660999999704 5.2192387e-15
4092.5097999999703 5.1489845e-15
4094.85349999997 5.0703087e-15
4097.1971999999705 4.9911272e-15
4099.540899999971 4.9139037e-15
4101.884599999971 4.8367987e-15
4104.228299999972 4.75882e-15
4106.571999999972 4.6807883e-15
4108.915699999972 4.6811877e-15
4111.259399999973 4.686412e-15
4113.603099999973 4.6605307e-15
4115.946799999973 4.6327277e-15
4118.290499999974 4.624298e-15
4120.634199999974 4.6170762e-15
4122.977899999974 4.6066247e-15
4125.321599999975 4.5959707e-15
4127.665299999975 4.5841648e-15
4130.0089999999755 4.572286e-15
4132.352699999976 4.536751e-15
4134.696399999976 4.4997105e-15
4137.0400999999765 4.4706704e-15
4139.383799999977 4.4421436e-15
4141.727499999977 4.429959e-15
4144.071199999978 4.418827e-15
4146.414899999978 4.432825e-15
4148.758599999978 4.4484553e-15
4151.102299999979 4.4613213e-15
4153.445999999979 4.4740064e-15
4155.789699999979 4.459524e-15
4158.13339999998 4.4432553e-15
4160.47709999998 4.3927675e-15
4162.82079999998 4.3400117e-15
4165.164499999981 4.338164e-15
4167.508199999981 4.3397055e-15
4169.8518999999815 4.45268e-15
4172.195599999982 4.573133e-15
4174.539299999982 4.633807e-15
4176.8829999999825 4.6904403e-15
4179.226699999983 4.6988352e-15
4181.570399999983 4.7039555e-15
4183.914099999984 4.7650863e-15
4186.257799999984 4.83005e-15
4188.601499999984 4.802525e-15
4190.945199999985 4.768622e-15
4193.288899999985 4.8465167e-15
4195.632599999985 4.932154e-15
4197.976299999986 5.0261516e-15
4200.319999999986 5.1207326e-15
4202.663699999986 5.1397104e-15
4205.007399999987 5.1533743e-15
4207.351099999987 5.181952e-15
4209.6947999999875 5.2115815e-15
4212.038499999988 5.2369637e-15
4214.382199999988 5.262043e-15
4216.7258999999885 5.286318e-15
4219.069599999989 5.3105345e-15
4221.413299999989 5.272221e-15
4223.75699999999 5.229409e-15
4226.10069999999 5.1892084e-15
4228.44439999999 5.1491967e-15
4230.788099999991 5.0800005e-15
4233.131799999991 5.008681e-15
4235.475499999991 5.0266815e-15
4237.819199999992 5.0512263e-15
4240.162899999992 5.0936013e-15
4242.506599999992 5.1372925e-15
4244.850299999993 5.1231115e-15
4247.193999999993 5.104642e-15
4249.5376999999935 5.0601587e-15
4251.881399999994 5.013735e-15
4254.225099999994 5.0249747e-15
4256.568799999995 5.0405474e-15
4258.912499999995 5.0152736e-15
4261.256199999995 4.9869183e-15
4263.599899999996 5.005239e-15
4265.943599999996 5.027106e-15
4268.287299999996 5.0511975e-15
4270.630999999997 5.0754595e-15
4272.974699999997 5.0547805e-15
4275.318399999997 5.0306506e-15
4277.662099999998 5.0482698e-15
4280.005799999998 5.0691165e-15
4282.349499999998 5.031317e-15
4284.693199999999 4.988951e-15
4287.036899999999 5.000154e-15
4289.3805999999995 5.0155447e-15
4291.7243 5.0682958e-15
4294.068 5.123987e-15
4296.411700000001 5.1516785e-15
4298.755400000001 5.1771526e-15
4301.099100000001 5.2211293e-15
4303.442800000002 5.266577e-15
4305.786500000002 5.2872436e-15
4308.130200000002 5.3059266e-15
4310.473900000003 5.3618558e-15
4312.817600000003 5.4207775e-15
4315.161300000003 5.486185e-15
4317.505000000004 5.5521176e-15
4319.848700000004 5.6650084e-15
4322.192400000004 5.7817215e-15
4324.536100000005 5.7687026e-15
4326.879800000005 5.745086e-15
4329.2235000000055 5.769721e-15
4331.567200000006 5.7983242e-15
4333.910900000006 5.821745e-15
4336.254600000007 5.844737e-15
4338.598300000007 5.7716503e-15
4340.942000000007 5.69058e-15
4343.285700000008 5.6580314e-15
4345.629400000008 5.6295385e-15
4347.973100000008 5.599376e-15
4350.316800000009 5.5690735e-15
4352.660500000009 5.4520665e-15
4355.004200000009 5.327738e-15
4357.34790000001 5.258898e-15
4359.69160000001 5.194774e-15
4362.0353000000105 5.1139627e-15
4364.379000000011 5.031724e-15
4366.722700000011 4.9586384e-15
4369.0664000000115 4.8863387e-15
4371.410100000012 4.7810614e-15
4373.753800000012 4.6729364e-15
4376.097500000013 4.5426623e-15
4378.441200000013 4.410463e-15
4380.784900000013 4.380005e-15
4383.128600000014 4.35842e-15
4385.472300000014 4.3263106e-15
4387.816000000014 4.293278e-15
4390.159700000015 4.2044983e-15
4392.503400000015 4.1108093e-15
4394.847100000015 4.0101475e-15
4397.190800000016 3.9088677e-15
4399.534500000016 3.853375e-15
4401.8782000000165 3.8019633e-15
4404.221900000017 3.7555967e-15
4406.565600000017 3.7096807e-15
4408.9093000000175 3.6560805e-15
4411.253000000018 3.6017882e-15
4413.596700000018 3.532919e-15
4415.940400000019 3.4627296e-15
4418.284100000019 3.4291934e-15
4420.627800000019 3.3989857e-15
4422.97150000002 3.3296929e-15
4425.31520000002 3.2568292e-15
4427.65890000002 3.1981143e-15
4430.002600000021 3.1407e-15
4432.346300000021 3.1437062e-15
4434.690000000021 3.152285e-15
4437.033700000022 3.1154397e-15
4439.377400000022 3.0743796e-15
4441.7211000000225 3.1045223e-15
4444.064800000023 3.1413079e-15
4446.408500000023 3.1299341e-15
4448.752200000024 3.1140525e-15
4451.095900000024 3.1251158e-15
4453.439600000024 3.1387164e-15
4455.783300000025 3.1575368e-15
4458.127000000025 3.1768502e-15
4460.470700000025 3.161124e-15
4462.814400000026 3.1420679e-15
4465.158100000026 3.197071e-15
4467.501800000026 3.2591505e-15
4469.845500000027 3.2575606e-15
4472.189200000027 3.249868e-15
4474.532900000027 3.2628239e-15
4476.876600000028 3.2777706e-15
4479.220300000028 3.3109745e-15
4481.5640000000285 3.3459491e-15
4483.907700000029 3.3560354e-15
4486.251400000029 3.3637e-15
4488.59510000003 3.3757645e-15
4490.93880000003 3.3882595e-15
4493.28250000003 3.4078918e-15
4495.626200000031 3.4282263e-15
4497.969900000031 3.5267218e-15
4500.313600000031 3.6329302e-15
4502.657300000032 3.705202e-15
4505.001000000032 3.7741056e-15
4507.344700000032 3.7852797e-15
4509.688400000033 3.7906914e-15
4512.032100000033 3.856303e-15
4514.375800000033 3.9279417e-15
4516.719500000034 3.9461304e-15
4519.063200000034 3.9589405e-15
4521.4069000000345 4.0243272e-15
4523.750600000035 4.095035e-15
4526.094300000035 4.2044903e-15
4528.438000000036 4.3178796e-15
4530.781700000036 4.4077447e-15
4533.125400000036 4.495209e-15
4535.469100000037 4.6223134e-15
4537.812800000037 4.7534773e-15
4540.156500000037 4.9062096e-15
4542.500200000038 5.061162e-15
4544.843900000038 5.2192082e-15
4547.187600000038 5.377575e-15
4549.531300000039 5.528375e-15
4551.875000000039 5.6783886e-15
4554.2187000000395 5.838082e-15
4556.56240000004 5.9987856e-15
4558.90610000004 6.2459803e-15
4561.2498000000405 6.5022522e-15
4563.593500000041 6.7238174e-15
4565.937200000041 6.9417315e-15
4568.280900000042 7.176793e-15
4570.624600000042 7.413669e-15
4572.968300000042 7.625086e-15
4575.312000000043 7.833795e-15
4577.655700000043 8.068619e-15
4579.999400000043 8.306228e-15
4582.343100000044 8.5044674e-15
4584.686800000044 8.698486e-15
4587.030500000044 8.821059e-15
4589.374200000045 8.9359325e-15
4591.717900000045 9.113255e-15
4594.0616000000455 9.297325e-15
4596.405300000046 9.422875e-15
4598.749000000046 9.542066e-15
4601.0927000000465 9.5946e-15
4603.436400000047 9.639853e-15
4605.780100000047 9.692908e-15
4608.123800000048 9.746818e-15
4610.467500000048 9.76012e-15
4612.811200000048 9.768952e-15
4615.154900000049 9.8987785e-15
4617.498600000049 1.0041994e-14
4619.842300000049 1.0146291e-14
4622.18600000005 1.02462696e-14
4624.52970000005 1.03829045e-14
4626.87340000005 1.0523628e-14
4629.217100000051 1.0658464e-14
4631.560800000051 1.0792641e-14
4633.9045000000515 1.0833981e-14
4636.248200000052 1.08648815e-14
4638.591900000052 1.106348e-14
4640.935600000053 1.1281025e-14
4643.279300000053 1.1429367e-14
4645.623000000053 1.1569869e-14
4647.966700000054 1.1568867e-14
4650.310400000054 1.15517515e-14
4652.654100000054 1.1567295e-14
4654.997800000055 1.1586578e-14
4657.341500000055 1.1473197e-14
4659.685200000055 1.1344589e-14
4662.028900000056 1.11602825e-14
4664.372600000056 1.0969554e-14
4666.716300000056 1.0729192e-14
4669.060000000057 1.0483078e-14
4671.403700000057 1.01892075e-14
4673.7474000000575 9.889787e-15
4676.091100000058 9.577199e-15
4678.434800000058 9.263072e-15
4680.778500000059 8.958619e-15
4683.122200000059 8.6553e-15
4685.465900000059 8.377271e-15
4687.80960000006 8.1022174e-15
4690.15330000006 7.827878e-15
4692.49700000006 7.553623e-15
4694.840700000061 7.305464e-15
4697.184400000061 7.0603987e-15
4699.528100000061 6.8279707e-15
4701.871800000062 6.5970483e-15
4704.215500000062 6.436999e-15
4706.559200000062 6.2854342e-15
4708.902900000063 6.1259362e-15
4711.246600000063 5.9654866e-15
4713.5903000000635 5.795524e-15
4715.934000000064 5.624414e-15
4718.277700000064 5.5288627e-15
4720.621400000065 5.4424666e-15
4722.965100000065 5.393219e-15
4725.308800000065 5.348484e-15
4727.652500000066 5.268026e-15
4729.996200000066 5.1832068e-15
4732.339900000066 5.117911e-15
4734.683600000067 5.0550096e-15
4737.027300000067 5.0178062e-15
4739.371000000067 4.9837627e-15
4741.714700000068 4.858255e-15
4744.058400000068 4.721448e-15
4746.4021000000685 4.633706e-15
4748.745800000069 4.552054e-15
4751.089500000069 4.511293e-15
4753.4332000000695 4.4756204e-15
4755.77690000007 4.4057894e-15
4758.12060000007 4.3316884e-15
4760.464300000071 4.286848e-15
4762.808000000071 4.2456823e-15
4765.151700000071 4.218725e-15
4767.495400000072 4.193557e-15
4769.839100000072 4.1308154e-15
4772.182800000072 4.0633204e-15
4774.526500000073 4.0160805e-15
4776.870200000073 3.9714093e-15
4779.213900000073 3.9675832e-15
4781.557600000074 3.9689613e-15
4783.901300000074 3.950606e-15
4786.2450000000745 3.9297255e-15
4788.588700000075 3.93215e-15
4790.932400000075 3.9375644e-15
4793.2761000000755 4.0129283e-15
4795.619800000076 4.0973084e-15
4797.963500000076 4.2113686e-15
4800.307200000077 4.329272e-15
4802.650900000077 4.427057e-15
4804.994600000077 4.5222306e-15
4807.338300000078 4.6090226e-15
4809.682000000078 4.6947216e-15
4812.025700000078 4.7931125e-15
4814.369400000079 4.8931653e-15
4816.713100000079 5.007506e-15
4819.056800000079 5.123722e-15
4821.40050000008 5.26819e-15
4823.74420000008 5.4163835e-15
4826.0879000000805 5.526765e-15
4828.431600000081 5.6321465e-15
4830.775300000081 5.667996e-15
4833.1190000000815 5.6946135e-15
4835.462700000082 5.7105814e-15
4837.806400000082 5.7251283e-15
4840.150100000083 5.6565656e-15
4842.493800000083 5.576868e-15
4844.837500000083 5.4575993e-15
4847.181200000084 5.333016e-15
4849.524900000084 5.2801777e-15
4851.868600000084 5.237018e-15
4854.212300000085 5.1213196e-15
4856.556000000085 4.9957957e-15
4858.899700000085 4.89831e-15
4861.243400000086 4.804631e-15
4863.587100000086 4.832731e-15
4865.9308000000865 4.877441e-15
4868.274500000087 4.8653373e-15
4870.618200000087 4.845466e-15
4872.961900000088 4.8363993e-15
4875.305600000088 4.8288167e-15
4877.649300000088 4.8408564e-15
4879.993000000089 4.855602e-15
4882.336700000089 4.8257225e-15
4884.680400000089 4.7896753e-15
4887.02410000009 4.870129e-15
4889.36780000009 4.966756e-15
4891.71150000009 5.096392e-15
4894.055200000091 5.2306305e-15
4896.398900000091 5.3058123e-15
4898.742600000091 5.3727397e-15
4901.086300000092 5.456941e-15
4903.430000000092 5.5435664e-15
4905.7737000000925 5.671606e-15
4908.117400000093 5.805482e-15
4910.461100000093 5.9461624e-15
4912.804800000094 6.087804e-15
4915.148500000094 6.151431e-15
4917.492200000094 6.2039903e-15
4919.835900000095 6.2996517e-15
4922.179600000095 6.4014426e-15
4924.523300000095 6.5502832e-15
4926.867000000096 6.705844e-15
4929.210700000096 6.8023166e-15
4931.554400000096 6.890317e-15
4933.898100000097 7.010848e-15
4936.241800000097 7.1360535e-15
4938.585500000097 7.23283e-15
4940.929200000098 7.325502e-15
4943.272900000098 7.508957e-15
4945.6166000000985 7.705572e-15
4947.960300000099 7.843395e-15
4950.304000000099 7.972676e-15
4952.6477000001 7.97607e-15
4954.9914000001 7.961105e-15
4957.3351000001 7.959824e-15
4959.678800000101 7.960549e-15
4962.022500000101 7.929239e-15
4964.366200000101 7.893227e-15
4966.709900000102 7.901405e-15
4969.053600000102 7.916098e-15
4971.397300000102 7.878595e-15
4973.741000000103 7.833365e-15
4976.084700000103 7.663529e-15
4978.4284000001035 7.4752114e-15
4980.772100000104 7.376063e-15
4983.115800000104 7.290193e-15
4985.4595000001045 7.124422e-15
4987.803200000105 6.9467023e-15
4990.146900000105 6.7255737e-15
4992.490600000106 6.4979387e-15
4994.834300000106 6.3404838e-15
4997.178000000106 6.1935917e-15
4999.521700000107 6.0755306e-15
5001.865400000107 5.9618253e-15
5004.209100000107 5.821043e-15
5006.552800000108 5.676161e-15
5008.896500000108 5.556952e-15
5011.240200000108 5.4416467e-15
5013.583900000109 5.3939096e-15
5015.927600000109 5.3564686e-15
5018.2713000001095 5.2745034e-15
5020.61500000011 5.1857263e-15
5022.95870000011 5.080158e-15
5025.3024000001105 4.972011e-15
5027.646100000111 4.9470913e-15
5029.989800000111 4.934981e-15
5032.333500000112 4.9015874e-15
5034.677200000112 4.8649054e-15
5037.020900000112 4.7802173e-15
5039.364600000113 4.6880805e-15
5041.708300000113 4.6756765e-15
5044.052000000113 4.6756714e-15
5046.395700000114 4.6874066e-15
5048.739400000114 4.700975e-15
5051.083100000114 4.6670075e-15
5053.426800000115 4.625592e-15
5055.770500000115 4.604318e-15
5058.1142000001155 4.5862074e-15
5060.457900000116 4.562965e-15
5062.801600000116 4.5389124e-15
5065.145300000117 4.50192e-15
5067.489000000117 4.4628828e-15
5069.832700000117 4.4369974e-15
5072.176400000118 4.4131988e-15
5074.520100000118 4.3773557e-15
5076.863800000118 4.339595e-15
5079.207500000119 4.299913e-15
5081.551200000119 4.2599244e-15
5083.894900000119 4.2207097e-15
5086.23860000012 4.1816187e-15
5088.58230000012 4.155418e-15
5090.92600000012 4.1312897e-15
5093.269700000121 4.1174488e-15
5095.613400000121 4.1052663e-15
5097.9571000001215 4.0858333e-15
5100.300800000122 4.065228e-15
5102.644500000122 4.0518507e-15
5104.988200000123 4.039647e-15
5107.331900000123 4.0337013e-15
5109.675600000123 4.0287737e-15
5112.019300000124 4.0273986e-15
5114.363000000124 4.026604e-15
5116.706700000124 3.9922005e-15
5119.050400000125 3.9522854e-15
5121.394100000125 3.9359677e-15
5123.737800000125 3.923526e-15
5126.081500000126 3.9146847e-15
5128.425200000126 3.906437e-15
5130.768900000126 3.8698187e-15
5133.112600000127 3.8285034e-15
5135.456300000127 3.8463004e-15
5137.8000000001275 3.8739048e-15
5140.143700000128 3.8523634e-15
5142.487400000128 3.8226372e-15
5144.831100000129 3.822109e-15
5147.174800000129 3.826461e-15
5149.518500000129 3.8380545e-15
5151.86220000013 3.8508604e-15
5154.20590000013 3.8601506e-15
5156.54960000013 3.8688497e-15
5158.893300000131 3.8570327e-15
5161.237000000131 3.8417594e-15
5163.580700000131 3.9085747e-15
5165.924400000132 3.989271e-15
5168.268100000132 4.0186225e-15
5170.6118000001325 4.0392613e-15
5172.955500000133 4.0863106e-15
5175.299200000133 4.137851e-15
5177.6429000001335 4.1739547e-15
5179.986600000134 4.2074244e-15
5182.330300000134 4.2433267e-15
5184.674000000135 4.2796467e-15
5187.017700000135 4.3150916e-15
5189.361400000135 4.3503866e-15
5191.705100000136 4.4148933e-15
5194.048800000136 4.4844334e-15
5196.392500000136 4.5428698e-15
5198.736200000137 4.5993864e-15
5201.079900000137 4.6866032e-15
5203.423600000137 4.7791395e-15
5205.767300000138 4.8642764e-15
5208.111000000138 4.9481263e-15
5210.4547000001385 5.012221e-15
5212.798400000139 5.072867e-15
5215.142100000139 5.1739114e-15
5217.4858000001395 5.2820216e-15
5219.82950000014 5.3751694e-15
5222.17320000014 5.4656914e-15
5224.516900000141 5.5297292e-15
5226.860600000141 5.5891024e-15
5229.204300000141 5.702504e-15
5231.548000000142 5.825442e-15
5233.891700000142 5.9510155e-15
5236.235400000142 6.0770565e-15
5238.579100000143 6.224769e-15
5240.922800000143 6.376328e-15
5243.266500000143 6.4801595e-15
5245.610200000144 6.575491e-15
5247.953900000144 6.71747e-15
5250.2976000001445 6.8677876e-15
5252.641300000145 6.9518607e-15
5254.985000000145 7.02407e-15
5257.328700000146 7.089015e-15
5259.672400000146 7.152654e-15
5262.016100000146 7.223981e-15
5264.359800000147 7.296694e-15
5266.703500000147 7.386256e-15
5269.047200000147 7.478864e-15
5271.390900000148 7.576776e-15
5273.734600000148 7.67565e-15
5276.078300000148 7.701718e-15
5278.422000000149 7.714534e-15
5280.765700000149 7.771721e-15
5283.109400000149 7.837001e-15
5285.45310000015 7.974777e-15
5287.79680000015 8.125821e-15
5290.1405000001505 8.197922e-15
5292.484200000151 8.2555465e-15
5294.827900000151 8.2939975e-15
5297.171600000152 8.328922e-15
5299.515300000152 8.396467e-15
5301.859000000152 8.4700356e-15
5304.202700000153 8.535356e-15
5306.546400000153 8.5991505e-15
5308.890100000153 8.6786886e-15
5311.233800000154 8.761149e-15
5313.577500000154 8.808325e-15
5315.921200000154 8.848926e-15
5318.264900000155 8.8746615e-15
5320.608600000155 8.897619e-15
5322.952300000155 8.9015455e-15
5325.296000000156 8.901908e-15
5327.639700000156 8.881952e-15
5329.9834000001565 8.858177e-15
5332.327100000157 8.847097e-15
5334.670800000157 8.838408e-15
5337.014500000158 8.7565224e-15
5339.358200000158 8.660806e-15
5341.701900000158 8.638655e-15
5344.045600000159 8.63045e-15
5346.389300000159 8.585089e-15
5348.733000000159 8.532669e-15
5351.07670000016 8.426895e-15
5353.42040000016 8.310952e-15
5355.76410000016 8.225614e-15
5358.107800000161 8.146132e-15
5360.451500000161 8.117578e-15
5362.7952000001615 8.098785e-15
5365.138900000162 8.083443e-15
5367.482600000162 8.0687656e-15
5369.8263000001625 8.018774e-15
5372.170000000163 7.96197e-15
5374.513700000163 7.915085e-15
5376.857400000164 7.870117e-15
5379.201100000164 7.825562e-15
5381.544800000164 7.781089e-15
5383.888500000165 7.7551e-15
5386.232200000165 7.7327035e-15
5388.575900000165 7.798081e-15
5390.919600000166 7.880566e-15
5393.263300000166 7.859745e-15
5395.607000000166 7.818721e-15
5397.950700000167 7.7872965e-15
5400.294400000167 7.757754e-15
5402.6381000001675 7.817579e-15
5404.981800000168 7.894976e-15
5407.325500000168 7.995905e-15
5409.6692000001685 8.101476e-15
5412.012900000169 8.12398e-15
5414.356600000169 8.130065e-15
5416.70030000017 8.185442e-15
5419.04400000017 8.250592e-15
5421.38770000017 8.283926e-15
5423.731400000171 8.31093e-15
5426.075100000171 8.310681e-15
5428.418800000171 8.305e-15
5430.762500000172 8.342103e-15
5433.106200000172 8.387762e-15
5435.449900000172 8.43363e-15
5437.793600000173 8.47954e-15
5440.137300000173 8.473771e-15
5442.4810000001735 8.457617e-15
5444.824700000174 8.517508e-15
5447.168400000174 8.592733e-15
5449.5121000001745 8.641348e-15
5451.855800000175 8.684577e-15
5454.199500000175 8.676848e-15
5456.543200000176 8.658788e-15
5458.886900000176 8.590813e-15
5461.230600000176 8.512685e-15
5463.574300000177 8.481788e-15
5465.918000000177 8.460525e-15
5468.261700000177 8.472805e-15
5470.605400000178 8.49194e-15
5472.949100000178 8.463454e-15
5475.292800000178 8.425205e-15
5477.636500000179 8.3941905e-15
5479.980200000179 8.364662e-15
5482.3239000001795 8.316015e-15
5484.66760000018 8.263427e-15
5487.01130000018 8.237793e-15
5489.355000000181 8.21773e-15
5491.698700000181 8.210051e-15
5494.042400000181 8.204935e-15
5496.386100000182 8.14166e-15
5498.729800000182 8.066301e-15
5501.073500000182 8.0157404e-15
5503.417200000183 7.9703505e-15
5505.760900000183 7.92058e-15
5508.104600000183 7.869893e-15
5510.448300000184 7.80664e-15
5512.792000000184 7.7407554e-15
5515.135700000184 7.700469e-15
5517.479400000185 7.665563e-15
5519.823100000185 7.640111e-15
5522.1668000001855 7.616651e-15
5524.510500000186 7.539721e-15
5526.854200000186 7.451497e-15
5529.197900000187 7.375811e-15
5531.541600000187 7.302778e-15
5533.885300000187 7.285322e-15
5536.229000000188 7.27966e-15
5538.572700000188 7.21103e-15
5540.916400000188 7.128994e-15
5543.260100000189 7.0533268e-15
5545.603800000189 6.9790195e-15
5547.947500000189 6.9064657e-15
5550.29120000019 6.834287e-15
5552.63490000019 6.8113778e-15
5554.97860000019 6.7990445e-15
5557.322300000191 6.7319087e-15
5559.666000000191 6.6529737e-15
5562.0097000001915 6.585878e-15
5564.353400000192 6.521336e-15
5566.697100000192 6.417925e-15
5569.040800000193 6.3061044e-15
5571.384500000193 6.234204e-15
5573.728200000193 6.1709565e-15
5576.071900000194 6.1447815e-15
5578.415600000194 6.1266672e-15
5580.759300000194 6.0940476e-15
5583.103000000195 6.0582647e-15
5585.446700000195 6.0249924e-15
5587.790400000195 5.9922685e-15
5590.134100000196 5.89169e-15
5592.477800000196 5.776241e-15
5594.8215000001965 5.686637e-15
5597.165200000197 5.6027147e-15
5599.508900000197 5.5656163e-15
5601.8526000001975 5.5388306e-15
5604.196300000198 5.505968e-15
5606.540000000198 5.4717634e-15
5608.883700000199 5.39612e-15
5611.227400000199 5.311295e-15
5613.571100000199 5.258471e-15
5615.9148000002 5.21275e-15
5618.2585000002 5.172158e-15
5620.6022000002 5.1327084e-15
5622.945900000201 5.0696853e-15
5625.289600000201 5.0014047e-15
5627.633300000201 4.916585e-15
5629.977000000202 4.828065e-15
5632.320700000202 4.7864193e-15
5634.6644000002025 4.7552904e-15
5637.008100000203 4.7126266e-15
5639.351800000203 4.6673705e-15
5641.6955000002035 4.581172e-15
5644.039200000204 4.4857433e-15
5646.382900000204 4.4491604e-15
5648.726600000205 4.4258865e-15
5651.070300000205 4.411187e-15
5653.414000000205 4.3984303e-15
5655.757700000206 4.325675e-15
5658.101400000206 4.239288e-15
5660.445100000206 4.16293e-15
5662.788800000207 4.0888584e-15
5665.132500000207 4.067545e-15
5667.476200000207 4.058276e-15
5669.819900000208 4.034825e-15
5672.163600000208 4.008127e-15
5674.5073000002085 3.9602128e-15
5676.851000000209 3.9074257e-15
5679.194700000209 3.8922036e-15
5681.53840000021 3.8856256e-15
5683.88210000021 3.8431393e-15
5686.22580000021 3.7923673e-15
5688.569500000211 3.7070384e-15
5690.913200000211 3.6137115e-15
5693.256900000211 3.569534e-15
5695.600600000212 3.5367513e-15
5697.944300000212 3.5037486e-15
5700.288000000212 3.4706946e-15
5702.631700000213 3.4221694e-15
5704.975400000213 3.37004e-15
5707.319100000213 3.3327134e-15
5709.662800000214 3.2988444e-15
5712.006500000214 3.2827008e-15
5714.3502000002145 3.2707102e-15
5716.693900000215 3.2565459e-15
5719.037600000215 3.2418712e-15
5721.381300000216 3.1845633e-15
5723.725000000216 3.1172189e-15
5726.068700000216 3.122859e-15
5728.412400000217 3.145733e-15
5730.756100000217 3.1247757e-15
5733.099800000217 3.0934541e-15
5735.443500000218 3.0964604e-15
5737.787200000218 3.1076085e-15
5740.130900000218 3.134892e-15
5742.474600000219 3.1660143e-15
5744.818300000219 3.1611306e-15
5747.162000000219 3.1476672e-15
5749.50570000022 3.1503262e-15
5751.84940000022 3.1568386e-15
5754.1931000002205 3.2048788e-15
5756.536800000221 3.262871e-15
5758.880500000221 3.2958855e-15
5761.224200000222 3.322904e-15
5763.567900000222 3.3853304e-15
5765.911600000222 3.4562824e-15
5768.255300000223 3.4739388e-15
5770.599000000223 3.4787419e-15
5772.942700000223 3.5097644e-15
5775.286400000224 3.5471296e-15
5777.630100000224 3.65448e-15
5779.973800000224 3.778806e-15
5782.317500000225 3.8468433e-15
5784.661200000225 3.9011877e-15
5787.0049000002255 3.9706008e-15
5789.348600000226 4.043686e-15
5791.692300000226 4.109585e-15
5794.0360000002265 4.1737273e-15
5796.379700000227 4.2302973e-15
5798.723400000227 4.285013e-15
5801.067100000228 4.3622176e-15
5803.410800000228 4.4449426e-15
5805.754500000228 4.5482578e-15
5808.098200000229 4.6566424e-15
5810.441900000229 4.7583965e-15
5812.785600000229 4.8585153e-15
5815.12930000023 4.9142577e-15
5817.47300000023 4.9590255e-15
5819.81670000023 5.0384095e-15
5822.160400000231 5.1263798e-15
5824.504100000231 5.2368197e-15
5826.8478000002315 5.352842e-15
5829.191500000232 5.4263497e-15
5831.535200000232 5.489266e-15
5833.8789000002325 5.5718115e-15
5836.222600000233 5.6592613e-15
5838.566300000233 5.774373e-15
5840.910000000234 5.8964073e-15
5843.253700000234 5.96778e-15
5845.597400000234 6.026438e-15
5847.941100000235 6.11794e-15
5850.284800000235 6.217698e-15
5852.628500000235 6.3357704e-15
5854.972200000236 6.4584585e-15
5857.315900000236 6.5578125e-15
5859.659600000236 6.6512678e-15
5862.003300000237 6.749116e-15
5864.347000000237 6.8480776e-15
5866.6907000002375 6.9368216e-15
5869.034400000238 7.022972e-15
5871.378100000238 7.077943e-15
5873.7218000002385 7.1249735e-15
5876.065500000239 7.216242e-15
5878.409200000239 7.3187916e-15
5880.75290000024 7.314648e-15
5883.09660000024 7.283219e-15
5885.44030000024 7.300742e-15
5887.784000000241 7.33082e-15
5890.127700000241 7.39507e-15
5892.471400000241 7.468098e-15
5894.815100000242 7.455484e-15
5897.158800000242 7.420807e-15
5899.502500000242 7.431708e-15
5901.846200000243 7.454381e-15
5904.189900000243 7.45701e-15
5906.5336000002435 7.454454e-15
5908.877300000244 7.447156e-15
5911.221000000244 7.438629e-15
5913.564700000245 7.4074175e-15
5915.908400000245 7.370304e-15
5918.252100000245 7.36538e-15
5920.595800000246 7.368846e-15
5922.939500000246 7.32098e-15
5925.283200000246 7.259703e-15
5927.626900000247 7.223729e-15
5929.970600000247 7.1943845e-15
5932.314300000247 7.179803e-15
5934.658000000248 7.1690954e-15
5937.001700000248 7.117443e-15
5939.345400000248 7.055016e-15
5941.689100000249 6.9284737e-15
5944.032800000249 6.7850312e-15
5946.3765000002495 6.695325e-15
5948.72020000025 6.6198196e-15
5951.06390000025 6.542798e-15
5953.407600000251 6.4653754e-15
5955.751300000251 6.3365633e-15
5958.095000000251 6.194111e-15
5960.438700000252 6.0955024e-15
5962.782400000252 6.008564e-15
5965.126100000252 5.919809e-15
5967.469800000253 5.8305695e-15
5969.813500000253 5.7376055e-15
5972.157200000253 5.6436463e-15
5974.500900000254 5.564511e-15
5976.844600000254 5.489349e-15
5979.1883000002545 5.4051968e-15
5981.532000000255 5.3186283e-15
5983.875700000255 5.231438e-15
5986.2194000002555 5.1440806e-15
5988.563100000256 5.0435615e-15
5990.906800000256 4.9394887e-15
5993.250500000257 4.857929e-15
5995.594200000257 4.7824564e-15
5997.937900000257 4.72138e-15
6000.281600000258 4.6642056e-15
6002.625300000258 4.672364e-15
6004.969000000258 4.6982813e-15
6007.312700000259 4.7163747e-15
6009.656400000259 4.732338e-15
6012.000100000259 4.743938e-15
6014.34380000026 4.7543472e-15
6016.68750000026 4.741094e-15
6019.0312000002605 4.7213638e-15
6021.374900000261 4.7021374e-15
6023.718600000261 4.6830495e-15
6026.0623000002615 4.684804e-15
6028.406000000262 4.6922877e-15
6030.749700000262 4.694403e-15
6033.093400000263 4.695039e-15
6035.437100000263 4.6676284e-15
6037.780800000263 4.6324766e-15
6040.124500000264 4.618217e-15
6042.468200000264 4.6097413e-15
6044.811900000264 4.5745895e-15
6047.155600000265 4.5320345e-15
6049.499300000265 4.5359847e-15
6051.843000000265 4.552859e-15
6054.186700000266 4.520067e-15
6056.530400000266 4.473434e-15
6058.8741000002665 4.3949986e-15
6061.217800000267 4.3076767e-15
6063.561500000267 4.282545e-15
6065.9052000002675 4.2748177e-15
6068.248900000268 4.248336e-15
6070.592600000268 4.216592e-15
6072.936300000269 4.1676e-15
6075.280000000269 4.1137553e-15
6077.623700000269 4.062846e-15
6079.96740000027 4.0127644e-15
6082.31110000027 3.9999636e-15
6084.65480000027 3.997696e-15
6086.998500000271 4.016011e-15
6089.342200000271 4.04015e-15
6091.685900000271 4.0666196e-15
6094.029600000272 4.0937505e-15
6096.373300000272 4.1334064e-15
6098.7170000002725 4.176624e-15
6101.060700000273 4.2385783e-15
6103.404400000273 4.3058695e-15
6105.748100000274 4.3898067e-15
6108.091800000274 4.4784987e-15
6110.435500000274 4.517252e-15
6112.779200000275 4.541703e-15
6115.122900000275 4.527608e-15
6117.466600000275 4.5024566e-15
6119.810300000276 4.4742512e-15
6122.154000000276 4.4451675e-15
6124.497700000276 4.390067e-15
6126.841400000277 4.3274655e-15
6129.185100000277 4.2568513e-15
6131.528800000277 4.183924e-15
6133.872500000278 4.105239e-15
6136.216200000278 4.024888e-15
6138.5599000002785 3.9039084e-15
6140.903600000279 3.7711347e-15
6143.247300000279 3.6417305e-15
6145.59100000028 3.513306e-15
6147.93470000028 3.4148908e-15
6150.27840000028 3.3252216e-15
6152.622100000281 3.2426573e-15
6154.965800000281 3.1621694e-15
6157.309500000281 3.1074285e-15
6159.653200000282 3.0602225e-15
6161.996900000282 3.0001437e-15
6164.340600000282 2.9362876e-15
6166.684300000283 2.9249985e-15
6169.028000000283 2.9291719e-15
6171.371700000283 2.8879878e-15
6173.715400000284 2.8334423e-15
6176.059100000284 2.8005779e-15
6178.4028000002845 2.774117e-15
6180.746500000285 2.7654764e-15
6183.090200000285 2.762107e-15
6185.433900000286 2.754587e-15
6187.777600000286 2.7458356e-15
6190.121300000286 2.7149075e-15
6192.465000000287 2.677386e-15
6194.808700000287 2.6928308e-15
6197.152400000287 2.7240453e-15
6199.496100000288 2.7393128e-15
6201.839800000288 2.7498198e-15
6204.183500000288 2.7736634e-15
6206.527200000289 2.8014986e-15
6208.870900000289 2.8252964e-15
6211.2146000002895 2.847884e-15
6213.55830000029 2.8601586e-15
6215.90200000029 2.8693347e-15
6218.2457000002905 2.9098313e-15
6220.589400000291 2.9597637e-15
6222.933100000291 3.0369913e-15
6225.276800000292 3.1224538e-15
6227.620500000292 3.1756883e-15
6229.964200000292 3.2191741e-15
6232.307900000293 3.2837214e-15
6234.651600000293 3.3546488e-15
6236.995300000293 3.4196238e-15
6239.339000000294 3.4827913e-15
6241.682700000294 3.5142264e-15
6244.026400000294 3.5360009e-15
6246.370100000295 3.5390646e-15
6248.713800000295 3.5364238e-15
6251.0575000002955 3.532816e-15
6253.401200000296 3.5289127e-15
6255.744900000296 3.5286262e-15
6258.0886000002965 3.529448e-15
6260.432300000297 3.5575032e-15
6262.776000000297 3.5939167e-15
6265.119700000298 3.604439e-15
6267.463400000298 3.6069954e-15
6269.807100000298 3.598031e-15
6272.150800000299 3.5855125e-15
6274.494500000299 3.57842e-15
6276.838200000299 3.5730027e-15
6279.1819000003 3.5812185e-15
6281.5256000003 3.5936563e-15
6283.8693000003 3.6128907e-15
6286.213000000301 3.6342355e-15
6288.556700000301 3.6496744e-15
6290.9004000003015 3.6632773e-15
6293.244100000302 3.6984427e-15
6295.587800000302 3.7403285e-15
6297.931500000303 3.7828525e-15
6300.275200000303 3.8255764e-15
6302.618900000303 3.88108e-15
6304.962600000304 3.940583e-15
6307.306300000304 4.026063e-15
6309.650000000304 4.119692e-15
6311.993700000305 4.1801504e-15
6314.337400000305 4.230177e-15
6316.681100000305 4.2594153e-15
6319.024800000306 4.2821065e-15
6321.368500000306 4.3543766e-15
6323.712200000306 4.4423003e-15
6326.055900000307 4.5103945e-15
6328.399600000307 4.57222e-15
6330.7433000003075 4.5927693e-15
6333.087000000308 4.6002347e-15
6335.430700000308 4.6516983e-15
6337.774400000309 4.7171413e-15
6340.118100000309 4.780623e-15
6342.461800000309 4.8434805e-15
6344.80550000031 4.8705762e-15
6347.14920000031 4.886265e-15
6349.49290000031 4.9325384e-15
6351.836600000311 4.9885925e-15
6354.180300000311 5.0316468e-15
6356.524000000311 5.070538e-15
6358.867700000312 5.1296125e-15
6361.211400000312 5.195167e-15
6363.555100000312 5.200232e-15
6365.898800000313 5.1858313e-15
6368.242500000313 5.1972896e-15
6370.5862000003135 5.2170805e-15
6372.929900000314 5.2917723e-15
6375.273600000314 5.3842018e-15
6377.617300000315 5.4513177e-15
6379.961000000315 5.510235e-15
6382.304700000315 5.5360693e-15
6384.648400000316 5.551173e-15
6386.992100000316 5.6090712e-15
6389.335800000316 5.6808823e-15
6391.679500000317 5.7215276e-15
6394.023200000317 5.7520152e-15
6396.366900000317 5.7662738e-15
6398.710600000318 5.775236e-15
6401.054300000318 5.7671627e-15
6403.3980000003185 5.7535166e-15
6405.741700000319 5.7714737e-15
6408.085400000319 5.7997858e-15
6410.4291000003195 5.800817e-15
6412.77280000032 5.7928892e-15
6415.11650000032 5.8004698e-15
6417.460200000321 5.8131566e-15
6419.803900000321 5.8311764e-15
6422.147600000321 5.850954e-15
6424.491300000322 5.8431683e-15
6426.835000000322 5.8262717e-15
6429.178700000322 5.8329204e-15
6431.522400000323 5.8473704e-15
6433.866100000323 5.870694e-15
6436.209800000323 5.8969616e-15
6438.553500000324 5.8852595e-15
6440.897200000324 5.8609306e-15
6443.2409000003245 5.8560076e-15
6445.584600000325 5.8575543e-15
6447.928300000325 5.8768467e-15
6450.2720000003255 5.9020637e-15
6452.615700000326 5.921167e-15
6454.959400000326 5.938224e-15
6457.303100000327 5.9306943e-15
6459.646800000327 5.9149166e-15
6461.990500000327 5.8893176e-15
6464.334200000328 5.860419e-15
6466.677900000328 5.8681003e-15
6469.021600000328 5.888099e-15
6471.365300000329 5.900601e-15
6473.709000000329 5.9105743e-15
6476.052700000329 5.9294504e-15
6478.39640000033 5.9513356e-15
6480.74010000033 5.966621e-15
6483.0838000003305 5.9796706e-15
6485.427500000331 5.9655573e-15
6487.771200000331 5.942229e-15
6490.1149000003315 5.9150733e-15
6492.458600000332 5.886616e-15
6494.802300000332 5.889673e-15
6497.146000000333 5.903474e-15
6499.489700000333 5.912422e-15
6501.833400000333 5.919713e-15
6504.177100000334 5.9434125e-15
6506.520800000334 5.9727283e-15
6508.864500000334 5.9797316e-15
6511.208200000335 5.9790815e-15
6513.551900000335 5.949158e-15
6515.895600000335 5.9091797e-15
6518.239300000336 5.9384692e-15
6520.583000000336 5.9916095e-15
6522.9267000003365 5.987637e-15
6525.270400000337 5.9639505e-15
6527.614100000337 5.9715425e-15
6529.957800000338 5.9899455e-15
6532.301500000338 5.941201e-15
6534.645200000338 5.869196e-15
6536.988900000339 5.844945e-15
6539.332600000339 5.8372776e-15
6541.676300000339 5.850223e-15
6544.02000000034 5.870337e-15
6546.36370000034 5.8725815e-15
6548.70740000034 5.8685975e-15
6551.051100000341 5.8395523e-15
6553.394800000341 5.80176e-15
6555.738500000341 5.806855e-15
6558.082200000342 5.8269544e-15
6560.425900000342 5.792416e-15
6562.7696000003425 5.7387177e-15
6565.113300000343 5.750205e-15
6567.457000000343 5.7845824e-15
6569.800700000344 5.7396147e-15
6572.144400000344 5.6667173e-15
6574.488100000344 5.609943e-15
6576.831800000345 5.5588574e-15
6579.175500000345 5.534908e-15
6581.519200000345 5.5205444e-15
6583.862900000346 5.541047e-15
6586.206600000346 5.573896e-15
6588.550300000346 5.5623125e-15
6590.894000000347 5.5349563e-15
6593.237700000347 5.474854e-15
6595.5814000003475 5.4031126e-15
6597.925100000348 5.373358e-15
6600.268800000348 5.358564e-15
6602.6125000003485 5.3040166e-15
6604.956200000349 5.235273e-15
6607.299900000349 5.1964794e-15
6609.64360000035 5.168395e-15
6611.98730000035 5.1555728e-15
6614.33100000035 5.1482214e-15
6616.674700000351 5.088392e-15
6619.018400000351 5.009708e-15
6621.362100000351 4.9597315e-15
6623.705800000352 4.920083e-15
6626.049500000352 4.870419e-15
6628.393200000352 4.817144e-15
6630.736900000353 4.733571e-15
6633.080600000353 4.639047e-15
6635.4243000003535 4.5785405e-15
6637.768000000354 4.530345e-15
6640.111700000354 4.485845e-15
6642.4554000003545 4.442685e-15
6644.799100000355 4.4122535e-15
6647.142800000355 4.3864452e-15
6649.486500000356 4.3540496e-15
6651.830200000356 4.3192548e-15
6654.173900000356 4.262327e-15
6656.517600000357 4.1973223e-15
6658.861300000357 4.167657e-15
6661.205000000357 4.1509053e-15
6663.548700000358 4.0899723e-15
6665.892400000358 4.0128576e-15
6668.236100000358 3.9527555e-15
6670.579800000359 3.8989e-15
6672.923500000359 3.88321e-15
6675.2672000003595 3.88155e-15
6677.61090000036 3.8377225e-15
6679.95460000036 3.77836e-15
6682.2983000003605 3.7186174e-15
6684.642000000361 3.6587347e-15
6686.985700000361 3.6165067e-15
6689.329400000362 3.580807e-15
6691.673100000362 3.566715e-15
6694.016800000362 3.5606326e-15
6696.360500000363 3.5124826e-15
6698.704200000363 3.4487194e-15
6701.047900000363 3.398304e-15
6703.391600000364 3.3528535e-15
6705.735300000364 3.3566611e-15
6708.079000000364 3.378834e-15
6710.422700000365 3.3565118e-15
6712.766400000365 3.3175792e-15
6715.1101000003655 3.2626684e-15
6717.453800000366 3.2017786e-15
6719.797500000366 3.171831e-15
6722.141200000367 3.1534893e-15
6724.484900000367 3.155006e-15
6726.828600000367 3.1639874e-15
6729.172300000368 3.1376684e-15
6731.516000000368 3.098063e-15
6733.859700000368 3.0555064e-15
6736.203400000369 3.0118363e-15
6738.547100000369 2.9917485e-15
6740.890800000369 2.980569e-15
6743.23450000037 2.9578683e-15
6745.57820000037 2.930805e-15
6747.92190000037 2.8789286e-15
6750.265600000371 2.8176367e-15
6752.609300000371 2.8096805e-15
6754.9530000003715 2.8219892e-15
6757.296700000372 2.7992463e-15
6759.640400000372 2.7631549e-15
6761.984100000373 2.745519e-15
6764.327800000373 2.7349284e-15
6766.671500000373 2.7245067e-15
6769.015200000374 2.7141496e-15
6771.358900000374 2.706235e-15
6773.702600000374 2.699256e-15
6776.046300000375 2.6677157e-15
6778.390000000375 2.626745e-15
6780.733700000375 2.598981e-15
6783.077400000376 2.5762941e-15
6785.421100000376 2.5730009e-15
6787.764800000376 2.5771808e-15
6790.108500000377 2.5624106e-15
6792.452200000377 2.540329e-15
6794.7959000003775 2.5439688e-15
6797.139600000378 2.5575554e-15
6799.483300000378 2.541996e-15
6801.827000000379 2.5151415e-15
6804.170700000379 2.4904916e-15
6806.514400000379 2.4666974e-15
6808.85810000038 2.4603709e-15
6811.20180000038 2.4608384e-15
6813.54550000038 2.4347433e-15
6815.889200000381 2.3982927e-15
6818.232900000381 2.3843584e-15
6820.576600000381 2.379213e-15
6822.920300000382 2.4010773e-15
6825.264000000382 2.4335064e-15
6827.6077000003825 2.4352881e-15
6829.951400000383 2.4250538e-15
6832.295100000383 2.387832e-15
6834.6388000003835 2.3400158e-15
6836.982500000384 2.3238529e-15
6839.326200000384 2.320145e-15
6841.669900000385 2.3285776e-15
6844.013600000385 2.3417935e-15
6846.357300000385 2.3302111e-15
6848.701000000386 2.3088382e-15
6851.044700000386 2.2851585e-15
6853.388400000386 2.2605662e-15
6855.732100000387 2.2853516e-15
6858.075800000387 2.3297218e-15
6860.419500000387 2.3771334e-15
6862.763200000388 2.4257529e-15
6865.106900000388 2.4125332e-15
6867.4506000003885 2.3746986e-15
6869.794300000389 2.3567337e-15
6872.138000000389 2.3466944e-15
6874.4817000003895 2.3289658e-15
6876.82540000039 2.3081658e-15
6879.16910000039 2.302557e-15
6881.512800000391 2.3030292e-15
6883.856500000391 2.3514835e-15
6886.200200000391 2.4191695e-15
6888.543900000392 2.4027142e-15
6890.887600000392 2.3524563e-15
6893.231300000392 2.318154e-15
6895.575000000393 2.290275e-15
6897.918700000393 2.3036603e-15
6900.262400000393 2.3336783e-15
6902.606100000394 2.3290617e-15
6904.949800000394 2.3104526e-15
6907.2935000003945 2.3132055e-15
6909.637200000395 2.3246084e-15
6911.980900000395 2.3423629e-15
6914.324600000396 2.3626923e-15
6916.668300000396 2.3555836e-15
6919.012000000396 2.3373252e-15
6921.355700000397 2.3348078e-15
6923.699400000397 2.3387005e-15
6926.043100000397 2.3451841e-15
6928.386800000398 2.352724e-15
6930.730500000398 2.3481805e-15
6933.074200000398 2.338699e-15
6935.417900000399 2.3610938e-15
6937.761600000399 2.3965306e-15
6940.105300000399 2.4036406e-15
6942.4490000004 2.3991342e-15
6944.7927000004 2.3798246e-15
6947.1364000004005 2.3544316e-15
6949.480100000401 2.357582e-15
6951.823800000401 2.3724764e-15
6954.167500000402 2.376959e-15
6956.511200000402 2.3771484e-15
6958.854900000402 2.3468223e-15
6961.198600000403 2.3038839e-15
6963.542300000403 2.3210833e-15
6965.886000000403 2.3631694e-15
6968.229700000404 2.3665529e-15
6970.573400000404 2.3538872e-15
6972.917100000404 2.3379844e-15
6975.260800000405 2.3207364e-15
6977.604500000405 2.3045797e-15
6979.948200000405 2.2888772e-15
6982.291900000406 2.2697567e-15
6984.635600000406 2.249211e-15
6986.9793000004065 2.226505e-15
6989.323000000407 2.2028964e-15
6991.666700000407 2.2171644e-15
6994.010400000408 2.247282e-15
6996.354100000408 2.2625692e-15
6998.697800000408 2.2716367e-15
7001.041500000409 2.2568234e-15
7003.385200000409 2.231972e-15
7005.728900000409 2.2332085e-15
7008.07260000041 2.2454238e-15
7010.41630000041 2.2456116e-15
7012.76000000041 2.240726e-15
7015.103700000411 2.2264123e-15
7017.447400000411 2.2081137e-15
7019.7911000004115 2.2164337e-15
7022.134800000412 2.2360185e-15
7024.478500000412 2.2277727e-15
7026.8222000004125 2.207723e-15
7029.165900000413 2.1940074e-15
7031.509600000413 2.182982e-15
7033.853300000414 2.1898112e-15
7036.197000000414 2.2042398e-15
7038.540700000414 2.2140632e-15
7040.884400000415 2.2219229e-15
7043.228100000415 2.210903e-15
7045.571800000415 2.1918216e-15
7047.915500000416 2.17064e-15
7050.259200000416 2.1485596e-15
7052.602900000416 2.1574727e-15
7054.946600000417 2.1796794e-15
7057.290300000417 2.1799875e-15
7059.6340000004175 2.1708914e-15
7061.977700000418 2.181294e-15
7064.321400000418 2.200089e-15
7066.6651000004185 2.2009247e-15
7069.008800000419 2.1940148e-15
7071.352500000419 2.1772103e-15
7073.69620000042 2.1561334e-15
7076.03990000042 2.164227e-15
7078.38360000042 2.1849444e-15
7080.727300000421 2.199517e-15
7083.071000000421 2.2114243e-15
7085.414700000421 2.2102596e-15
7087.758400000422 2.2034184e-15
7090.102100000422 2.2333559e-15
7092.445800000422 2.2792966e-15
7094.789500000423 2.2673187e-15
7097.133200000423 2.230083e-15
7099.4769000004235 2.198443e-15
7101.820600000424 2.1692467e-15
7104.164300000424 2.1763622e-15
7106.5080000004245 2.1993676e-15
7108.851700000425 2.2229855e-15
7111.195400000425 2.2468718e-15
7113.539100000426 2.2391975e-15
7115.882800000426 2.2176682e-15
7118.226500000426 2.200219e-15
7120.570200000427 2.1845649e-15
7122.913900000427 2.1954565e-15
7125.257600000427 2.2180413e-15
7127.601300000428 2.233185e-15
7129.945000000428 2.2450435e-15
7132.288700000428 2.2571188e-15
7134.632400000429 2.26929e-15
7136.976100000429 2.285443e-15
7139.3198000004295 2.3033598e-15
7141.66350000043 2.3500963e-15
7144.00720000043 2.4096254e-15
7146.350900000431 2.4276373e-15
7148.694600000431 2.4271801e-15
7151.038300000431 2.4410058e-15
7153.382000000432 2.4611931e-15
7155.725700000432 2.4890211e-15
7158.069400000432 2.5202595e-15
7160.413100000433 2.5507406e-15
7162.756800000433 2.5808833e-15
7165.100500000433 2.5858743e-15
7167.444200000434 2.5796024e-15
7169.787900000434 2.5787317e-15
7172.131600000434 2.580285e-15
7174.475300000435 2.6099594e-15
7176.819000000435 2.6522694e-15
7179.1627000004355 2.6656629e-15
7181.506400000436 2.6660347e-15
7183.850100000436 2.685268e-15
7186.193800000437 2.7130135e-15
7188.537500000437 2.7382057e-15
7190.881200000437 2.762245e-15
7193.224900000438 2.7798628e-15
7195.568600000438 2.7945735e-15
7197.912300000438 2.7572341e-15
7200.256000000439 2.6962782e-15
7202.599700000439 2.6629142e-15
7204.943400000439 2.6420847e-15
7207.28710000044 2.641275e-15
7209.63080000044 2.64958e-15
7211.9745000004405 2.6631419e-15
7214.318200000441 2.679102e-15
7216.661900000441 2.6772863e-15
7219.0056000004415 2.6673523e-15
7221.349300000442 2.6575608e-15
7223.693000000442 2.6478345e-15
7226.036700000443 2.6529917e-15
7228.380400000443 2.664976e-15
7230.724100000443 2.6784901e-15
7233.067800000444 2.6927072e-15
7235.411500000444 2.6626483e-15
7237.755200000444 2.6122157e-15
7240.098900000445 2.5843594e-15
7242.442600000445 2.5669143e-15
7244.786300000445 2.5647743e-15
7247.130000000446 2.569701e-15
7249.473700000446 2.5569233e-15
7251.8174000004465 2.5359538e-15
7254.161100000447 2.5360518e-15
7256.504800000447 2.5459096e-15
7258.8485000004475 2.5677592e-15
7261.192200000448 2.5951751e-15
7263.535900000448 2.5966866e-15
7265.879600000449 2.5861479e-15
7268.223300000449 2.5730466e-15
7270.567000000449 2.5587519e-15
7272.91070000045 2.5563382e-15
7275.25440000045 2.5594701e-15
7277.59810000045 2.5461342e-15
7279.941800000451 2.5250958e-15
7282.285500000451 2.5222422e-15
7284.629200000451 2.5279044e-15
7286.972900000452 2.5478904e-15
7289.316600000452 2.5745975e-15
7291.6603000004525 2.5936068e-15
7294.004000000453 2.6089966e-15
7296.347700000453 2.6106292e-15
7298.6914000004535 2.6057855e-15
7301.035100000454 2.6002387e-15
7303.378800000454 2.5943603e-15
7305.722500000455 2.5800952e-15
7308.066200000455 2.5618683e-15
7310.409900000455 2.5448004e-15
7312.753600000456 2.5282807e-15
7315.097300000456 2.534492e-15
7317.441000000456 2.551485e-15
7319.784700000457 2.5540286e-15
7322.128400000457 2.549704e-15
7324.472100000457 2.5328773e-15
7326.815800000458 2.510101e-15
7329.159500000458 2.5191804e-15
7331.5032000004585 2.5434517e-15
7333.846900000459 2.5651256e-15
7336.190600000459 2.5855581e-15
7338.53430000046 2.5976158e-15
7340.87800000046 2.605667e-15
7343.22170000046 2.6254299e-15
7345.565400000461 2.6508072e-15
7347.909100000461 2.643712e-15
7350.252800000461 2.621031e-15
7352.596500000462 2.610344e-15
7354.940200000462 2.6054263e-15
7357.283900000462 2.598414e-15
7359.627600000463 2.590392e-15
7361.971300000463 2.6005087e-15
7364.315000000463 2.6193778e-15
7366.658700000464 2.610271e-15
7369.002400000464 2.5876365e-15
7371.3461000004645 2.6006105e-15
7373.689800000465 2.6308394e-15
7376.033500000465 2.6330646e-15
7378.377200000466 2.6217044e-15
7380.720900000466 2.601154e-15
7383.064600000466 2.5761364e-15
7385.408300000467 2.5545053e-15
7387.752000000467 2.5345237e-15
7390.095700000467 2.534642e-15
7392.439400000468 2.5445624e-15
7394.783100000468 2.547215e-15
7397.126800000468 2.546316e-15
7399.470500000469 2.5412937e-15
7401.814200000469 2.5342542e-15
7404.157900000469 2.5192932e-15
7406.50160000047 2.500449e-15
7408.84530000047 2.544316e-15
7411.1890000004705 2.6189922e-15
7413.532700000471 2.6387315e-15
7415.876400000471 2.6314502e-15
7418.220100000472 2.599699e-15
7420.563800000472 2.5558868e-15
7422.907500000472 2.5257095e-15
7425.251200000473 2.5022673e-15
7427.594900000473 2.4886582e-15
7429.938600000473 2.4799115e-15
7432.282300000474 2.4710556e-15
7434.626000000474 2.4621452e-15
7436.969700000474 2.4486513e-15
7439.313400000475 2.432882e-15
7441.657100000475 2.4286506e-15
7444.0008000004755 2.4301549e-15
7446.344500000476 2.4326267e-15
7448.688200000476 2.4355806e-15
7451.0319000004765 2.4341823e-15
7453.375600000477 2.4306117e-15
7455.719300000477 2.4021143e-15
7458.063000000478 2.361162e-15
7460.406700000478 2.331647e-15
7462.750400000478 2.3078592e-15
7465.094100000479 2.3117526e-15
7467.437800000479 2.3295363e-15
7469.781500000479 2.3597677e-15
7472.12520000048 2.3962526e-15
7474.46890000048 2.3836223e-15
7476.81260000048 2.3462658e-15
7479.156300000481 2.2990518e-15
7481.500000000481 2.2468659e-15
7483.8437000004815 2.221364e-15
7486.187400000482 2.2093368e-15
7488.531100000482 2.2056062e-15
7490.8748000004825 2.206074e-15
7493.218500000483 2.1817057e-15
7495.562200000483 2.1447548e-15
7497.905900000484 2.1269273e-15
7500.249600000484 2.1188082e-15
7502.593300000484 2.1179042e-15
7504.937000000485 2.1206702e-15
7507.280700000485 2.1250017e-15
7509.624400000485 2.1301305e-15
7511.968100000486 2.0969635e-15
7514.311800000486 2.0442535e-15
7516.655500000486 2.0402502e-15
7518.999200000487 2.0611543e-15
7521.342900000487 2.062527e-15
7523.6866000004875 2.0538999e-15
7526.030300000488 2.0550618e-15
7528.374000000488 2.0612447e-15
7530.717700000489 2.0716018e-15
7533.061400000489 2.0841049e-15
7535.405100000489 2.0831484e-15
7537.74880000049 2.0752657e-15
7540.09250000049 2.0749059e-15
7542.43620000049 2.078426e-15
7544.779900000491 2.0859783e-15
7547.123600000491 2.0956127e-15
7549.467300000491 2.1305765e-15
7551.811000000492 2.178645e-15
7554.154700000492 2.1766259e-15
7556.498400000492 2.1486448e-15
7558.842100000493 2.1630733e-15
7561.185800000493 2.1995303e-15
7563.5295000004935 2.222043e-15
7565.873200000494 2.2373043e-15
7568.216900000494 2.2468567e-15
7570.560600000495 2.2534342e-15
7572.904300000495 2.2299817e-15
7575.248000000495 2.1908632e-15
7577.591700000496 2.1985854e-15
7579.935400000496 2.23079e-15
7582.279100000496 2.2142585e-15
7584.622800000497 2.1722007e-15
7586.966500000497 2.175578e-15
7589.310200000497 2.2027793e-15
7591.653900000498 2.2266823e-15
7593.997600000498 2.2488524e-15
7596.341300000498 2.2780525e-15
7598.685000000499 2.3109545e-15
7601.028700000499 2.307966e-15
7603.3724000004995 2.2860619e-15
7605.7161000005 2.3204675e-15
7608.0598000005 2.3846123e-15
7610.403500000501 2.3334244e-15
7612.747200000501 2.2211986e-15
7615.090900000501 2.166011e-15
7617.434600000502 2.141044e-15
7619.778300000502 2.1871735e-15
7622.122000000502 2.2710508e-15
7624.465700000503 2.2745573e-15
7626.809400000503 2.2353123e-15
7629.153100000503 2.199618e-15
7631.496800000504 2.1658143e-15
7633.840500000504 2.1581294e-15
7636.1842000005045 2.1643824e-15
7638.527900000505 2.1708626e-15
7640.871600000505 2.1774644e-15
7643.2153000005055 2.2010674e-15
7645.559000000506 2.233772e-15
7647.902700000506 2.254576e-15
7650.246400000507 2.2689967e-15
7652.590100000507 2.2769768e-15
7654.933800000507 2.2814983e-15
7657.277500000508 2.2574415e-15
7659.621200000508 2.2180077e-15
7661.964900000508 2.1918015e-15
7664.308600000509 2.1727274e-15
7666.652300000509 2.175521e-15
7668.996000000509 2.190118e-15
7671.33970000051 2.205918e-15
7673.68340000051 2.2223684e-15
7676.0271000005105 2.2179833e-15
7678.370800000511 2.2023073e-15
7680.714500000511 2.1912118e-15
7683.0582000005115 2.1826015e-15
7685.401900000512 2.1894252e-15
7687.745600000512 2.2046394e-15
7690.089300000513 2.2091854e-15
7692.433000000513 2.2079197e-15
7694.776700000513 2.190289e-15
7697.120400000514 2.163733e-15
7699.464100000514 2.162224e-15
7701.807800000514 2.1744e-15
7704.151500000515 2.1727676e-15
7706.495200000515 2.1635748e-15
7708.838900000515 2.1597398e-15
7711.182600000516 2.1588416e-15
7713.526300000516 2.1633507e-15
7715.8700000005165 2.1708302e-15
7718.213700000517 2.1438982e-15
7720.557400000517 2.0980447e-15
7722.9011000005175 2.0633386e-15
7725.244800000518 2.034773e-15
7727.588500000518 2.0304034e-15
7729.932200000519 2.03939e-15
7732.275900000519 2.0363083e-15
7734.619600000519 2.0265568e-15
7736.96330000052 2.033499e-15
7739.30700000052 2.049686e-15
7741.65070000052 2.071599e-15
7743.994400000521 2.0966899e-15
7746.338100000521 2.1087902e-15
7748.681800000521 2.1136756e-15
7751.025500000522 2.1171817e-15
7753.369200000522 2.1199198e-15
7755.7129000005225 2.116377e-15
7758.056600000523 2.1093316e-15
7760.400300000523 2.0939497e-15
7762.744000000524 2.0739134e-15
7765.087700000524 2.0396604e-15
7767.431400000524 1.997454e-15
7769.775100000525 1.9859204e-15
7772.118800000525 1.9915784e-15
7774.462500000525 2.007356e-15
7776.806200000526 2.0288118e-15
7779.149900000526 2.0297736e-15
7781.493600000526 2.0192126e-15
7783.837300000527 2.0112503e-15
7786.181000000527 2.0047508e-15
7788.524700000527 2.010024e-15
7790.868400000528 2.021937e-15
7793.212100000528 2.0219841e-15
7795.5558000005285 2.0153258e-15
7797.899500000529 2.0146384e-15
7800.243200000529 2.017332e-15
7802.58690000053 2.007017e-15
7804.93060000053 1.9893285e-15
7807.27430000053 1.9889771e-15
7809.618000000531 1.9984732e-15
7811.961700000531 2.0120173e-15
7814.305400000531 2.0278627e-15
7816.649100000532 2.0072536e-15
7818.992800000532 1.9658764e-15
7821.336500000532 1.9303131e-15
7823.680200000533 1.8980685e-15
7826.023900000533 1.8986237e-15
7828.3676000005335 1.9179231e-15
7830.711300000534 1.9151235e-15
7833.055000000534 1.899669e-15
7835.3987000005345 1.902741e-15
7837.742400000535 1.9164432e-15
7840.086100000535 1.8871375e-15
7842.429800000536 1.833127e-15
7844.773500000536 1.7725767e-15
7847.117200000536 1.7082629e-15
7849.460900000537 1.7784477e-15
7851.804600000537 1.9261923e-15
7854.148300000537 1.9483886e-15
7856.492000000538 1.898107e-15
7858.835700000538 1.8510224e-15
7861.179400000538 1.8057868e-15
7863.523100000539 1.8276127e-15
7865.866800000539 1.8882738e-15
7868.2105000005395 1.9307957e-15
7870.55420000054 1.9627937e-15
7872.89790000054 1.9560587e-15
7875.2416000005405 1.9268068e-15
7877.585300000541 1.915214e-15
7879.929000000541 1.9138985e-15
7882.272700000542 1.9201278e-15
7884.616400000542 1.9307568e-15
7886.960100000542 1.9338205e-15
7889.303800000543 1.9324637e-15
7891.647500000543 1.9201688e-15
7893.991200000543 1.901477e-15
7896.334900000544 1.8877586e-15
7898.678600000544 1.8769551e-15
7901.022300000544 1.8849289e-15
7903.366000000545 1.9039293e-15
7905.709700000545 1.8945237e-15
7908.0534000005455 1.8684192e-15
7910.397100000546 1.8474665e-15
7912.740800000546 1.8295488e-15
7915.0845000005465 1.8270649e-15
7917.428200000547 1.8336887e-15
7919.771900000547 1.8513813e-15
7922.115600000548 1.8756132e-15
7924.459300000548 1.8482649e-15
7926.803000000548 1.7903826e-15
7929.146700000549 1.7828642e-15
7931.490400000549 1.8052197e-15
7933.834100000549 1.8127848e-15
7936.17780000055 1.8115672e-15
7938.52150000055 1.779344e-15
7940.86520000055 1.7286752e-15
7943.208900000551 1.7125533e-15
7945.552600000551 1.7170244e-15
7947.8963000005515 1.718543e-15
7950.240000000552 1.7182998e-15
7952.583700000552 1.7239756e-15
7954.927400000553 1.7331905e-15
7957.271100000553 1.7363076e-15
7959.614800000553 1.7357747e-15
7961.958500000554 1.7222888e-15
7964.302200000554 1.7010337e-15
7966.645900000554 1.7020555e-15
7968.989600000555 1.7164632e-15
7971.333300000555 1.7047323e-15
7973.677000000555 1.6772776e-15
7976.020700000556 1.6433124e-15
7978.364400000556 1.6054232e-15
7980.708100000556 1.6084304e-15
7983.051800000557 1.6361376e-15
7985.395500000557 1.6342404e-15
7987.7392000005575 1.614444e-15
7990.082900000558 1.5973667e-15
7992.426600000558 1.5819365e-15
7994.770300000559 1.587821e-15
7997.114000000559 1.6066418e-15
7999.457700000559 1.6254069e-15
8001.80140000056 1.6441381e-15
8004.14510000056 1.6408369e-15
8006.48880000056 1.6241223e-15
8008.832500000561 1.5949325e-15
8011.176200000561 1.5581397e-15
8013.519900000561 1.5468486e-15
8015.863600000562 1.5511281e-15
8018.207300000562 1.5736266e-15
8020.551000000562 1.6072712e-15
8022.894700000563 1.6116386e-15
8025.238400000563 1.5980751e-15
8027.5821000005635 1.5767081e-15
8029.925800000564 1.5505523e-15
8032.269500000564 1.5336467e-15
8034.613200000565 1.5224293e-15
8036.956900000565 1.5277477e-15
8039.300600000565 1.5432523e-15
8041.644300000566 1.523211e-15
8043.988000000566 1.4812492e-15
8046.331700000566 1.4732691e-15
8048.675400000567 1.4862865e-15
8051.019100000567 1.5000517e-15
8053.362800000567 1.5142794e-15
8055.706500000568 1.5062128e-15
8058.050200000568 1.4843279e-15
8060.3939000005685 1.4689479e-15
8062.737600000569 1.457607e-15
8065.081300000569 1.4544331e-15
8067.4250000005695 1.4563357e-15
8069.76870000057 1.45598e-15
8072.11240000057 1.4542176e-15
8074.456100000571 1.4362575e-15
8076.799800000571 1.408189e-15
8079.143500000571 1.394067e-15
8081.487200000572 1.3886581e-15
8083.830900000572 1.4107499e-15
8086.174600000572 1.4500536e-15
8088.518300000573 1.4793206e-15
8090.862000000573 1.5022933e-15
8093.205700000573 1.4888329e-15
8095.549400000574 1.4524999e-15
8097.893100000574 1.4493732e-15
8100.2368000005745 1.4671344e-15
8102.580500000575 1.4528325e-15
8104.924200000575 1.4183398e-15
8107.2679000005755 1.4002521e-15
8109.611600000576 1.3925154e-15
8111.955300000576 1.4038276e-15
8114.299000000577 1.4271807e-15
8116.642700000577 1.4428336e-15
8118.986400000577 1.4536139e-15
8121.330100000578 1.4390276e-15
8123.673800000578 1.4083578e-15
8126.017500000578 1.410883e-15
8128.361200000579 1.4344966e-15
8130.704900000579 1.4383738e-15
8133.048600000579 1.429699e-15
8135.39230000058 1.4183809e-15
8137.73600000058 1.4053787e-15
8140.0797000005805 1.3919574e-15
8142.423400000581 1.3782684e-15
8144.767100000581 1.4018226e-15
8147.110800000582 1.4491776e-15
8149.454500000582 1.4697452e-15
8151.798200000582 1.4731602e-15
8154.141900000583 1.4956745e-15
8156.485600000583 1.5304426e-15
8158.829300000583 1.540501e-15
8161.173000000584 1.5346916e-15
8163.516700000584 1.5001208e-15
8165.860400000584 1.4470442e-15
8168.204100000585 1.4005537e-15
8170.547800000585 1.3583096e-15
8172.891500000585 1.3153592e-15
8175.235200000586 1.2719528e-15
8177.578900000586 1.223805e-15
8179.9226000005865 1.1725908e-15
8182.266300000587 1.133154e-15
8184.610000000587 1.1013471e-15
8186.953700000588 1.0667862e-15
8189.297400000588 1.0304395e-15
8191.641100000588 1.01784e-15
8193.984800000588 1.0206714e-15
8196.328500000587 1.0153679e-15
8198.672200000587 1.004768e-15
8201.015900000586 9.558553e-16
8203.359600000585 8.8194913e-16
8205.703300000585 7.520848e-16
8208.047000000584 5.857093e-16
8210.390700000584 5.219851e-16
8212.734400000583 5.2535763e-16
8215.078100000583 5.9951986e-16
8217.421800000582 7.2004376e-16
8219.765500000582 7.5130065e-16
8222.109200000581 7.239798e-16
8224.45290000058 7.143665e-16
8226.79660000058 7.163958e-16
8229.14030000058 6.899118e-16
8231.484000000579 6.4467704e-16
8233.827700000578 6.1983383e-16
8236.171400000578 6.0842424e-16
8238.515100000577 6.2837324e-16
8240.858800000577 6.690214e-16
8243.202500000576 6.5832835e-16
8245.546200000575 6.1367955e-16
8247.889900000575 5.683375e-16
8250.233600000574 5.2253605e-16
8252.577300000574 5.1397054e-16
8254.921000000573 5.3012404e-16
8257.264700000573 5.4182305e-16
8259.608400000572 5.5056443e-16
8261.952100000572 5.49038e-16
8264.295800000571 5.406809e-16
8266.63950000057 5.316909e-16
8268.98320000057 5.222791e-16
8271.32690000057 5.2098604e-16
8273.670600000569 5.251154e-16
8276.014300000568 5.465615e-16
8278.358000000568 5.7959585e-16
8280.701700000567 6.10106e-16
8283.045400000567 6.3892415e-16
8285.389100000566 6.593403e-16
8287.732800000565 6.7412303e-16
8290.076500000565 6.7503947e-16
8292.420200000564 6.666405e-16
8294.763900000564 6.532016e-16
8297.107600000563 6.363703e-16
8299.451300000563 6.4277836e-16
8301.795000000562 6.6485977e-16
8304.138700000562 6.9083097e-16
8306.482400000561 7.194302e-16
8308.82610000056 7.3326853e-16
8311.16980000056 7.371323e-16
8313.51350000056 7.2525364e-16
8315.857200000559 7.0271643e-16
8318.200900000558 6.826498e-16
8320.544600000558 6.6425917e-16
8322.888300000557 6.5665753e-16
8325.232000000557 6.5638923e-16
8327.575700000556 6.6478735e-16
8329.919400000555 6.790866e-16
8332.263100000555 7.0448736e-16
8334.606800000554 7.3746204e-16
8336.950500000554 7.374161e-16
8339.294200000553 7.1483805e-16
8341.637900000553 7.0458424e-16
8343.981600000552 7.027564e-16
8346.325300000552 7.143837e-16
8348.669000000551 7.3522815e-16
8351.01270000055 7.334686e-16
8353.35640000055 7.1619743e-16
8355.70010000055 7.0036803e-16
8358.043800000549 6.8552997e-16
8360.387500000548 6.8655525e-16
8362.731200000548 6.984896e-16
8365.074900000547 6.922979e-16
8367.418600000547 6.7361677e-16
8369.762300000546 6.589453e-16
8372.106000000545 6.4704196e-16
8374.449700000545 6.4201307e-16
8376.793400000544 6.4173937e-16
8379.137100000544 6.682246e-16
8381.480800000543 7.1325214e-16
8383.824500000543 7.3692735e-16
8386.168200000542 7.4577805e-16
8388.511900000542 7.278329e-16
8390.855600000541 6.9124776e-16
8393.19930000054 6.784613e-16
8395.54300000054 6.8223284e-16
8397.88670000054 6.851421e-16
8400.230400000539 6.8745025e-16
8402.574100000538 7.0103295e-16
8404.917800000538 7.2248903e-16
8407.261500000537 7.3986353e-16
8409.605200000537 7.543822e-16
8411.948900000536 7.7185136e-16
8414.292600000535 7.9138886e-16
8416.636300000535 7.9980387e-16
8418.980000000534 8.004201e-16
8421.323700000534 8.224728e-16
8423.667400000533 8.595852e-16
8426.011100000533 8.8073506e-16
8428.354800000532 8.90651e-16
8430.698500000532 8.811535e-16
8433.042200000531 8.579669e-16
8435.38590000053 8.606333e-16
8437.72960000053 8.815645e-16
8440.07330000053 9.222539e-16
8442.417000000529 9.769295e-16
8444.760700000528 1.017066e-15
8447.104400000528 1.0469091e-15
8449.448100000527 1.0609892e-15
8451.791800000527 1.0638896e-15
8454.135500000526 1.0843168e-15
8456.479200000525 1.117199e-15
8458.822900000525 1.1380809e-15
8461.166600000524 1.1504188e-15
8463.510300000524 1.155804e-15
8465.854000000523 1.1562295e-15
8468.197700000523 1.1961088e-15
8470.541400000522 1.2641375e-15
8472.885100000522 1.3049449e-15
8475.228800000521 1.3262929e-15
8477.57250000052 1.3239475e-15
8479.91620000052 1.304635e-15
8482.25990000052 1.3298051e-15
8484.603600000519 1.3868916e-15
8486.947300000518 1.4678307e-15
8489.291000000518 1.5659172e-15
8491.634700000517 1.6217678e-15
8493.978400000517 1.647197e-15
8496.322100000516 1.6692477e-15
8498.665800000515 1.6888647e-15
8501.009500000515 1.7188085e-15
8503.353200000514 1.7562048e-15
8505.696900000514 1.7769078e-15
8508.040600000513 1.7855406e-15
8510.384300000513 1.784283e-15
8512.728000000512 1.7758604e-15
8515.071700000512 1.820682e-15
8517.415400000511 1.9041512e-15
8519.75910000051 1.9495291e-15
8522.10280000051 1.96721e-15
8524.44650000051 1.9926336e-15
8526.790200000509 2.023688e-15
8529.133900000508 2.0655036e-15
8531.477600000508 2.115161e-15
8533.821300000507 2.1411597e-15
8536.165000000507 2.149887e-15
8538.508700000506 2.1812276e-15
8540.852400000505 2.2291089e-15
8543.196100000505 2.2605584e-15
8545.539800000504 2.2799656e-15
8547.883500000504 2.2900887e-15
8550.227200000503 2.2934076e-15
8552.570900000503 2.2775833e-15
8554.914600000502 2.2477027e-15
8557.258300000502 2.235563e-15
8559.602000000501 2.2364755e-15
8561.9457000005 2.2570914e-15
8564.2894000005 2.292231e-15
8566.6331000005 2.3114794e-15
8568.976800000499 2.3189922e-15
8571.320500000498 2.3088568e-15
8573.664200000498 2.2856653e-15
8576.007900000497 2.2925876e-15
8578.351600000497 2.321793e-15
8580.695300000496 2.3659782e-15
8583.039000000495 2.421269e-15
8585.382700000495 2.439665e-15
8587.726400000494 2.4306553e-15
8590.070100000494 2.4609149e-15
8592.413800000493 2.5203993e-15
8594.757500000493 2.5206953e-15
8597.101200000492 2.4768658e-15
8599.444900000492 2.427656e-15
8601.788600000491 2.3744343e-15
8604.13230000049 2.384465e-15
8606.47600000049 2.4417503e-15
8608.81970000049 2.4973625e-15
8611.163400000489 2.5517225e-15
8613.507100000488 2.530642e-15
8615.850800000488 2.4529856e-15
8618.194500000487 2.4272216e-15
8620.538200000487 2.4404423e-15
8622.881900000486 2.4632332e-15
8625.225600000485 2.4932277e-15
8627.569300000485 2.5004762e-15
8629.913000000484 2.490601e-15
8632.256700000484 2.5012739e-15
8634.600400000483 2.5274453e-15
8636.944100000483 2.5580154e-15
8639.287800000482 2.5919092e-15
8641.631500000482 2.6381587e-15
8643.975200000481 2.6937636e-15
8646.31890000048 2.7221543e-15
8648.66260000048 2.7299038e-15
8651.00630000048 2.733997e-15
8653.350000000479 2.735312e-15
8655.693700000478 2.7524418e-15
8658.037400000478 2.7815914e-15
8660.381100000477 2.780102e-15
8662.724800000477 2.7552807e-15
8665.068500000476 2.7294572e-15
8667.412200000475 2.7028692e-15
8669.755900000475 2.7069898e-15
8672.099600000474 2.7345809e-15
8674.443300000474 2.7536048e-15
8676.787000000473 2.7660683e-15
8679.130700000473 2.7772792e-15
8681.474400000472 2.7875295e-15
8683.818100000472 2.807488e-15
8686.161800000471 2.8348962e-15
8688.50550000047 2.855117e-15
8690.84920000047 2.869812e-15
8693.19290000047 2.8771638e-15
8695.536600000469 2.8788604e-15
8697.880300000468 2.8689806e-15
8700.224000000468 2.8501682e-15
8702.567700000467 2.8498176e-15
8704.911400000467 2.86374e-15
8707.255100000466 2.8982958e-15
8709.598800000465 2.9488059e-15
8711.942500000465 2.9782119e-15
8714.286200000464 2.991268e-15
8716.629900000464 2.9823727e-15
8718.973600000463 2.9564419e-15
8721.317300000463 2.935537e-15
8723.661000000462 2.9185403e-15
8726.004700000462 2.886886e-15
8728.348400000461 2.8438136e-15
8730.69210000046 2.8265898e-15
8733.03580000046 2.8295415e-15
8735.37950000046 2.8839558e-15
8737.723200000459 2.9785443e-15
8740.066900000458 2.9933543e-15
8742.410600000458 2.9457659e-15
8744.754300000457 2.8765368e-15
8747.098000000457 2.790352e-15
8749.441700000456 2.7467021e-15
8751.785400000455 2.7364414e-15
8754.129100000455 2.751529e-15
8756.472800000454 2.7865527e-15
8758.816500000454 2.8112539e-15
8761.160200000453 2.827821e-15
8763.503900000453 2.8325963e-15
8765.847600000452 2.8280785e-15
8768.191300000452 2.8336109e-15
8770.535000000451 2.8470778e-15
8772.87870000045 2.8309554e-15
8775.22240000045 2.791428e-15
8777.56610000045 2.798522e-15
8779.909800000449 2.8425634e-15
8782.253500000448 2.8776193e-15
8784.597200000448 2.9055405e-15
8786.940900000447 2.910879e-15
8789.284600000447 2.8982833e-15
8791.628300000446 2.9194805e-15
8793.972000000445 2.9675604e-15
8796.315700000445 2.9982506e-15
8798.659400000444 3.01508e-15
8801.003100000444 2.9545166e-15
8803.346800000443 2.8321506e-15
8805.690500000443 2.7858422e-15
8808.034200000442 2.8003858e-15
8810.377900000442 2.8361458e-15
8812.721600000441 2.88891e-15
8815.06530000044 2.901338e-15
8817.40900000044 2.8814322e-15
8819.75270000044 2.8482641e-15
8822.096400000439 2.8044443e-15
8824.440100000438 2.7448566e-15
8826.783800000438 2.6725808e-15
